fips,fct_date,horizon,avl_date,method,value,fct_std,fct_lb,fct_ub
1001,2021-03-28,0,2021-03-21,spatial,51.940900040674826,4.307692317516364,44.03502563843361,61.26616387571024
1001,2021-04-04,1,2021-03-21,spatial,52.12003302599268,3.8040114254662205,45.06085959882873,60.285087031521655
1001,2021-04-11,2,2021-03-21,spatial,52.15385359907714,3.781278252214925,45.13051791146062,60.27018015991431
1001,2021-04-18,3,2021-03-21,spatial,52.07669983337408,4.858090805705036,43.267028773860005,62.68012254111153
1003,2021-03-28,0,2021-03-21,spatial,124.56247392545951,11.39867476398232,103.82459124691073,149.44253306552218
1003,2021-04-04,1,2021-03-21,spatial,124.4565222742917,13.006330803996208,100.91852543766858,153.48446550755614
1003,2021-04-11,2,2021-03-21,spatial,123.59310864407922,11.457538910677792,102.91542038640236,148.42534235351002
1003,2021-04-18,3,2021-03-21,spatial,128.20037318718568,6.759627097414299,115.38200936844143,142.44279307748798
1005,2021-03-28,0,2021-03-21,spatial,12.017129461122689,0.6240403941084469,10.83330568771166,13.330317139411145
1005,2021-04-04,1,2021-03-21,spatial,12.053095335845478,0.3488101555499244,11.376534485669303,12.769891161318196
1005,2021-04-11,2,2021-03-21,spatial,11.980428048866802,0.9887525785393756,10.16649957432816,14.118001499405894
1005,2021-04-18,3,2021-03-21,spatial,11.985594675269695,0.9888075062993872,10.179678680590099,14.111887440392744
1007,2021-03-28,0,2021-03-21,spatial,6.456304141998897,0.31416185979176153,5.859558054972102,7.1138237360105085
1007,2021-04-04,1,2021-03-21,spatial,7.0154302215790745,0.5862410257537325,5.942738539706697,8.281747693425206
1007,2021-04-11,2,2021-03-21,spatial,6.9817656517818705,0.6689642002426968,5.774934694590216,8.440797029629442
1007,2021-04-18,3,2021-03-21,spatial,6.975302556682278,0.7004311253075024,5.714890461426842,8.513696996584358
1009,2021-03-28,0,2021-03-21,spatial,37.709742926039354,2.9999409012659464,32.18207267978389,44.18685911554918
1009,2021-04-04,1,2021-03-21,spatial,37.717294264626666,2.12199077103568,33.72056307220481,42.18773819399997
1009,2021-04-11,2,2021-03-21,spatial,42.07439044824614,2.0297669209994367,38.21606888114784,46.322250912226636
1009,2021-04-18,3,2021-03-21,spatial,38.04717662869716,3.3206151125412755,31.990047751330252,45.251187515188505
1011,2021-03-28,0,2021-03-21,spatial,8.006504758688303,0.5580484734934826,6.966972181344558,9.201144598014883
1011,2021-04-04,1,2021-03-21,spatial,8.023922064269438,0.6860199897374157,6.7712557163713605,9.508328734034613
1011,2021-04-11,2,2021-03-21,spatial,7.973303909720089,0.8497548238332243,6.444062379220369,9.865450005846943
1011,2021-04-18,3,2021-03-21,spatial,8.687173942662362,0.31288444132586324,8.083359662935143,9.336092201379193
1013,2021-03-28,0,2021-03-21,spatial,19.015213894295695,0.8532766870036614,17.384452514265128,20.798950047412568
1013,2021-04-04,1,2021-03-21,spatial,20.86685977602262,0.8441420376979584,19.24875487596194,22.620987160886727
1013,2021-04-11,2,2021-03-21,spatial,20.812766904288022,0.8357607295282212,19.206309038483678,22.5535924338342
1013,2021-04-18,3,2021-03-21,spatial,21.042801583270077,2.3746095622543817,16.837699830839277,26.29809908250409
1015,2021-03-28,0,2021-03-21,spatial,38.88722793646996,2.6528353990008124,33.961786236397145,44.52700120237827
1015,2021-04-04,1,2021-03-21,spatial,39.10357460732034,1.9686314636595224,35.357020211521245,43.24712710297933
1015,2021-04-11,2,2021-03-21,spatial,38.93482768526055,2.9987389744442163,33.424536887924305,45.35353210618774
1015,2021-04-18,3,2021-03-21,spatial,39.00330662458048,4.123758794205217,31.62388187794548,48.1047182481405
1017,2021-03-28,0,2021-03-21,spatial,18.003722196621915,1.794262613944855,14.790741068705321,21.91465670499423
1017,2021-04-04,1,2021-03-21,spatial,17.935066547162744,1.8092823385650405,14.674387174950152,21.92027566236332
1017,2021-04-11,2,2021-03-21,spatial,17.88978188675823,1.9549016936018333,14.402695195445409,22.22113928072234
1017,2021-04-18,3,2021-03-21,spatial,18.03551308091371,1.6879548221535936,14.965493737393839,21.73531577371501
1019,2021-03-28,0,2021-03-21,spatial,11.035818029934656,0.7916437123204467,9.563363450440171,12.734983901947727
1019,2021-04-04,1,2021-03-21,spatial,10.997724437014117,1.07002446411707,9.071307857978216,13.333241985181001
1019,2021-04-11,2,2021-03-21,spatial,11.035022462129811,0.8711915758258256,9.428184433480961,12.915712627266712
1019,2021-04-18,3,2021-03-21,spatial,11.025825248169754,0.954272342380723,9.282916334376157,13.095973078308205
1021,2021-03-28,0,2021-03-21,spatial,16.830083002189205,0.2491921488819101,16.338997638698622,17.335928440903956
1021,2021-04-04,1,2021-03-21,spatial,16.833461660418624,0.2614436768104981,16.318541183743008,17.364630102786418
1021,2021-04-11,2,2021-03-21,spatial,16.824450545426807,0.2492870454033821,16.33336750951092,17.330298604417322
1021,2021-04-18,3,2021-03-21,spatial,16.976731326830958,1.8010091385455589,13.772889639425141,20.925848829747327
1023,2021-03-28,0,2021-03-21,spatial,3.004255352653005,0.31726055910737033,2.4370637861807283,3.7034526035482744
1023,2021-04-04,1,2021-03-21,spatial,3.005538721571161,0.2986519104711564,2.467516488962294,3.660872398328944
1023,2021-04-11,2,2021-03-21,spatial,3.3725480984049403,0.1317574799198968,3.1189923078657613,3.646716488325597
1023,2021-04-18,3,2021-03-21,spatial,5.667258891834087,0.056297737514785964,5.555805374759249,5.780948247933234
1025,2021-03-28,0,2021-03-21,spatial,5.008827557916064,0.4508641116969229,4.188458549388093,5.989877471415977
1025,2021-04-04,1,2021-03-21,spatial,5.007795114761222,0.4360321939685699,4.211376882809208,5.954824896768208
1025,2021-04-11,2,2021-03-21,spatial,4.990669592767997,0.456960317501928,4.158197217341348,5.989803196516949
1025,2021-04-18,3,2021-03-21,spatial,4.9997763951686265,0.4421487157762016,4.195902812637498,5.957660393466562
1027,2021-03-28,0,2021-03-21,spatial,0.9796693075374088,0.025967191756349425,0.92915911344262,1.0329252958353454
1027,2021-04-04,1,2021-03-21,spatial,0.980138058038826,0.02591172315020073,0.9296621949870576,1.0333545001574416
1027,2021-04-11,2,2021-03-21,spatial,0.9997146206934272,0.08686270500577875,0.841561498558292,1.1875891714870033
1027,2021-04-18,3,2021-03-21,spatial,1.0494596623794543,0.042698585565929634,0.9673067611075736,1.1385897703232497
1029,2021-03-28,0,2021-03-21,spatial,7.991969815646493,0.7340271089366435,6.66137224945199,9.588351940466788
1029,2021-04-04,1,2021-03-21,spatial,8.018982333191358,0.6679631324903407,6.793581488631219,9.4654164033574
1029,2021-04-11,2,2021-03-21,spatial,7.9286483905336285,0.5811755219757346,6.854817389137277,9.170698755641585
1029,2021-04-18,3,2021-03-21,spatial,7.978743270393312,0.8353915413699938,6.485838380357051,9.815283767731199
1031,2021-03-28,0,2021-03-21,spatial,31.970546826933543,2.4626154746046343,27.4125162593726,37.28646632589517
1031,2021-04-04,1,2021-03-21,spatial,31.938284230258056,2.7749582045277488,26.880719009718923,37.947422433304055
1031,2021-04-11,2,2021-03-21,spatial,32.00031102939635,2.6937277384553524,27.071026925063354,37.827154057093786
1031,2021-04-18,3,2021-03-21,spatial,31.88221227751644,3.06154100834202,26.340707069017917,38.58952825545842
1033,2021-03-28,0,2021-03-21,spatial,36.0359921825182,2.641736279615112,31.129661394696804,41.71560737887561
1033,2021-04-04,1,2021-03-21,spatial,35.76855564716057,3.0996588429811136,30.096384274619645,42.50974341003927
1033,2021-04-11,2,2021-03-21,spatial,35.90009960780994,2.400633480567428,31.40780560316485,41.03493151144588
1033,2021-04-18,3,2021-03-21,spatial,36.05709810690591,2.9989987245448284,30.55375092844279,42.55170918084392
1035,2021-03-28,0,2021-03-21,spatial,3.9925405154029177,0.3562216498699885,3.3449371493849527,4.765524449410004
1035,2021-04-04,1,2021-03-21,spatial,3.32551312643222,0.11502557911489204,3.1031481531566487,3.56381229907547
1035,2021-04-11,2,2021-03-21,spatial,4.012185042228992,0.3028098394117627,3.4523377896584373,4.662819745306182
1035,2021-04-18,3,2021-03-21,spatial,4.004038098274179,0.3926364449747825,3.2951821024391097,4.865382426228853
1037,2021-03-28,0,2021-03-21,spatial,1.0028622358330024,0.0829272515641465,0.8506685180923094,1.1822850413171546
1037,2021-04-04,1,2021-03-21,spatial,0.9983959804298864,0.07073317052919842,0.8675019072974032,1.1490401638930647
1037,2021-04-11,2,2021-03-21,spatial,1.0003774362964095,0.07358020077240282,0.8638564708398523,1.1584737150582791
1037,2021-04-18,3,2021-03-21,spatial,1.0055839316808552,0.08427714199790731,0.8508486756539233,1.1884593260694276
1039,2021-03-28,0,2021-03-21,spatial,11.019025093277614,0.8869834037523793,9.382137050831183,12.941498653073394
1039,2021-04-04,1,2021-03-21,spatial,10.997447011000242,1.1353043069889963,8.955746335519013,13.504607681895571
1039,2021-04-11,2,2021-03-21,spatial,10.960297358186603,1.2022009234253692,8.827378601359529,13.60858343170768
1039,2021-04-18,3,2021-03-21,spatial,11.031759577309877,0.98597233388944,9.237953004601314,13.173883793406509
1041,2021-03-28,0,2021-03-21,spatial,8.025897453593839,0.6998605812045298,6.743895329468564,9.551605828478976
1041,2021-04-04,1,2021-03-21,spatial,7.9756495290533955,0.821065133211978,6.500395494212358,9.785710033631931
1041,2021-04-11,2,2021-03-21,spatial,7.952933202459115,0.8828349071753027,6.381291082555728,9.911653567360087
1041,2021-04-18,3,2021-03-21,spatial,7.970348927764963,0.6671597583062171,6.748589394972204,9.4132948846543
1043,2021-03-28,0,2021-03-21,spatial,61.943394232383156,5.253002999017527,52.35976703029387,73.28115281354235
1043,2021-04-04,1,2021-03-21,spatial,57.27527673905639,4.639167091783481,48.7497016378089,67.291844161591
1043,2021-04-11,2,2021-03-21,spatial,52.55701891038011,1.278382252261934,50.06026017472178,55.17830365054436
1043,2021-04-18,3,2021-03-21,spatial,52.539468168960504,1.2694526497879084,50.06101818743682,55.14062269252758
1045,2021-03-28,0,2021-03-21,spatial,19.990445503323386,1.4453083067176316,17.302455904232612,23.096022531898818
1045,2021-04-04,1,2021-03-21,spatial,20.01658258708348,1.905050552950992,16.574827759145613,24.173016111401612
1045,2021-04-11,2,2021-03-21,spatial,19.980787119076645,1.7830360650471708,16.726167843936196,23.868698294965053
1045,2021-04-18,3,2021-03-21,spatial,20.045674645556577,1.9787407916675228,16.4598394112963,24.412696986565784
1047,2021-03-28,0,2021-03-21,spatial,10.706268806523074,0.34597363986671936,10.036487198393273,11.420748065705602
1047,2021-04-04,1,2021-03-21,spatial,10.970609512290276,0.6801495122028682,9.69408687344114,12.41522534741133
1047,2021-04-11,2,2021-03-21,spatial,12.844493528788757,0.521840600111144,11.84327736566557,13.930351280076152
1047,2021-04-18,3,2021-03-21,spatial,12.86533592328079,0.531836882384754,11.848239017090142,13.969744210942595
1049,2021-03-28,0,2021-03-21,spatial,22.049931713514944,1.804917453925006,18.735872703741066,25.950191712905408
1049,2021-04-04,1,2021-03-21,spatial,21.998093712555583,1.3198921084508366,19.509886162347254,24.80363662604565
1049,2021-04-11,2,2021-03-21,spatial,21.969634559414786,1.837900515379496,18.579774942902638,25.97797035526568
1049,2021-04-18,3,2021-03-21,spatial,22.00211560309064,1.7123237059789667,18.84153316032715,25.692871535055012
1051,2021-03-28,0,2021-03-21,spatial,83.48252137396778,2.6887327557395686,78.2727271919853,89.03907689150519
1051,2021-04-04,1,2021-03-21,spatial,83.55125054141648,2.7608452998572663,78.2244012495785,89.24084244201435
1051,2021-04-11,2,2021-03-21,spatial,100.05282176301857,4.782736911876193,90.9569337113044,110.05831808837922
1051,2021-04-18,3,2021-03-21,spatial,108.4095827863878,3.646581913345556,101.36809630768794,115.94020276601894
1053,2021-03-28,0,2021-03-21,spatial,18.94824928416496,1.5392003104721397,16.126379385331873,22.26390328268152
1053,2021-04-04,1,2021-03-21,spatial,19.04126168880431,1.949557026729632,15.54567307046366,23.32286579410954
1053,2021-04-11,2,2021-03-21,spatial,19.185861187123926,1.920321594509959,15.735707251548215,23.39248332516936
1053,2021-04-18,3,2021-03-21,spatial,18.989247441383775,1.8583251878925808,15.644497899801836,23.04909500449151
1055,2021-03-28,0,2021-03-21,spatial,34.16105123742949,3.8074001559090562,27.374652385230217,42.62985353106865
1055,2021-04-04,1,2021-03-21,spatial,33.659259568067604,1.8235719201649307,30.20653311339882,37.50664634095351
1055,2021-04-11,2,2021-03-21,spatial,33.98732746541415,3.1750535190347997,28.23848339846231,40.906532122904174
1055,2021-04-18,3,2021-03-21,spatial,34.06165996792621,2.6839793310541658,29.148754394793325,39.80261605888265
1057,2021-03-28,0,2021-03-21,spatial,12.010076509210364,0.8464400768433599,10.436883295893745,13.820403435366256
1057,2021-04-04,1,2021-03-21,spatial,10.713276369185788,0.5791053853088893,9.620414039513646,11.930285961825087
1057,2021-04-11,2,2021-03-21,spatial,11.24451782251501,0.3335993305706088,10.59746266729264,11.931080583193927
1057,2021-04-18,3,2021-03-21,spatial,12.006394763761234,1.0118277373257671,10.153888889569002,14.196877353204126
1059,2021-03-28,0,2021-03-21,spatial,7.967140746595207,0.6430075502243975,6.785598412119452,9.354419141970919
1059,2021-04-04,1,2021-03-21,spatial,7.99480489586062,0.6019145152179414,6.8837067890496435,9.285245185712103
1059,2021-04-11,2,2021-03-21,spatial,7.989097787917242,0.6863421805837429,6.733439083255955,9.478913030284852
1059,2021-04-18,3,2021-03-21,spatial,7.969159241008179,0.735869716236417,6.634447929172146,9.57238638188703
1061,2021-03-28,0,2021-03-21,spatial,17.088397181135374,1.912781692369777,13.671543356463866,21.35920653626662
1061,2021-04-04,1,2021-03-21,spatial,14.673961362955012,0.5779864671297786,13.566382336522631,15.87196473903073
1061,2021-04-11,2,2021-03-21,spatial,17.015667126387633,1.6768393717747108,13.985053692357216,20.703025824938926
1061,2021-04-18,3,2021-03-21,spatial,16.98855705283022,1.6072411794118069,14.080499255489755,20.49721856451523
1063,2021-03-28,0,2021-03-21,spatial,7.00621285199888,0.7256504181677367,5.711433577519642,8.594517971936519
1063,2021-04-04,1,2021-03-21,spatial,7.0433501290541765,0.7722239083625455,5.669621048270295,8.749928896144176
1063,2021-04-11,2,2021-03-21,spatial,7.01509284100401,0.7704428922410695,5.642360217167583,8.72179826771313
1063,2021-04-18,3,2021-03-21,spatial,6.9680141768801525,0.6274795849501379,5.826981339500383,8.332482762569795
1065,2021-03-28,0,2021-03-21,spatial,11.977056449224026,1.1776973090873264,9.856767336290874,14.553440929841335
1065,2021-04-04,1,2021-03-21,spatial,12.03361644440091,1.1048969103251027,10.022182320705893,14.448741810631585
1065,2021-04-11,2,2021-03-21,spatial,12.034924845584008,1.1844495252837632,9.896867699673287,14.634874430385342
1065,2021-04-18,3,2021-03-21,spatial,12.014542405683743,0.8714769944444991,10.400375303210225,13.87923272090166
1067,2021-03-28,0,2021-03-21,spatial,11.059838794837134,1.1051347320702043,9.076663417511929,13.476321478638079
1067,2021-04-04,1,2021-03-21,spatial,9.631805001061206,0.5626644500664935,8.573901540771747,10.820239436773052
1067,2021-04-11,2,2021-03-21,spatial,8.014322942860687,0.29720851036752544,7.443122465648317,8.629358515716513
1067,2021-04-18,3,2021-03-21,spatial,10.994702038064844,0.9662653141157148,9.222097103628313,13.108024297235739
1069,2021-03-28,0,2021-03-21,spatial,49.03320694019549,4.737870459595537,40.51089818261577,59.348360335090256
1069,2021-04-04,1,2021-03-21,spatial,48.807343231806456,4.684866258429987,40.382751231485855,58.989461606816675
1069,2021-04-11,2,2021-03-21,spatial,48.9262596138336,4.254362124094491,41.19468727191149,58.108922250089186
1069,2021-04-18,3,2021-03-21,spatial,49.03793941156918,5.220899821837193,39.686513694214526,60.59286336565484
1071,2021-03-28,0,2021-03-21,spatial,14.995177146202732,1.1204242670802371,12.919568046672357,17.404245779247688
1071,2021-04-04,1,2021-03-21,spatial,15.010717621447736,1.5347437987713506,12.24200762062816,18.405612093490905
1071,2021-04-11,2,2021-03-21,spatial,14.944471093219313,0.978351413709488,13.12010813221298,17.022513382166547
1071,2021-04-18,3,2021-03-21,spatial,14.944012597741473,1.4334470939527724,12.351342202673914,18.080910467617763
1073,2021-03-28,0,2021-03-21,spatial,448.39016395795784,15.473080642972596,418.50217475720535,480.41265078463664
1073,2021-04-04,1,2021-03-21,spatial,454.1009832437884,36.35783065044579,387.3207479188452,532.3951894933905
1073,2021-04-11,2,2021-03-21,spatial,452.7606696050633,35.3149084494848,387.5160021814722,528.990345656044
1073,2021-04-18,3,2021-03-21,spatial,453.11734449586334,44.263321683090226,372.94231700125505,550.5283753634533
1075,2021-03-28,0,2021-03-21,spatial,16.91491841677885,0.17490883575345126,16.568594329810182,17.268481522992438
1075,2021-04-04,1,2021-03-21,spatial,16.919053381121845,0.17508819610033166,16.572729966326055,17.272613980610767
1075,2021-04-11,2,2021-03-21,spatial,16.916762580659555,0.16356423959083272,16.59290727546975,17.246938794955785
1075,2021-04-18,3,2021-03-21,spatial,16.909591130666385,0.1725443418168939,16.56820499425159,17.258011492827215
1077,2021-03-28,0,2021-03-21,spatial,79.31434962685869,3.6352385421498616,72.36557541354506,86.93036738507162
1077,2021-04-04,1,2021-03-21,spatial,70.00109827440694,6.1522725178343025,58.75626509189261,83.3979789552573
1077,2021-04-11,2,2021-03-21,spatial,70.08589852003273,5.645178562611653,59.68308164355934,82.30193609465546
1077,2021-04-18,3,2021-03-21,spatial,70.07021879070355,7.2383896855972285,57.12157472153609,85.95413528622399
1079,2021-03-28,0,2021-03-21,spatial,6.914572661187582,0.33908535731053724,6.269259315202187,7.6263100125570045
1079,2021-04-04,1,2021-03-21,spatial,7.017691261939659,0.6447033822330052,5.848417369247943,8.420738045622267
1079,2021-04-11,2,2021-03-21,spatial,7.002198973562972,0.6172193314572778,5.877988094609084,8.341423915154621
1079,2021-04-18,3,2021-03-21,spatial,7.007644549135537,0.8112155100412244,5.5686480834193315,8.818492637961
1081,2021-03-28,0,2021-03-21,spatial,106.84324218688951,8.52875316003362,91.1439845226638,125.2466464001007
1081,2021-04-04,1,2021-03-21,spatial,106.77929508566996,8.564605363206104,91.06634158264649,125.20342489705656
1081,2021-04-11,2,2021-03-21,spatial,106.7170872526632,11.024413579299711,86.96354297759119,130.9575981124313
1081,2021-04-18,3,2021-03-21,spatial,107.09061162708124,10.457593559451782,88.19419810977806,130.03575455595475
1083,2021-03-28,0,2021-03-21,spatial,45.95624360664182,4.105419288398628,38.46169988514339,54.911154024390925
1083,2021-04-04,1,2021-03-21,spatial,45.698312098829206,3.811784710775077,38.719938043533,53.934376814706525
1083,2021-04-11,2,2021-03-21,spatial,46.042816589260674,3.462850222482752,39.597457382242105,53.537300110158256
1083,2021-04-18,3,2021-03-21,spatial,46.15118368347638,5.1804752783287125,36.89449157322922,57.73034576607262
1085,2021-03-28,0,2021-03-21,spatial,3.0045054619961467,0.2652265011883678,2.5211959297879307,3.5804647169662784
1085,2021-04-04,1,2021-03-21,spatial,3.1434351165944268,0.18171217423740385,2.8009565022569896,3.5277892835097
1085,2021-04-11,2,2021-03-21,spatial,3.0081978812144685,0.27288402115765514,2.5132049423179232,3.6006830721083616
1085,2021-04-18,3,2021-03-21,spatial,3.0176226101655583,0.3103556551608138,2.4623389504583733,3.698128649464476
1087,2021-03-28,0,2021-03-21,spatial,15.945903363747034,1.2955433725706822,13.5731052944222,18.733504866454595
1087,2021-04-04,1,2021-03-21,spatial,16.00999310188334,1.485503603556541,13.312750048883734,19.253713784241324
1087,2021-04-11,2,2021-03-21,spatial,16.15048466261465,1.6133961125149814,13.236220878767408,19.70639181881355
1087,2021-04-18,3,2021-03-21,spatial,16.038327277323365,1.3492532708151574,13.562717435706945,18.96581146616853
1089,2021-03-28,0,2021-03-21,spatial,182.59016838435682,16.527254456180135,152.55358358194997,218.54071735206628
1089,2021-04-04,1,2021-03-21,spatial,178.65944407430692,8.867231798809371,161.78297080117912,197.29639528110192
1089,2021-04-11,2,2021-03-21,spatial,184.8418014431793,9.06887678178063,167.58308434658426,203.8779253525304
1089,2021-04-18,3,2021-03-21,spatial,182.24412712864876,16.384023616400142,152.38862871341527,217.94882041588474
1091,2021-03-28,0,2021-03-21,spatial,11.063243712484727,0.8929543828753473,9.415025690673646,13.000002916941114
1091,2021-04-04,1,2021-03-21,spatial,10.963864473682737,0.918506978139394,9.277183669613704,12.957199994973015
1091,2021-04-11,2,2021-03-21,spatial,10.949780190666996,1.259046541228745,8.720361057065608,13.74916536589699
1091,2021-04-18,3,2021-03-21,spatial,11.00434452522876,1.3737150501490294,8.593857198860858,14.09094840975293
1093,2021-03-28,0,2021-03-21,spatial,7.000986194771478,0.5666967164824855,5.957347992622425,8.227454189360687
1093,2021-04-04,1,2021-03-21,spatial,8.185195576744071,0.1745903457774758,7.844460220745296,8.540731260561525
1093,2021-04-11,2,2021-03-21,spatial,7.0156156313890925,0.7483136798158871,5.674095297309703,8.674310195446921
1093,2021-04-18,3,2021-03-21,spatial,6.927891910601488,0.2862241360410793,6.378174432239214,7.5249880408378065
1095,2021-03-28,0,2021-03-21,spatial,41.01576851008406,3.723143038581048,34.239366867205966,49.13330532650949
1095,2021-04-04,1,2021-03-21,spatial,40.85201684617829,3.8624431770683856,33.881247159856976,49.25696130742668
1095,2021-04-11,2,2021-03-21,spatial,41.08434102132202,3.536473891534383,34.625498263344284,48.74797943176968
1095,2021-04-18,3,2021-03-21,spatial,40.987410779255924,3.3957064851438226,34.723559602556186,48.38121038327514
1097,2021-03-28,0,2021-03-21,spatial,263.5724109784701,17.29819308100724,231.16505998966247,300.5229935359186
1097,2021-04-04,1,2021-03-21,spatial,263.43535235086244,18.4835072426566,229.14486659190442,302.85725314465714
1097,2021-04-11,2,2021-03-21,spatial,256.2509276182446,23.028438114216318,214.5140326517132,306.1083561457462
1097,2021-04-18,3,2021-03-21,spatial,257.1413631035382,21.705017093296853,217.48611796591462,304.0271316494257
1099,2021-03-28,0,2021-03-21,spatial,7.982069838236443,0.4187290519747995,7.190384216666409,8.860922724380178
1099,2021-04-04,1,2021-03-21,spatial,8.02860275858779,0.6408105272692494,6.841585364422394,9.42156807549319
1099,2021-04-11,2,2021-03-21,spatial,7.996286014804376,0.7127734102995739,6.6985380193865804,9.54545452239016
1099,2021-04-18,3,2021-03-21,spatial,7.9906979809178384,0.7481952081015142,6.629578747605285,9.631268690383774
1101,2021-03-28,0,2021-03-21,spatial,230.41926482943438,19.152130959433038,195.37228255939425,271.7531725023301
1101,2021-04-04,1,2021-03-21,spatial,229.35091812795375,26.12483584921285,183.66458444799898,286.40166967534526
1101,2021-04-11,2,2021-03-21,spatial,229.24196822380927,25.257183997825113,184.35789055241122,285.05359785610017
1101,2021-04-18,3,2021-03-21,spatial,228.95454386917797,19.806002953521432,192.60867421534272,272.1589947695495
1103,2021-03-28,0,2021-03-21,spatial,55.607338428810614,2.162087444382933,51.454132940717045,60.09577677071996
1103,2021-04-04,1,2021-03-21,spatial,56.03381624246143,4.217805480156229,48.19828265745451,65.14316256884979
1103,2021-04-11,2,2021-03-21,spatial,55.892421224706325,5.3788124250513825,46.177404316088,67.65132853670657
1103,2021-04-18,3,2021-03-21,spatial,55.95943143524703,4.332755456371465,47.97147229244168,65.27750383532637
1105,2021-03-28,0,2021-03-21,spatial,1.0007803589015782,0.07004708251889735,0.8701992080540824,1.150956375842766
1105,2021-04-04,1,2021-03-21,spatial,0.998574966015776,0.0778115995065778,0.8550545537449699,1.1661851964720615
1105,2021-04-11,2,2021-03-21,spatial,1.0028367247429768,0.10240697126957464,0.8188693111047225,1.2281343101458684
1105,2021-04-18,3,2021-03-21,spatial,0.9979190681126836,0.08025460369434352,0.8508303741045291,1.1704359609293191
1107,2021-03-28,0,2021-03-21,spatial,3.0005878462876248,0.18137289865672274,2.659132529552077,3.3858889405582313
1107,2021-04-04,1,2021-03-21,spatial,2.9961939847520886,0.2895452301393176,2.471733687961959,3.6319359314419652
1107,2021-04-11,2,2021-03-21,spatial,3.0024631745213832,0.2532547881792093,2.539368811643413,3.550010173009444
1107,2021-04-18,3,2021-03-21,spatial,2.9990327955850677,0.2750974082249049,2.4968561554302253,3.602208997676529
1109,2021-03-28,0,2021-03-21,spatial,42.09061402401219,3.3616571070667964,35.892540323769175,49.358996965315065
1109,2021-04-04,1,2021-03-21,spatial,42.08258592025988,3.6523606929511976,35.40115820125764,50.025031036220206
1109,2021-04-11,2,2021-03-21,spatial,41.76901688081922,4.238838848399284,34.107276864149085,51.15186351989311
1109,2021-04-18,3,2021-03-21,spatial,26.06523563205142,0.2606851600895222,25.549060602788078,26.591839094084843
1111,2021-03-28,0,2021-03-21,spatial,13.097744763138534,0.4822328642043636,12.166128383504052,14.10069929172598
1111,2021-04-04,1,2021-03-21,spatial,13.1221420848766,0.5210689579617166,12.121414657142944,14.2054882013479
1111,2021-04-11,2,2021-03-21,spatial,13.98345367095546,0.9979791259482732,12.13332037080534,16.11570209901077
1111,2021-04-18,3,2021-03-21,spatial,13.96262945336951,1.2931194876238128,11.605129973122265,16.79903815843699
1113,2021-03-28,0,2021-03-21,spatial,30.027325695926738,2.136208420125808,26.054104017425928,34.60645922984773
1113,2021-04-04,1,2021-03-21,spatial,30.018072694029932,2.202103057202014,25.93536819922277,34.74347004994784
1113,2021-04-11,2,2021-03-21,spatial,29.971974667879895,2.586553116147574,25.25803569418761,35.565682001896775
1113,2021-04-18,3,2021-03-21,spatial,29.855081105441805,2.319079968367688,25.58096657756805,34.84332248000792
1115,2021-03-28,0,2021-03-21,spatial,45.7433819003076,3.180339406023003,39.81297187229572,52.55716640267809
1115,2021-04-04,1,2021-03-21,spatial,46.11841668733737,3.265986824425997,40.049234316936094,53.10734135177827
1115,2021-04-11,2,2021-03-21,spatial,45.92201766155252,3.838841420216753,38.85288413275364,54.277352973396404
1115,2021-04-18,3,2021-03-21,spatial,63.901412402363356,2.1988798731074204,59.647534094544646,68.45866420134851
1117,2021-03-28,0,2021-03-21,spatial,157.945506446967,3.338259476763387,151.41726302513402,164.75521026058908
1117,2021-04-04,1,2021-03-21,spatial,169.13763162327197,12.034135897242722,146.8429610233927,194.81722672816682
1117,2021-04-11,2,2021-03-21,spatial,168.96171906480131,14.58269420763395,142.36452708105082,200.52792008419263
1117,2021-04-18,3,2021-03-21,spatial,169.39096149188862,15.113771416630893,141.84140345691083,202.291412351
1119,2021-03-28,0,2021-03-21,spatial,2.248294118409055,0.11017078501916856,2.039256579856739,2.4787594130150405
1119,2021-04-04,1,2021-03-21,spatial,1.95916418506596,0.07621363793634715,1.8124073159744871,2.1178044638279294
1119,2021-04-11,2,2021-03-21,spatial,1.9926818789530232,0.16929957284119407,1.682894433627353,2.359495041022288
1119,2021-04-18,3,2021-03-21,spatial,2.0015845244626744,0.16945025543944334,1.6894417283247185,2.3713991085926542
1121,2021-03-28,0,2021-03-21,spatial,90.15603764850435,7.4408076712591065,76.47957496862969,106.27819424745122
1121,2021-04-04,1,2021-03-21,spatial,89.87986321961986,7.495081043057723,76.07793357414495,106.1857155268872
1121,2021-04-11,2,2021-03-21,spatial,89.88396958428447,9.552071924694848,72.77985458809823,111.00775116895832
1121,2021-04-18,3,2021-03-21,spatial,89.98881109511532,6.7104189450201375,77.52959083839336,104.45026259963379
1123,2021-03-28,0,2021-03-21,spatial,12.970040196351695,1.1142332645449973,10.935046876296036,15.383742255338145
1123,2021-04-04,1,2021-03-21,spatial,13.027869820166767,1.1011440847645455,11.004914776401213,15.422690270638794
1123,2021-04-11,2,2021-03-21,spatial,13.022436472527527,1.0582201215912792,11.082974002334511,15.301294728769925
1123,2021-04-18,3,2021-03-21,spatial,12.953897129176537,1.1541688567612909,10.851964837609891,15.462955634700188
1125,2021-03-28,0,2021-03-21,spatial,189.12123480438285,14.889215522509403,161.64788309465558,221.26390255906202
1125,2021-04-04,1,2021-03-21,spatial,189.11728302834626,15.699818656176125,160.42684544489737,222.93866491508197
1125,2021-04-11,2,2021-03-21,spatial,189.5301904100473,21.492952257406905,151.25892640049983,237.4847814386583
1125,2021-04-18,3,2021-03-21,spatial,189.59623983387263,17.949443816454362,157.1842565266407,228.69169567914616
1127,2021-03-28,0,2021-03-21,spatial,30.111722832428914,2.785633776004943,25.057268649133018,36.185741735597865
1127,2021-04-04,1,2021-03-21,spatial,30.02097892675027,2.5170009473895045,25.39476496196348,35.489959330999845
1127,2021-04-11,2,2021-03-21,spatial,29.895828564131627,3.005595986651703,24.461203364068197,36.53788214069714
1127,2021-04-18,3,2021-03-21,spatial,30.146634256838322,2.9137801077856507,24.894322907421884,36.50710085168159
1129,2021-03-28,0,2021-03-21,spatial,6.919797189153996,0.4344874888968927,6.103730531074972,7.8449716767870505
1129,2021-04-04,1,2021-03-21,spatial,6.994891940343822,0.5697719995111893,5.947859783893706,8.226238518530849
1129,2021-04-11,2,2021-03-21,spatial,6.9250091703082335,0.4687159920327692,6.052151568797165,7.923752646264952
1129,2021-04-18,3,2021-03-21,spatial,9.001892795525166,0.3109656993125978,8.400911728527392,9.645866605996641
1131,2021-03-28,0,2021-03-21,spatial,1.000911129170596,0.07448623287095338,0.8631889084127512,1.1606069989241743
1131,2021-04-04,1,2021-03-21,spatial,0.9955782693554012,0.08535102943190806,0.8392589606577677,1.1810134140669328
1131,2021-04-11,2,2021-03-21,spatial,1.0012477505335486,0.09522496311113356,0.8296914232227319,1.208276992974736
1131,2021-04-18,3,2021-03-21,spatial,1.002182508321824,0.11214526070666292,0.803115961112316,1.2505912329212965
1133,2021-03-28,0,2021-03-21,spatial,11.71945785708017,0.3657951934001579,11.010398231206969,12.474180277566788
1133,2021-04-04,1,2021-03-21,spatial,12.780379744137935,0.3663253377285591,12.06884266333502,13.533866581970631
1133,2021-04-11,2,2021-03-21,spatial,12.792730880039132,0.3715928083066125,12.071515577577895,13.557035346339116
1133,2021-04-18,3,2021-03-21,spatial,18.440131423614584,0.19291966071732006,18.05829584722788,18.83004076336346
2013,2021-03-28,0,2021-03-21,spatial,0.9995429309387536,0.06772121729866468,0.8737109153499842,1.143497297832691
2013,2021-04-04,1,2021-03-21,spatial,1.0005208476093932,0.06163188068112229,0.8847208964165292,1.131477701674772
2013,2021-04-11,2,2021-03-21,spatial,1.0641358332058446,0.061089916109458325,0.9481572837644112,1.1943008727590612
2013,2021-04-18,3,2021-03-21,spatial,0.9985622335552634,0.08451182603937582,0.8440845815610194,1.1813111577501236
2016,2021-03-28,0,2021-03-21,spatial,5.008334194285712,0.5804652582692974,3.9840247632205794,6.295997864575207
2016,2021-04-04,1,2021-03-21,spatial,4.6685851850518665,0.341166155569255,4.035736932069471,5.4006710538759615
2016,2021-04-11,2,2021-03-21,spatial,4.9952909865538455,0.18175993399135898,4.644023139716344,5.373128274694644
2016,2021-04-18,3,2021-03-21,spatial,4.986123159304464,0.3359145465767654,4.362090040415507,5.69942938577769
2020,2021-03-28,0,2021-03-21,spatial,481.4858489431707,6.956245682935128,467.7704065395345,495.6034402593878
2020,2021-04-04,1,2021-03-21,spatial,485.4384804291191,30.493447106080012,428.3247953550959,550.1678185265223
2020,2021-04-11,2,2021-03-21,spatial,486.12959211771914,15.131590679941715,456.77951671433283,517.3655378254064
2020,2021-04-18,3,2021-03-21,spatial,486.0909518410118,20.736065883399405,446.4132746223655,529.2952223734409
2050,2021-03-28,0,2021-03-21,spatial,65.30496066081264,3.523122512386862,58.63864311831851,72.72913662591205
2050,2021-04-04,1,2021-03-21,spatial,64.90035802205598,3.4829499571767486,58.30388618581764,72.24315130499183
2050,2021-04-11,2,2021-03-21,spatial,64.93460536958852,3.3771947600001,58.54011080735953,72.02758785987993
2050,2021-04-18,3,2021-03-21,spatial,47.871099999637096,0.9605891265737098,45.987678626239976,49.83165673136789
2060,2021-03-28,0,2021-03-21,spatial,1.0000812724501071,0.01010568789845206,0.9800830730932494,1.0204875269897302
2060,2021-04-04,1,2021-03-21,spatial,1.0001164703993248,0.00978567215911041,0.980732947890862,1.0198830951025741
2060,2021-04-11,2,2021-03-21,spatial,1.000597914587425,0.009423686821587536,0.9819254145721202,1.01962549478667
2060,2021-04-18,3,2021-03-21,spatial,0.9998138127378664,0.010091153625742241,0.9798378692465168,1.02019700556188
2068,2021-03-28,0,2021-03-21,spatial,4.0019150133255055,0.10363870593346522,3.800294706856072,4.214232055473752
2068,2021-04-04,1,2021-03-21,spatial,4.005881626149772,0.28168704163416103,3.4824517762686114,4.607985589945059
2068,2021-04-11,2,2021-03-21,spatial,3.999156829600415,0.31510263759435125,3.4183131970462077,4.678698067093311
2068,2021-04-18,3,2021-03-21,spatial,4.0016061990733744,0.3220565844782673,3.4089136608607715,4.697347532239678
2070,2021-03-28,0,2021-03-21,spatial,0.9995525927926988,0.03693467972183048,0.928406625286873,1.0761506419128448
2070,2021-04-04,1,2021-03-21,spatial,0.9986379578324248,0.04867282335431998,0.9058463933836974,1.1009347479968272
2070,2021-04-11,2,2021-03-21,spatial,1.0009592657518145,0.05681427584967581,0.8938471936497817,1.1209068606048262
2070,2021-04-18,3,2021-03-21,spatial,0.9726972979205548,0.04848696592356745,0.8807712921369338,1.0742176111194726
2090,2021-03-28,0,2021-03-21,spatial,75.13625243600113,3.76816173858109,68.00233003871011,83.01857343583411
2090,2021-04-04,1,2021-03-21,spatial,74.76273035651656,0.7673669111196545,73.24339266776538,76.31358470401854
2090,2021-04-11,2,2021-03-21,spatial,74.74422600131403,0.756328563943923,73.24690624689856,76.2721540989598
2090,2021-04-18,3,2021-03-21,spatial,74.90231770296661,3.1820884563706056,68.81278391634514,81.53074004528851
2100,2021-03-28,0,2021-03-21,spatial,1.0003262337879428,0.009942739760536421,0.98063883476148,1.020408878919993
2100,2021-04-04,1,2021-03-21,spatial,1.0003748469590847,0.0098779870896295,0.9808002606942904,1.0203400983193047
2100,2021-04-11,2,2021-03-21,spatial,0.9999348081351672,0.009688094408576318,0.9807502889614064,1.019494596916361
2100,2021-04-18,3,2021-03-21,spatial,1.0000959271318175,0.01010203716272106,0.9800937985810017,1.0205062667611478
2110,2021-03-28,0,2021-03-21,spatial,4.004555012482087,0.20081990175637204,3.623400313354164,4.425804344304022
2110,2021-04-04,1,2021-03-21,spatial,3.9917997003861934,0.1951736748783328,3.6188351774150296,4.403202706619385
2110,2021-04-11,2,2021-03-21,spatial,3.9956714305452232,0.2952485499835517,3.4478616719824613,4.630519347864525
2110,2021-04-18,3,2021-03-21,spatial,4.003458881339652,0.16547186381011406,3.6854055802127057,4.348960423957542
2122,2021-03-28,0,2021-03-21,spatial,21.982017417669137,0.7373072696503189,20.557384835956444,23.50537744010803
2122,2021-04-04,1,2021-03-21,spatial,21.401339451176003,0.5982150769854674,20.23807619620441,22.631465850018007
2122,2021-04-11,2,2021-03-21,spatial,22.764935065989388,0.5763610684859677,21.641276789406348,23.946935922579154
2122,2021-04-18,3,2021-03-21,spatial,22.021498502077765,0.9815483479641528,20.14261730539951,24.075639671067805
2130,2021-03-28,0,2021-03-21,spatial,3.9991542441604575,0.18466741036607748,3.645829501083159,4.386720405832222
2130,2021-04-04,1,2021-03-21,spatial,4.00104850616737,0.10599342336006244,3.7949729873463953,4.218314386447816
2130,2021-04-11,2,2021-03-21,spatial,4.006265566280248,0.18275097260554032,3.6577062536044407,4.388040666673649
2130,2021-04-18,3,2021-03-21,spatial,3.997979666163369,0.1755692540623163,3.662552422580233,4.364126315984659
2150,2021-03-28,0,2021-03-21,spatial,3.4847441403591466,0.03566384563030819,3.4141570707933613,3.5567905846070484
2150,2021-04-04,1,2021-03-21,spatial,3.486339936300801,0.03344526282106744,3.4200344717854523,3.5539308892113297
2150,2021-04-11,2,2021-03-21,spatial,3.4843299054595542,0.03589738940164255,3.41333051605035,3.5568061261550272
2150,2021-04-18,3,2021-03-21,spatial,3.4858690089928763,0.035077891217833584,3.4163908988104725,3.5567600745242114
2164,2021-03-28,0,2021-03-21,spatial,0.9996121030973848,0.009454403474059393,0.980887563694154,1.0186940824242523
2164,2021-04-04,1,2021-03-21,spatial,1.0001540994924771,0.00987788068771491,0.9805940292456271,1.0201043376749366
2164,2021-04-11,2,2021-03-21,spatial,0.9998452446112728,0.009845344156037614,0.9803343257056324,1.019744475898272
2164,2021-04-18,3,2021-03-21,spatial,0.999884093261822,0.009925383648540748,0.9802435163846144,1.019918197108218
2170,2021-03-28,0,2021-03-21,spatial,335.64920061975005,17.425413537198505,302.63529736506274,372.26452716378725
2170,2021-04-04,1,2021-03-21,spatial,334.9314886755425,15.82079162884214,304.76747168910066,368.08095524331816
2170,2021-04-11,2,2021-03-21,spatial,322.4259774768385,4.724785979984038,313.1185763183581,332.0100396924285
2170,2021-04-18,3,2021-03-21,spatial,334.2153714694913,25.550230290981933,286.9979077386652,389.201145773515
2180,2021-03-28,0,2021-03-21,spatial,3.9982507940436,0.4628595066835424,3.178740780793321,5.029038387987281
2180,2021-04-04,1,2021-03-21,spatial,3.986076944447052,0.2995589333426233,3.4297371101193166,4.632661016546424
2180,2021-04-11,2,2021-03-21,spatial,4.249910550887104,0.14767617687205253,3.964630247105288,4.5557185827679705
2180,2021-04-18,3,2021-03-21,spatial,4.06207252012705,0.18310146142069492,3.711364191654352,4.4459213126740345
2185,2021-03-28,0,2021-03-21,spatial,7.001385166176242,0.15261682719255273,6.702866818171955,7.31319830378512
2185,2021-04-04,1,2021-03-21,spatial,7.010760564345744,0.4347190869878528,6.193342874919081,7.936063719260438
2185,2021-04-11,2,2021-03-21,spatial,7.599412853170862,0.07589565169038882,7.449248092881367,7.752604691489125
2185,2021-04-18,3,2021-03-21,spatial,8.050710703618861,0.07843709109313306,7.8953611425598975,8.209116931204596
2188,2021-03-28,0,2021-03-21,spatial,1.0666229445867674,0.018235058626001558,1.0307850083807841,1.1037068803572203
2188,2021-04-04,1,2021-03-21,spatial,1.0017945260108063,0.06197324507048212,0.8856462322186023,1.1331751164696449
2188,2021-04-11,2,2021-03-21,spatial,1.5027297143420388,0.04723782952777663,1.4112034779750922,1.600192055653624
2188,2021-04-18,3,2021-03-21,spatial,1.6524056096228186,0.04446235452003261,1.5657449545659292,1.74386274772951
2220,2021-03-28,0,2021-03-21,spatial,2.768794927967201,0.028513837605849825,2.7123345011846167,2.8264306448148853
2220,2021-04-04,1,2021-03-21,spatial,2.9982343425104827,0.0983847592257387,2.8080195265894194,3.2013342811499883
2220,2021-04-11,2,2021-03-21,spatial,3.1254106146802716,0.05743136359079859,3.0126581383408566,3.242382992627134
2220,2021-04-18,3,2021-03-21,spatial,3.1230083631731667,0.056664479666929474,3.0117397998932622,3.2383877374782513
2240,2021-03-28,0,2021-03-21,spatial,29.24245569077173,0.4610131158333158,28.335362305232486,30.178587646604363
2240,2021-04-04,1,2021-03-21,spatial,47.58988509097309,0.5797400819656656,46.44610844233977,48.76182825486102
2240,2021-04-11,2,2021-03-21,spatial,28.969460064116486,1.9529383188954592,25.324972040980263,33.138422228005574
2240,2021-04-18,3,2021-03-21,spatial,22.097344694665054,1.0263681652048753,20.14629216532377,24.23734544043304
2261,2021-03-28,0,2021-03-21,spatial,1.0013768502572191,0.06607996270221038,0.8783677032063939,1.1416125531148391
2261,2021-04-04,1,2021-03-21,spatial,1.0047138419963415,0.08054810323700147,0.8561462981283073,1.179062394483153
2261,2021-04-11,2,2021-03-21,spatial,1.0840749456049357,0.08532226434072222,0.9267324211395782,1.268131405441939
2261,2021-04-18,3,2021-03-21,spatial,1.0011737712305098,0.06502206286264378,0.8796032502513892,1.1395466307263544
2282,2021-03-28,0,2021-03-21,spatial,1.0000935257107424,0.010102832127037541,0.9800931237360171,1.0205020685748003
2282,2021-04-04,1,2021-03-21,spatial,0.9996522088973324,0.01003103979300006,0.9797942354666079,1.0199126536781635
2282,2021-04-11,2,2021-03-21,spatial,0.9999273981522706,0.010357218467311715,0.9794305978119822,1.0208531403952608
2282,2021-04-18,3,2021-03-21,spatial,0.999824186134984,0.009928060674480429,0.9801685371434526,1.019873996459631
2290,2021-03-28,0,2021-03-21,spatial,5.0222530353961155,0.3713511914325381,4.335975427262457,5.8171514056458085
2290,2021-04-04,1,2021-03-21,spatial,4.9756874352878535,0.35792707475354224,4.312638200436184,5.74067758597914
2290,2021-04-11,2,2021-03-21,spatial,4.991372608771307,0.3648164049633457,4.317245046748637,5.770763588774128
2290,2021-04-18,3,2021-03-21,spatial,4.439964064506157,0.046186246481722495,4.348541162987729,4.533309023700659
4001,2021-03-28,0,2021-03-21,spatial,36.432859276987706,2.048143936023361,32.55680420805622,40.770378646941474
4001,2021-04-04,1,2021-03-21,spatial,36.494739543609256,2.069912268586604,32.581876441247125,40.877511053040436
4001,2021-04-11,2,2021-03-21,spatial,36.534420031935504,2.0094603020715613,32.748523659106674,40.7579853358892
4001,2021-04-18,3,2021-03-21,spatial,36.635737770480276,2.394263459618033,32.162375868922084,41.73128525882057
4003,2021-03-28,0,2021-03-21,spatial,60.15798480880121,2.734865903139837,54.94703146136784,65.8631238122553
4003,2021-04-04,1,2021-03-21,spatial,61.58643556717685,5.085017918805957,52.235921873657595,72.61074199176271
4003,2021-04-11,2,2021-03-21,spatial,59.90010132457504,4.412063253356228,51.771981679137134,69.30432296239961
4003,2021-04-18,3,2021-03-21,spatial,62.16251503171147,9.383948344700423,46.17278730644888,83.6895171482977
4005,2021-03-28,0,2021-03-21,spatial,64.09958538937013,3.1298670132613142,58.13758320570267,70.6729901817819
4005,2021-04-04,1,2021-03-21,spatial,62.90675190864327,2.4908599405303677,58.1065197559046,68.10353558119385
4005,2021-04-11,2,2021-03-21,spatial,66.36428764548495,4.600671977066352,57.810908912491655,76.18317645479901
4005,2021-04-18,3,2021-03-21,spatial,66.46188093097619,4.586202414076152,57.915826343076134,76.26899063335793
4007,2021-03-28,0,2021-03-21,spatial,32.152489929641206,1.6918232275769896,28.94674109929905,35.7132640641441
4007,2021-04-04,1,2021-03-21,spatial,32.06275888433943,1.692457941991543,28.869981108970872,35.60863110353217
4007,2021-04-11,2,2021-03-21,spatial,34.670675399385466,3.0986631801789466,29.00355312932617,41.445119751004775
4007,2021-04-18,3,2021-03-21,spatial,42.044538418529314,2.6952870182953896,37.01154097995922,47.76194570726938
4009,2021-03-28,0,2021-03-21,spatial,12.990315083436355,1.909756315964016,9.735028961565476,17.334132916623382
4009,2021-04-04,1,2021-03-21,spatial,12.681530949532982,1.254647074004431,10.422214488753827,15.430619605602855
4009,2021-04-11,2,2021-03-21,spatial,15.207658245524676,0.778438573668692,13.724359944492884,16.851268128207067
4009,2021-04-18,3,2021-03-21,spatial,15.2374929359847,0.8132920779725129,13.699870436286302,16.94769246570497
4011,2021-03-28,0,2021-03-21,spatial,1.0019504281585323,0.12987662586571108,0.7756887507378952,1.2942106734590055
4011,2021-04-04,1,2021-03-21,spatial,1.084432813340962,0.041461469768841866,1.0048261207273002,1.1703462941423148
4011,2021-04-11,2,2021-03-21,spatial,1.0838927223993795,0.04254236731533724,1.002238177008535,1.1721998429324794
4011,2021-04-18,3,2021-03-21,spatial,1.0855537080764717,0.042016908430567775,1.0046934672382375,1.1729217831563183
4012,2021-03-28,0,2021-03-21,spatial,13.59224209227201,1.2697536554911504,11.28652208023917,16.36899691344209
4012,2021-04-04,1,2021-03-21,spatial,14.039446983869178,2.0426927351313555,10.548073796090195,18.686451708930374
4012,2021-04-11,2,2021-03-21,spatial,13.95838156766641,1.8316499401898139,10.777936517278976,18.077339356769397
4012,2021-04-18,3,2021-03-21,spatial,13.952447524949894,1.9585681817490959,10.57406706256481,18.410209693644767
4013,2021-03-28,0,2021-03-21,spatial,1386.9715905376731,17.222669315039674,1352.9881080850146,1421.8086481789887
4013,2021-04-04,1,2021-03-21,spatial,1628.0066543745932,86.68244885564717,1464.280269036741,1810.0398692331585
4013,2021-04-11,2,2021-03-21,spatial,1843.726238151015,215.76107499160432,1462.5930976610337,2324.1778227195705
4013,2021-04-18,3,2021-03-21,spatial,2145.2813224347133,110.89283670912987,1934.9023462584432,2378.534483296615
4015,2021-03-28,0,2021-03-21,spatial,171.2416992276918,9.003114782810608,154.19528180476544,190.1726123599264
4015,2021-04-04,1,2021-03-21,spatial,156.45045189207144,4.343069209977839,148.01878099222006,165.36242045203625
4015,2021-04-11,2,2021-03-21,spatial,204.69168968396718,13.800142492689007,179.06454824176163,233.98650507362598
4015,2021-04-18,3,2021-03-21,spatial,191.29445084220225,4.224927636657156,183.0163550341006,199.9469769584332
4017,2021-03-28,0,2021-03-21,spatial,47.98681523685776,6.309240797841759,37.06404497094867,62.128524784093045
4017,2021-04-04,1,2021-03-21,spatial,12.836986842104723,0.6835990331390557,11.544739191872251,14.273880808012038
4017,2021-04-11,2,2021-03-21,spatial,12.839406702992394,0.6742630687725486,11.55789794625362,14.2630057170803
4017,2021-04-18,3,2021-03-21,spatial,12.863486420353125,0.6808100837132047,11.571989764033349,14.299121089866563
4019,2021-03-28,0,2021-03-21,spatial,540.9906550486007,36.059925460544406,473.4381123139439,618.1819360073819
4019,2021-04-04,1,2021-03-21,spatial,469.7668562523638,15.594230430575664,439.60336099189806,502.00002733213006
4019,2021-04-11,2,2021-03-21,spatial,493.6379147495553,48.134320085424996,406.4952163524322,599.4618905109563
4019,2021-04-18,3,2021-03-21,spatial,500.15067175553605,42.14366192421536,422.46090392003947,592.127442175953
4021,2021-03-28,0,2021-03-21,spatial,826.9594013165712,7.894529973011711,811.3316960576311,842.888124239245
4021,2021-04-04,1,2021-03-21,spatial,827.2742794725128,8.486732198422363,810.4655648145014,844.4315997970942
4021,2021-04-11,2,2021-03-21,spatial,827.0911553921406,8.518116248641155,810.2280529982028,844.3052259132571
4021,2021-04-18,3,2021-03-21,spatial,826.9845643157097,8.02020058827274,811.0984240834599,843.1818498343823
4023,2021-03-28,0,2021-03-21,spatial,46.96386398384473,1.9084651801776784,43.30003940373948,50.93770238238138
4023,2021-04-04,1,2021-03-21,spatial,51.67158326905796,2.6622895416969845,46.61954854456069,57.27109336932232
4023,2021-04-11,2,2021-03-21,spatial,42.307234810631016,0.41478994720302703,41.48606516759642,43.144658576102096
4023,2021-04-18,3,2021-03-21,spatial,42.30182530157061,0.41699434317729295,41.476274573886116,43.14380792944339
4025,2021-03-28,0,2021-03-21,spatial,30.388411509429986,1.4364646851812646,27.647305718518965,33.40128558884853
4025,2021-04-04,1,2021-03-21,spatial,30.47213526273221,1.4173702399765649,27.770765853869616,33.436277283683985
4025,2021-04-11,2,2021-03-21,spatial,35.669080270396485,1.751487674657802,32.34109678838119,39.33952196058688
4025,2021-04-18,3,2021-03-21,spatial,40.466924446062386,2.452857944162834,35.843400040272,45.68684813057414
4027,2021-03-28,0,2021-03-21,spatial,42.09847394056961,5.942858620886207,31.923942078133262,55.515747515992615
4027,2021-04-04,1,2021-03-21,spatial,39.71956814549403,2.991017622300656,34.19221607208519,46.14044583534748
4027,2021-04-11,2,2021-03-21,spatial,49.99243521915271,2.591515550318965,45.07711825551737,55.44373011988799
4027,2021-04-18,3,2021-03-21,spatial,49.991973167556466,2.5140286930732842,45.20116993120821,55.29054635066354
5001,2021-03-28,0,2021-03-21,spatial,14.991919299841351,0.9064473218092566,13.28309366938732,16.92057963958652
5001,2021-04-04,1,2021-03-21,spatial,14.990127016639464,0.9622930382355116,13.186885633624135,17.03995273926018
5001,2021-04-11,2,2021-03-21,spatial,14.980420400261393,0.9455887411766872,13.211774042775447,16.985833593731698
5001,2021-04-18,3,2021-03-21,spatial,14.529344822909124,0.5321261136405256,13.503082714757245,15.63360496579698
5003,2021-03-28,0,2021-03-21,spatial,15.984114536435412,0.7953388213390227,14.469764350677973,17.656950819790982
5003,2021-04-04,1,2021-03-21,spatial,16.044107486170436,0.8167572689247742,14.4915544662919,17.762993309416668
5003,2021-04-11,2,2021-03-21,spatial,10.63631526546479,0.25917604216937634,10.129728304597434,11.168236602655382
5003,2021-04-18,3,2021-03-21,spatial,16.02000905316104,1.263724365616,13.683040313343664,18.756115905986647
5005,2021-03-28,0,2021-03-21,spatial,42.0292282830641,0.4195388369229097,41.198539320547646,42.876666483874594
5005,2021-04-04,1,2021-03-21,spatial,42.05393807509205,0.4054373939143092,41.25092212570726,42.872586029332425
5005,2021-04-11,2,2021-03-21,spatial,42.04676092101779,0.4108323414411322,41.233142497401026,42.87643378286446
5005,2021-04-18,3,2021-03-21,spatial,37.23637892060759,2.3394036951473915,32.84744046545113,42.2117490882566
5007,2021-03-28,0,2021-03-21,spatial,137.08564432941264,9.98173507166292,118.54651011743142,158.5240583007844
5007,2021-04-04,1,2021-03-21,spatial,137.51169414090344,11.145088505975012,116.94652885315936,161.69326452813758
5007,2021-04-11,2,2021-03-21,spatial,132.43662184143258,8.080417540475922,117.32508325011854,149.49453534483558
5007,2021-04-18,3,2021-03-21,spatial,142.74176449132426,4.951889658705269,133.19109954327732,152.97727400678326
5009,2021-03-28,0,2021-03-21,spatial,24.065379713661915,1.4859391969646567,21.275498839602577,27.221100907147942
5009,2021-04-04,1,2021-03-21,spatial,23.89687397810081,1.4167835215382336,21.236150749325603,26.89096497129391
5009,2021-04-11,2,2021-03-21,spatial,23.996914578840837,1.211305809630991,21.697363612514273,26.540178778773523
5009,2021-04-18,3,2021-03-21,spatial,23.954655739098452,2.618877351596377,19.30094010299662,29.730444657959012
5011,2021-03-28,0,2021-03-21,spatial,9.923448945069604,0.3695782956383918,9.212826059100609,10.688885075402856
5011,2021-04-04,1,2021-03-21,spatial,8.048074474798247,0.07868860886865016,7.892207150161246,8.2070201047087
5011,2021-04-11,2,2021-03-21,spatial,8.051830967891448,0.07749590848432207,7.898328515047531,8.208316710552216
5011,2021-04-18,3,2021-03-21,spatial,8.046632169292389,0.07656883824341779,7.894984651647593,8.201192544988531
5013,2021-03-28,0,2021-03-21,spatial,0.997234656023822,0.0599899499604912,0.8840656319110207,1.1248904190803817
5013,2021-04-04,1,2021-03-21,spatial,0.9995114701157138,0.049747097343158984,0.9050245699277908,1.103863046472412
5013,2021-04-11,2,2021-03-21,spatial,1.0184058769862685,0.033760845896007134,0.9530418207564956,1.08825290526801
5013,2021-04-18,3,2021-03-21,spatial,1.0006181592372625,0.06990545749100995,0.8708271093346162,1.1497537109982658
5015,2021-03-28,0,2021-03-21,spatial,6.331526482661568,0.21630545790900294,5.913142338632709,6.779513379668506
5015,2021-04-04,1,2021-03-21,spatial,6.241832830673472,0.2585056362320608,5.748493655928361,6.777510669407048
5015,2021-04-11,2,2021-03-21,spatial,6.244064178046815,0.2661892616460422,5.733851727305042,6.799676607245003
5015,2021-04-18,3,2021-03-21,spatial,6.245868873559541,0.2759522460527057,5.720363401432271,6.819650299827512
5017,2021-03-28,0,2021-03-21,spatial,2.354509689969244,0.035623415518305536,2.2843491902178235,2.4268250685572497
5017,2021-04-04,1,2021-03-21,spatial,1.754737222842569,0.057230170234515765,1.643902484407702,1.8730446303441488
5017,2021-04-11,2,2021-03-21,spatial,1.7581165665211864,0.0576254972211598,1.6467124820718693,1.8770574068809076
5017,2021-04-18,3,2021-03-21,spatial,1.990185555078973,0.1613932618453064,1.6929710786058132,2.3395783860092942
5019,2021-03-28,0,2021-03-21,spatial,7.0372767924985125,0.255934673239316,6.544417442673247,7.567253325149902
5019,2021-04-04,1,2021-03-21,spatial,7.0515019192935435,0.2773017320283165,6.518876470673914,7.627645583021784
5019,2021-04-11,2,2021-03-21,spatial,7.0514864487220565,0.26538793500435576,6.541771179592207,7.600917209031818
5019,2021-04-18,3,2021-03-21,spatial,7.987695472414628,0.6630073044456162,6.7634580893186715,9.43352913811882
5021,2021-03-28,0,2021-03-21,spatial,10.700739629204367,0.32367805142158,10.073751722608188,11.36675111369314
5021,2021-04-04,1,2021-03-21,spatial,8.979208327991383,0.6201953824397781,7.825781171485909,10.302636942014187
5021,2021-04-11,2,2021-03-21,spatial,8.041031155880324,0.34097812511785325,7.389608359129856,8.749879412750328
5021,2021-04-18,3,2021-03-21,spatial,10.33381660228363,0.4131774060538159,9.541045839699034,11.192459124900436
5023,2021-03-28,0,2021-03-21,spatial,9.02325361315091,0.20773529917333727,8.617356363279095,9.44826955447612
5023,2021-04-04,1,2021-03-21,spatial,16.234332695086177,0.5387303857803715,15.193205553192831,17.346803946804936
5023,2021-04-11,2,2021-03-21,spatial,16.244459144303878,0.5516967565283579,15.179128788596135,17.384558532055486
5023,2021-04-18,3,2021-03-21,spatial,16.24765287268349,0.5470209377459136,15.192456023076597,17.376138754013038
5025,2021-03-28,0,2021-03-21,spatial,0.9966761337776068,0.0676280028786059,0.8706181547882598,1.1409862178712211
5025,2021-04-04,1,2021-03-21,spatial,1.0693318567954884,0.04072871794438842,0.9911347109142272,1.1536984905946277
5025,2021-04-11,2,2021-03-21,spatial,0.9984696077928956,0.06272436418303935,0.8814734957113016,1.1309943662930224
5025,2021-04-18,3,2021-03-21,spatial,1.0021681746974882,0.06698402427235828,0.877079771814093,1.14509658374538
5027,2021-03-28,0,2021-03-21,spatial,10.347925189921119,0.452231108686195,9.481755460950783,11.29322056207792
5027,2021-04-04,1,2021-03-21,spatial,10.370211346575658,0.4603211410646481,9.490125177473194,11.331914106667252
5027,2021-04-11,2,2021-03-21,spatial,10.348191760025632,0.4664088509072799,9.456713699666595,11.323708859456929
5027,2021-04-18,3,2021-03-21,spatial,12.970636960813202,1.0570520730528146,11.026909182832348,15.256988189504655
5029,2021-03-28,0,2021-03-21,spatial,11.036378689186234,0.7815143188909615,9.583536191776364,12.709468836319745
5029,2021-04-04,1,2021-03-21,spatial,11.011742092138746,1.0231941227741852,9.159375759084762,13.238725770531852
5029,2021-04-11,2,2021-03-21,spatial,11.041064577483745,1.0331313266759077,9.171627283418275,13.291546116855733
5029,2021-04-18,3,2021-03-21,spatial,11.486988530416177,0.7381814078213189,10.106263027039171,13.056349824349502
5031,2021-03-28,0,2021-03-21,spatial,35.976284846325456,1.7585451965320882,32.63305931115042,39.66202062157557
5031,2021-04-04,1,2021-03-21,spatial,36.020794467519295,3.2365213271195237,30.14453127194307,43.04255463009674
5031,2021-04-11,2,2021-03-21,spatial,35.978994683404096,3.1194849379135534,30.28925978430006,42.737527019375904
5031,2021-04-18,3,2021-03-21,spatial,36.286628185756854,0.9254547450616624,34.48477742803146,38.18262675000038
5033,2021-03-28,0,2021-03-21,spatial,40.007274663891565,2.086691424528951,36.06463161084761,44.38093374425687
5033,2021-04-04,1,2021-03-21,spatial,39.94975329564394,2.648892575385856,34.989212068952824,45.6135675544116
5033,2021-04-11,2,2021-03-21,spatial,39.98430005078033,2.7498316377061784,34.850389422318365,45.87450175024409
5033,2021-04-18,3,2021-03-21,spatial,46.66669902724075,1.9203549993101083,42.98289052406023,50.66622489895213
5035,2021-03-28,0,2021-03-21,spatial,18.999789987494346,1.1929095038152429,16.75818859643037,21.54123146971772
5035,2021-04-04,1,2021-03-21,spatial,19.01236258105281,1.2116284164830555,16.748498018410267,21.58222967313741
5035,2021-04-11,2,2021-03-21,spatial,19.045645562034004,1.2787464615796733,16.658669364124528,21.774645198001295
5035,2021-04-18,3,2021-03-21,spatial,24.334770529161247,1.0307605976498992,22.360099749186702,26.48382893410278
5037,2021-03-28,0,2021-03-21,spatial,5.010583190153898,0.24479675177687604,4.544352087336959,5.524647611572981
5037,2021-04-04,1,2021-03-21,spatial,5.003397096867023,0.3625273336802531,4.332193183715576,5.778593300741623
5037,2021-04-11,2,2021-03-21,spatial,5.003358765315874,0.4466822490829061,4.189511498275959,5.975302596678599
5037,2021-04-18,3,2021-03-21,spatial,4.428264498654412,0.1823390529814051,4.078737216714567,4.807744512120972
5039,2021-03-28,0,2021-03-21,spatial,5.99951158298662,0.3542647951153321,5.329358376594501,6.753934843727121
5039,2021-04-04,1,2021-03-21,spatial,6.031343367378844,0.5023408981563052,5.109800504380008,7.119084743923588
5039,2021-04-11,2,2021-03-21,spatial,5.978231670453359,0.499479638307257,5.06359589014883,7.058077832621257
5039,2021-04-18,3,2021-03-21,spatial,6.006425939691393,0.4838569130400661,5.118967649061821,7.047739904277319
5041,2021-03-28,0,2021-03-21,spatial,3.013706732400136,0.18492025465838866,2.6659669265232657,3.4068045550581743
5041,2021-04-04,1,2021-03-21,spatial,2.9907370819514107,0.1491939083482742,2.707381575041932,3.3037486757738264
5041,2021-04-11,2,2021-03-21,spatial,2.989695015879364,0.2487078487453271,2.533148099091907,3.528524957217517
5041,2021-04-18,3,2021-03-21,spatial,3.0055876298528754,0.2276503002885139,2.587630608568594,3.491053541727016
5043,2021-03-28,0,2021-03-21,spatial,8.974525010192785,0.6749980041046172,7.722808089079996,10.429120888354307
5043,2021-04-04,1,2021-03-21,spatial,9.045781580458165,0.7303695170772149,7.7065010900001445,10.61781000816736
5043,2021-04-11,2,2021-03-21,spatial,9.413582247568216,0.09491594177564214,9.2257922906237,9.605194647812816
5043,2021-04-18,3,2021-03-21,spatial,9.418232432337582,0.09213133488209116,9.235822152537802,9.604245370311926
5045,2021-03-28,0,2021-03-21,spatial,70.86199979673756,2.5980654728739307,65.85338556894312,76.25155444644246
5045,2021-04-04,1,2021-03-21,spatial,70.91784488144125,6.233715838207559,59.54563916143428,84.46194874142019
5045,2021-04-11,2,2021-03-21,spatial,70.75459102675586,5.1324330658935375,61.199940596632004,81.80093154598562
5045,2021-04-18,3,2021-03-21,spatial,70.99699294768119,7.245275711347978,57.999408591665066,86.9073173331884
5047,2021-03-28,0,2021-03-21,spatial,2.008329157664729,0.15037075213716786,1.7293749722991354,2.3322796213270602
5047,2021-04-04,1,2021-03-21,spatial,1.9797007387393943,0.019592041150425038,1.9409267617046344,2.019249305173793
5047,2021-04-11,2,2021-03-21,spatial,1.979345191789996,0.02097865700883955,1.937834703413729,2.0217448791480956
5047,2021-04-18,3,2021-03-21,spatial,2.0003606173888384,0.22846329290142914,1.5968226204356442,2.505877953124552
5049,2021-03-28,0,2021-03-21,spatial,1.0021927229082974,0.09021625148895307,0.8385638008183679,1.197750550250496
5049,2021-04-04,1,2021-03-21,spatial,1.0015226782936215,0.0801374513212604,0.8545013430821566,1.1738397876806967
5049,2021-04-11,2,2021-03-21,spatial,1.621004196080246,0.04058012354832356,1.5419245060004754,1.7041395953460217
5049,2021-04-18,3,2021-03-21,spatial,1.00119352122266,0.10063935588538414,0.8195070340788192,1.223160296683702
5051,2021-03-28,0,2021-03-21,spatial,49.00911939196867,3.0496036491675866,43.316275922100715,55.45014506546607
5051,2021-04-04,1,2021-03-21,spatial,49.09746091793448,3.6954974135756813,42.26800990205368,57.0303800480321
5051,2021-04-11,2,2021-03-21,spatial,49.0911136767736,3.6621052535975016,42.30323196011854,56.968163668863
5051,2021-04-18,3,2021-03-21,spatial,49.10007107006387,4.5740782981004315,40.773751046765135,59.12669100079253
5053,2021-03-28,0,2021-03-21,spatial,5.095015987601196,0.1445199072646942,4.814633767570943,5.3917263840004575
5053,2021-04-04,1,2021-03-21,spatial,5.578713061801008,0.1686335955535003,5.252169983127605,5.92555829797732
5053,2021-04-11,2,2021-03-21,spatial,6.0235372513718355,0.4981469658676872,5.105931949029059,7.1060486862861
5053,2021-04-18,3,2021-03-21,spatial,6.011944195855593,0.4491214798825138,5.182215232035103,6.974521781853483
5055,2021-03-28,0,2021-03-21,spatial,19.014081981613266,0.7508267461549901,17.56945169214514,20.5774955268037
5055,2021-04-04,1,2021-03-21,spatial,18.191797940855686,0.5454349521685106,17.133610305224767,19.315340224587878
5055,2021-04-11,2,2021-03-21,spatial,18.56032658573649,0.5378709111123858,17.515955721879095,19.66696698935482
5055,2021-04-18,3,2021-03-21,spatial,16.894646749600287,0.6214441866968962,15.700622842095122,18.179475531920453
5057,2021-03-28,0,2021-03-21,spatial,21.42158472925179,1.1213934757277852,19.290333756923786,23.78830237438523
5057,2021-04-04,1,2021-03-21,spatial,18.61223192243544,1.14768880544305,16.453430217408734,21.05428306177737
5057,2021-04-11,2,2021-03-21,spatial,19.009355031485786,1.6666762587528194,15.966946553427432,22.63147668866632
5057,2021-04-18,3,2021-03-21,spatial,21.348976818112494,0.5502506188604155,20.27702183787064,22.477601238711667
5059,2021-03-28,0,2021-03-21,spatial,32.95803540409863,1.8904636796024727,29.38324011301547,36.967743976494475
5059,2021-04-04,1,2021-03-21,spatial,32.98573265652256,2.9065823564687867,27.68587436617456,39.30013350840467
5059,2021-04-11,2,2021-03-21,spatial,24.369313290788927,0.9292487035571076,22.58548446307902,26.29403107271943
5059,2021-04-18,3,2021-03-21,spatial,33.12369688990442,3.003889998923013,27.652200156712265,39.67782995335856
5061,2021-03-28,0,2021-03-21,spatial,19.022535195872962,1.177639407781093,16.802157882552937,21.53633169070332
5061,2021-04-04,1,2021-03-21,spatial,19.06060399131387,1.4799631013935577,16.338990862137376,22.2355607870243
5061,2021-04-11,2,2021-03-21,spatial,18.920004689455485,1.4880995620626445,16.182447930650525,22.120669195604663
5061,2021-04-18,3,2021-03-21,spatial,19.029764243277167,1.7941690674138404,15.795301341350427,22.926560204754505
5063,2021-03-28,0,2021-03-21,spatial,4.006598952477038,0.3092984906299032,3.4354370570025754,4.672719918785597
5063,2021-04-04,1,2021-03-21,spatial,3.988137235541535,0.3497886533728509,3.348359799141578,4.75015815611886
5063,2021-04-11,2,2021-03-21,spatial,3.997529418190591,0.3115086839391641,3.4222224327598987,4.669550785572906
5063,2021-04-18,3,2021-03-21,spatial,4.006031112971908,0.3064060823238214,3.4395800777118413,4.665768761160798
5065,2021-03-28,0,2021-03-21,spatial,5.991129839703964,0.3891029340668224,5.264693010355413,6.817802421829742
5065,2021-04-04,1,2021-03-21,spatial,6.005731067761871,0.3585989127080044,5.330285041712217,6.766768639204698
5065,2021-04-11,2,2021-03-21,spatial,5.987837901650491,0.4582933027013976,5.1416506575055285,6.973286425849245
5065,2021-04-18,3,2021-03-21,spatial,6.0273735912520445,0.5387347364521928,5.048538819586387,7.195989514348023
5067,2021-03-28,0,2021-03-21,spatial,6.011463696236795,0.475110989435933,5.1386458829182935,7.0325328101126034
5067,2021-04-04,1,2021-03-21,spatial,5.994169034772997,0.6024519841905221,4.913016785915267,7.313238277637573
5067,2021-04-11,2,2021-03-21,spatial,5.988896948367356,0.5546564414641914,4.981826864961471,7.199544992304991
5067,2021-04-18,3,2021-03-21,spatial,6.022096106305726,0.6814868402974945,4.805765720792838,7.5462774551564324
5069,2021-03-28,0,2021-03-21,spatial,18.00323531071127,1.099591325096294,15.945952580017268,20.325940393113232
5069,2021-04-04,1,2021-03-21,spatial,20.97861711020482,1.7037876057682375,17.857131801025947,24.64574830719977
5069,2021-04-11,2,2021-03-21,spatial,20.979830303902972,1.5616459770160205,18.06944718274179,24.3589787296292
5069,2021-04-18,3,2021-03-21,spatial,21.054573315232762,2.1219808756032195,17.237967997933332,25.716201442052697
5071,2021-03-28,0,2021-03-21,spatial,16.020443409838258,1.1035722131541148,13.952020655573492,18.39551512886436
5071,2021-04-04,1,2021-03-21,spatial,15.994973374322797,1.0358884076624109,14.053741179013505,18.204346443162102
5071,2021-04-11,2,2021-03-21,spatial,15.997917483251175,1.252212104463012,13.682647765665696,18.704958878144573
5071,2021-04-18,3,2021-03-21,spatial,15.98774615210698,1.209503495285833,13.754236420231585,18.58394891687545
5073,2021-03-28,0,2021-03-21,spatial,0.9975417181190523,0.06686088115865223,0.8728115277591384,1.1400966276679572
5073,2021-04-04,1,2021-03-21,spatial,1.0027693418764347,0.08488015855641393,0.8468026105386308,1.1874625095542566
5073,2021-04-11,2,2021-03-21,spatial,0.9994316032854788,0.1029540205474088,0.8142872101995894,1.2266722565873924
5073,2021-04-18,3,2021-03-21,spatial,1.0018452119737868,0.10151652050647786,0.8185188668121256,1.22623175769164
5075,2021-03-28,0,2021-03-21,spatial,1.0001668133761612,0.036048116311160006,0.9306465626282786,1.074880298009096
5075,2021-04-04,1,2021-03-21,spatial,0.8504740385493559,0.03073010905594257,0.7912559438966215,0.91412405281211
5075,2021-04-11,2,2021-03-21,spatial,1.0042239958163952,0.08563418289025716,0.8474971571214119,1.1899341788930335
5075,2021-04-18,3,2021-03-21,spatial,1.0047440672751282,0.08683486840253098,0.8463716582820368,1.192750998744062
5077,2021-03-28,0,2021-03-21,spatial,3.996360019271693,0.2759992789299325,3.481539170020658,4.587308263298524
5077,2021-04-04,1,2021-03-21,spatial,3.977983686194324,0.35146228301109234,3.3385807684755053,4.739844654066599
5077,2021-04-11,2,2021-03-21,spatial,3.9942425196543256,0.32580159700409195,3.3978241139126415,4.695349956605998
5077,2021-04-18,3,2021-03-21,spatial,4.007573342283444,0.3891739884700081,3.30630063755684,4.8575873323028365
5079,2021-03-28,0,2021-03-21,spatial,4.873432127074856,0.09404498875804623,4.6888974491078255,5.065229290037983
5079,2021-04-04,1,2021-03-21,spatial,4.22494364204237,0.14079153623709076,3.9529661098207063,4.515634154840724
5079,2021-04-11,2,2021-03-21,spatial,3.112647745420524,0.11223497776512056,2.896360885449052,3.345085909613558
5079,2021-04-18,3,2021-03-21,spatial,3.990029936329552,0.3192757511522799,3.406548157572624,4.673451880436716
5081,2021-03-28,0,2021-03-21,spatial,11.971705698572032,0.9505054132723094,10.21784055516024,14.026617127122945
5081,2021-04-04,1,2021-03-21,spatial,12.020426820665564,0.8864171635365861,10.377182594584015,13.923881519285159
5081,2021-04-11,2,2021-03-21,spatial,11.146891375642587,0.6681915097052066,9.890752015603454,12.5625621938914
5081,2021-04-18,3,2021-03-21,spatial,11.958636179162236,1.1799011233953964,9.8342679185154,14.541903927217483
5083,2021-03-28,0,2021-03-21,spatial,3.003548765339,0.2355668163679395,2.5698515813147123,3.5104382102697986
5083,2021-04-04,1,2021-03-21,spatial,3.0105056404255173,0.22507914695198786,2.5927553534717607,3.495564746939232
5083,2021-04-11,2,2021-03-21,spatial,3.169024488923196,0.10905795598744564,2.958487862477869,3.3945436581861412
5083,2021-04-18,3,2021-03-21,spatial,3.0739829614758585,0.12478342232990595,2.8355457685294625,3.3324700141745254
5085,2021-03-28,0,2021-03-21,spatial,41.75491840677655,4.256373397914326,34.12366200896246,51.09279334376978
5085,2021-04-04,1,2021-03-21,spatial,41.990266744651855,2.689142432072757,36.9441451881855,47.7256272220062
5085,2021-04-11,2,2021-03-21,spatial,42.01223556839549,3.7665830563555134,35.16848715480596,50.187769797574425
5085,2021-04-18,3,2021-03-21,spatial,41.833648939178055,3.658734633803656,35.14394032334812,49.796754930286895
5087,2021-03-28,0,2021-03-21,spatial,12.896857764268091,0.3540519559676667,12.208089112571624,13.62448608115747
5087,2021-04-04,1,2021-03-21,spatial,8.779872611521547,0.287402005516192,8.223433678406701,9.373963004889426
5087,2021-04-11,2,2021-03-21,spatial,8.768123443431238,0.2996003572789185,8.189781720344126,9.387306199904193
5087,2021-04-18,3,2021-03-21,spatial,8.775492576337145,0.2950313860929579,8.205933740632107,9.384583447954613
5089,2021-03-28,0,2021-03-21,spatial,7.617791096879905,0.3207759856647324,7.0025122229393215,8.287131724754662
5089,2021-04-04,1,2021-03-21,spatial,10.020011279525033,0.7429551986007354,8.645477658312581,11.613080272698893
5089,2021-04-11,2,2021-03-21,spatial,9.991942471128374,0.6226830147046029,8.82885696632937,11.308249156951444
5089,2021-04-18,3,2021-03-21,spatial,10.023450355915623,0.9354053357031428,8.329843957305316,12.061397254553935
5091,2021-03-28,0,2021-03-21,spatial,36.96926282694466,2.1846857670901128,32.86156714600954,41.590420441457184
5091,2021-04-04,1,2021-03-21,spatial,36.81640952260477,2.6915347567709493,31.81548147519538,42.603410267196644
5091,2021-04-11,2,2021-03-21,spatial,36.97573306790018,1.917179982865215,33.34166166984714,41.0058997492933
5091,2021-04-18,3,2021-03-21,spatial,30.244703504393602,1.02374669482943,28.26602551695137,32.36189288515644
5093,2021-03-28,0,2021-03-21,spatial,20.97661174541761,1.2261542455854637,18.66903291685987,23.569417991684755
5093,2021-04-04,1,2021-03-21,spatial,22.33945289936405,0.6789451682680397,21.02385092943755,23.73738082132872
5093,2021-04-11,2,2021-03-21,spatial,22.33040617916236,0.6914934933489404,20.99182140830929,23.754348440149673
5093,2021-04-18,3,2021-03-21,spatial,21.040351187515952,1.8085011474371808,17.730610493342446,24.9679151352532
5095,2021-03-28,0,2021-03-21,spatial,4.005140110674098,0.30738754821039793,3.4390265079678084,4.664444216688977
5095,2021-04-04,1,2021-03-21,spatial,4.01877425297853,0.4260546801646015,3.2619466011915623,4.95119892229489
5095,2021-04-11,2,2021-03-21,spatial,4.145497942665116,0.2517831557005538,3.672349678919297,4.679606980590688
5095,2021-04-18,3,2021-03-21,spatial,3.8606760110683136,0.13523310951024073,3.5995705480725104,4.140721528688902
5097,2021-03-28,0,2021-03-21,spatial,3.9887466015059374,0.28271966922908176,3.4648645049438063,4.591838852089022
5097,2021-04-04,1,2021-03-21,spatial,4.002254048886142,0.30591021800949386,3.4368899891614766,4.6606197819365045
5097,2021-04-11,2,2021-03-21,spatial,4.007377600715433,0.3135002546906098,3.4327762160764133,4.678159665493998
5097,2021-04-18,3,2021-03-21,spatial,4.122492237196857,0.20654354802816996,3.7309309837799116,4.555147849057849
5099,2021-03-28,0,2021-03-21,spatial,4.0084395334104865,0.308794407370356,3.4376179203144135,4.6740469317598
5099,2021-04-04,1,2021-03-21,spatial,4.0155724836516296,0.2816910402212156,3.493262582823413,4.6159777540763365
5099,2021-04-11,2,2021-03-21,spatial,3.774804653184642,0.08960478461386708,3.599936642726862,3.958166930102151
5099,2021-04-18,3,2021-03-21,spatial,4.018856801320742,0.2986550054086361,3.4629846666551383,4.663956541604406
5101,2021-03-28,0,2021-03-21,spatial,2.8287821132617523,0.08359116564571466,2.6663293492913143,3.001132716945296
5101,2021-04-04,1,2021-03-21,spatial,2.8366932887822873,0.08665463578551505,2.6687022360156614,3.015259142075094
5101,2021-04-11,2,2021-03-21,spatial,2.836211306821193,0.08756996451276207,2.666156840749016,3.0171122921187608
5101,2021-04-18,3,2021-03-21,spatial,2.011816540894705,0.1633009686205285,1.7125502409613693,2.363379302639004
5103,2021-03-28,0,2021-03-21,spatial,15.628827183064368,0.33357791125835484,14.975815572924631,16.310312979528106
5103,2021-04-04,1,2021-03-21,spatial,16.899803662244366,0.8122530247908794,15.35366418376241,18.60164195361612
5103,2021-04-11,2,2021-03-21,spatial,16.95343721745527,0.8279084153921762,15.381066640275273,18.68654757229851
5103,2021-04-18,3,2021-03-21,spatial,15.043278055533385,1.4388213339548201,12.439572452219243,18.191960819016717
5105,2021-03-28,0,2021-03-21,spatial,2.9966929074566684,0.133495190696876,2.7418469321336683,3.275226007825629
5105,2021-04-04,1,2021-03-21,spatial,3.0005636667026283,0.12480024839606207,2.761128537880474,3.2607617481101374
5105,2021-04-11,2,2021-03-21,spatial,3.5830323442744465,0.16602917636350573,3.2673187902114216,3.9292525781624463
5105,2021-04-18,3,2021-03-21,spatial,3.0092293877902923,0.2901224074002109,2.4859915863958424,3.6425953964989977
5107,2021-03-28,0,2021-03-21,spatial,7.005093117018322,0.3588379491698909,6.32112179005437,7.763072949378401
5107,2021-04-04,1,2021-03-21,spatial,7.011799730054232,0.5637490100937441,5.9725075956058165,8.23194188828847
5107,2021-04-11,2,2021-03-21,spatial,6.975994445179717,0.5825276233290082,5.912601949962548,8.230640065240065
5107,2021-04-18,3,2021-03-21,spatial,7.052058685519843,0.5781765253909845,5.992661881349767,8.298738138186845
5109,2021-03-28,0,2021-03-21,spatial,4.974689570341256,0.3177726351374904,4.378805242511547,5.6516640843034285
5109,2021-04-04,1,2021-03-21,spatial,5.010142094675345,0.3032194229787957,4.441453696962038,5.651645952316768
5109,2021-04-11,2,2021-03-21,spatial,5.015671751453358,0.3350923658307862,4.389989265963323,5.730529528483222
5109,2021-04-18,3,2021-03-21,spatial,5.006825667479519,0.32590126304852624,4.3966784313331235,5.701645834701343
5111,2021-03-28,0,2021-03-21,spatial,7.000261442017458,0.5342601674660594,6.0122510784250185,8.150634365960888
5111,2021-04-04,1,2021-03-21,spatial,6.995874949837428,0.4876224718597546,6.087195865178609,8.040199033800404
5111,2021-04-11,2,2021-03-21,spatial,7.006189050092673,0.5324266030460718,6.024589437931117,8.147722846736453
5111,2021-04-18,3,2021-03-21,spatial,9.39584177211153,0.3963299743853596,8.637534692284401,10.220722202761737
5113,2021-03-28,0,2021-03-21,spatial,5.002115096987192,0.29078666701646977,4.453386041208238,5.618456431124653
5113,2021-04-04,1,2021-03-21,spatial,4.99584893290888,0.3441923323375701,4.356193174843243,5.729430619509871
5113,2021-04-11,2,2021-03-21,spatial,4.997259753645398,0.4259564511221517,4.219112402547975,5.918923854771633
5113,2021-04-18,3,2021-03-21,spatial,7.232940190874591,0.2516868141835025,6.747618836275084,7.753168202614254
5115,2021-03-28,0,2021-03-21,spatial,8.968890842702391,0.5859961664524566,7.876292981160518,10.213053671406009
5115,2021-04-04,1,2021-03-21,spatial,8.987735812645203,0.5938176299449356,7.8770403269028995,10.255043986764255
5115,2021-04-11,2,2021-03-21,spatial,9.003437793529656,0.5717677852575678,7.9322474351378265,10.21928435349542
5115,2021-04-18,3,2021-03-21,spatial,9.006405956648969,0.6134517629761131,7.8669627467388255,10.310885009540387
5117,2021-03-28,0,2021-03-21,spatial,1.9903654710923897,0.1218923075289312,1.7614216164929002,2.249066703521291
5117,2021-04-04,1,2021-03-21,spatial,2.002185985226955,0.18084002873421454,1.6732725781595081,2.3957535501170995
5117,2021-04-11,2,2021-03-21,spatial,2.00535760880472,0.13872348559903508,1.7478299164723976,2.3008297897242747
5117,2021-04-18,3,2021-03-21,spatial,2.004497201762609,0.1392522204845412,1.744817292527954,2.3028250860883515
5119,2021-03-28,0,2021-03-21,spatial,166.75131979899632,5.737904852373679,155.6384042735491,178.65772130274146
5119,2021-04-04,1,2021-03-21,spatial,166.6409578605636,8.600678333076551,150.3288657176998,184.72306502221255
5119,2021-04-11,2,2021-03-21,spatial,159.10302960673178,3.919541966327317,151.45664540931514,167.13544632940662
5119,2021-04-18,3,2021-03-21,spatial,235.5712869649556,9.626434087634976,217.0731333314564,255.64578347699086
5121,2021-03-28,0,2021-03-21,spatial,1.9971527714867463,0.12360000097662507,1.7652099976086335,2.259572061148904
5121,2021-04-04,1,2021-03-21,spatial,1.9967008715375043,0.17668768171542598,1.6748033838388223,2.380467109673757
5121,2021-04-11,2,2021-03-21,spatial,2.0036868121543936,0.16395365175362606,1.7028090570078829,2.3577281461352078
5121,2021-04-18,3,2021-03-21,spatial,1.9979338415714376,0.13819463268037735,1.7396474557859518,2.2945681448388533
5123,2021-03-28,0,2021-03-21,spatial,9.994700750105526,0.6070698779451947,8.853381451160253,11.283151373881967
5123,2021-04-04,1,2021-03-21,spatial,9.980489011428304,0.6349126621124583,8.791752120669122,11.329955569727778
5123,2021-04-11,2,2021-03-21,spatial,10.004889779829927,0.6032286572846121,8.872626008171906,11.281645300315015
5123,2021-04-18,3,2021-03-21,spatial,10.925779350747575,0.27173930017062997,10.395003077839695,11.483657438803787
5125,2021-03-28,0,2021-03-21,spatial,45.95120710425165,2.6424220048997937,40.976732323419796,51.529570920202815
5125,2021-04-04,1,2021-03-21,spatial,46.035941471663634,2.5059204772952692,41.30159263795976,51.31298266775825
5125,2021-04-11,2,2021-03-21,spatial,46.191616367199785,3.018470123020897,40.52597640159586,52.64932796364501
5125,2021-04-18,3,2021-03-21,spatial,70.31581814354045,2.9076734460931104,64.75477955225158,76.35442998004207
5127,2021-03-28,0,2021-03-21,spatial,1.9960698114833968,0.16830808671448766,1.6858971198928367,2.3633083213100363
5127,2021-04-04,1,2021-03-21,spatial,2.014370482986684,0.1573251510275591,1.7239935900999863,2.353656339576456
5127,2021-04-11,2,2021-03-21,spatial,1.6190850676064794,0.040220338453359684,1.5405670067497357,1.701604957564906
5127,2021-04-18,3,2021-03-21,spatial,1.6205497673071612,0.04125545485245951,1.5402380974842782,1.705049078196886
5129,2021-03-28,0,2021-03-21,spatial,0.9966920991646314,0.07750882049235272,0.8530964896659653,1.164458127035746
5129,2021-04-04,1,2021-03-21,spatial,0.9969124433627004,0.061947018076966225,0.8805901408027472,1.1286004392751985
5129,2021-04-11,2,2021-03-21,spatial,1.000480350763168,0.08856703562639849,0.8391778030677736,1.1927876650263978
5129,2021-04-18,3,2021-03-21,spatial,0.9995823907445944,0.10304680470996826,0.8131600518868949,1.2287432880749245
5131,2021-03-28,0,2021-03-21,spatial,89.0367138258608,7.713550102391777,74.96152552032268,105.7547368984508
5131,2021-04-04,1,2021-03-21,spatial,88.98151105282456,8.912180604972178,72.9786633358538,108.49348216760276
5131,2021-04-11,2,2021-03-21,spatial,89.30357667997356,8.555469866232862,73.83103060499094,108.0186575005876
5131,2021-04-18,3,2021-03-21,spatial,94.80614893322438,4.5974319112107755,86.06107700781187,104.43984886144119
5133,2021-03-28,0,2021-03-21,spatial,2.9950822313412075,0.156068526898955,2.6991765282984472,3.3234275263021837
5133,2021-04-04,1,2021-03-21,spatial,2.990579085949388,0.18256730838189736,2.6471552736866517,3.378556353765496
5133,2021-04-11,2,2021-03-21,spatial,3.0076620709474366,0.20082607165141828,2.6334173374072227,3.4350921156774388
5133,2021-04-18,3,2021-03-21,spatial,3.002192887732665,0.3164497468255315,2.4371027302057158,3.6983103024105186
5135,2021-03-28,0,2021-03-21,spatial,6.007384768728563,0.4365721500341744,5.2002360093105455,6.939814211304729
5135,2021-04-04,1,2021-03-21,spatial,8.217426274842964,0.08135151471777431,8.056556231927571,8.381508505442842
5135,2021-04-11,2,2021-03-21,spatial,8.218160370213644,0.08311654974683827,8.053601409836618,8.386081758163417
5135,2021-04-18,3,2021-03-21,spatial,6.006205045247836,0.7058251145310739,4.7635149314293885,7.573084070240479
5137,2021-03-28,0,2021-03-21,spatial,0.9979893742138846,0.06337076805573323,0.8786632201830524,1.1335205209071202
5137,2021-04-04,1,2021-03-21,spatial,0.9972109435329672,0.08015075960719828,0.8498709219612801,1.1700949405434733
5137,2021-04-11,2,2021-03-21,spatial,0.9885570674036268,0.028919561397059326,0.9323842349891855,1.0481141130887883
5137,2021-04-18,3,2021-03-21,spatial,1.0027469031016032,0.0862821161983296,0.8455875966142385,1.1891155401355424
5139,2021-03-28,0,2021-03-21,spatial,39.255807669038646,1.309569307758367,36.72314367578332,41.96314044771611
5139,2021-04-04,1,2021-03-21,spatial,40.989573028402255,2.9672601046945317,35.50775379723876,47.317695921992566
5139,2021-04-11,2,2021-03-21,spatial,40.915668234235646,3.5996472162130946,34.343020974074136,48.746204019670465
5139,2021-04-18,3,2021-03-21,spatial,40.362390405621674,2.8412404081335207,35.08482624813578,46.43382149690375
5141,2021-03-28,0,2021-03-21,spatial,13.05593435122043,0.3693976076036186,12.338841416449394,13.814702371985602
5141,2021-04-04,1,2021-03-21,spatial,10.951088843934896,0.9642311273744752,9.198147075734251,13.038098421380385
5141,2021-04-11,2,2021-03-21,spatial,11.072182197953172,0.8337607459861899,9.530815814701329,12.862825282550373
5141,2021-04-18,3,2021-03-21,spatial,11.925609800744851,0.4702511619517489,11.02232272142241,12.902921889885327
5143,2021-03-28,0,2021-03-21,spatial,166.94737678389146,11.97273493173675,144.6581501196244,192.67097354676852
5143,2021-04-04,1,2021-03-21,spatial,165.8916328779944,15.98092923588553,136.84226451314467,201.10770569924165
5143,2021-04-11,2,2021-03-21,spatial,166.33423316659236,16.267635736790186,136.9608170084535,202.00724358566484
5143,2021-04-18,3,2021-03-21,spatial,174.83480606905113,8.597146648720784,158.4469830011407,192.91758564429503
5145,2021-03-28,0,2021-03-21,spatial,52.414737545503655,1.1044853178061933,50.24964081136328,54.673121391601384
5145,2021-04-04,1,2021-03-21,spatial,55.3628612344612,2.3583728597105766,50.84484845228276,60.28233926083414
5145,2021-04-11,2,2021-03-21,spatial,55.330419133148325,2.3007794709195557,50.91135710711311,60.1330519437702
5145,2021-04-18,3,2021-03-21,spatial,54.065590742923725,2.341956655088125,49.591911206709064,58.9428402990419
5147,2021-03-28,0,2021-03-21,spatial,0.999960098375338,0.08438309495175669,0.8450878612773184,1.1832144847418282
5147,2021-04-04,1,2021-03-21,spatial,0.999290038110928,0.1021228092165682,0.8161850144426587,1.2234733088669023
5147,2021-04-11,2,2021-03-21,spatial,0.9645326288317446,0.04253562836271869,0.8832377114721899,1.0533100885495519
5147,2021-04-18,3,2021-03-21,spatial,0.9972563465161732,0.07023732046666446,0.8661479420764263,1.1482105681422174
5149,2021-03-28,0,2021-03-21,spatial,6.0234583641790165,0.4602416768404591,5.172305873177115,7.014676153077486
5149,2021-04-04,1,2021-03-21,spatial,6.019171848140983,0.5794318138518315,4.96909943521345,7.2911460536906425
5149,2021-04-11,2,2021-03-21,spatial,5.980582866101563,0.4871454813380106,5.0860696249139,7.032418754769419
5149,2021-04-18,3,2021-03-21,spatial,5.988650270889609,0.4900376137530612,5.086645845713287,7.050605281916789
6001,2021-03-28,0,2021-03-21,spatial,502.2818707000997,56.72326228598619,401.6531458133232,628.121751973648
6001,2021-04-04,1,2021-03-21,spatial,500.891079947185,62.66052524875674,390.742060089439,642.0907795624288
6001,2021-04-11,2,2021-03-21,spatial,499.8565111127061,57.88442305944081,397.7764098571485,628.1331057100563
6001,2021-04-18,3,2021-03-21,spatial,501.5615604407347,62.781343612025566,391.964267511034,641.8033983280458
6003,2021-03-28,0,2021-03-21,spatial,1.0014061402839562,0.08359383522620684,0.8473144609890184,1.1835207635048348
6003,2021-04-04,1,2021-03-21,spatial,1.0021035876447426,0.08994263656341181,0.8375984035513541,1.1989177583346422
6003,2021-04-11,2,2021-03-21,spatial,0.9962762826500219,0.1240357362055472,0.7787830193063465,1.2745095960810942
6003,2021-04-18,3,2021-03-21,spatial,1.0050659273403622,0.10737825015456096,0.8130794847546232,1.2423847080650354
6005,2021-03-28,0,2021-03-21,spatial,13.951357290225618,1.7674547636304552,10.854103209599,17.932423018365828
6005,2021-04-04,1,2021-03-21,spatial,14.024268945878976,1.9400746003164493,10.664318848581956,18.442820611322784
6005,2021-04-11,2,2021-03-21,spatial,14.044909503692708,1.9011151720394388,10.750800539031408,18.34835296690285
6005,2021-04-18,3,2021-03-21,spatial,14.007812926993914,1.6642122907323214,11.075437799216402,17.716574870885967
6007,2021-03-28,0,2021-03-21,spatial,79.01081716558654,8.563834804454403,63.751153600160386,97.92307866814885
6007,2021-04-04,1,2021-03-21,spatial,78.96498754868088,8.764776810715809,63.342018448336155,98.44127818012585
6007,2021-04-11,2,2021-03-21,spatial,79.43155238180255,8.122861922816266,64.83719717071507,97.31098488373257
6007,2021-04-18,3,2021-03-21,spatial,78.43241913489217,8.893298801522798,62.63721821451554,98.21068921489584
6009,2021-03-28,0,2021-03-21,spatial,26.991031256734,3.1506063910667077,21.461016737180245,33.94600438663612
6009,2021-04-04,1,2021-03-21,spatial,27.06286050573596,3.802001186213632,20.479309264266078,35.76284772606419
6009,2021-04-11,2,2021-03-21,spatial,27.080440666267577,2.695733750016025,22.250030641370135,32.95951715750445
6009,2021-04-18,3,2021-03-21,spatial,26.990200560597085,2.0683408862717694,23.16371452169166,31.448795728296453
6011,2021-03-28,0,2021-03-21,spatial,6.272422535729048,0.2056772815062904,5.875389482211581,6.696285341735716
6011,2021-04-04,1,2021-03-21,spatial,6.282721602506022,0.20063912644382004,5.8939114128019865,6.6971808651311955
6011,2021-04-11,2,2021-03-21,spatial,7.955715610815541,0.9382665737785328,6.309591011428503,10.03130167478864
6011,2021-04-18,3,2021-03-21,spatial,7.999116867029527,0.9157639333242208,6.389641550269396,10.014000026292328
6013,2021-03-28,0,2021-03-21,spatial,493.92951988012567,65.2276411870333,380.0308103094871,641.9647144144228
6013,2021-04-04,1,2021-03-21,spatial,491.12544054226026,67.03618219086019,374.42137515500855,644.205203957632
6013,2021-04-11,2,2021-03-21,spatial,490.9224593220993,66.15354589144789,376.1541782406385,640.7076539574667
6013,2021-04-18,3,2021-03-21,spatial,492.38699156516634,49.07163201691603,404.1399611338754,599.903431430981
6015,2021-03-28,0,2021-03-21,spatial,30.025168182780966,3.5870640573566783,23.74373753916334,37.96835788457124
6015,2021-04-04,1,2021-03-21,spatial,33.688817716940946,2.039775546331148,29.873010570919252,37.99203419658383
6015,2021-04-11,2,2021-03-21,spatial,29.95891991349424,2.4808251745579035,25.407326799733447,35.325907737471134
6015,2021-04-18,3,2021-03-21,spatial,29.981082830203967,3.1671472305628243,24.34280563667982,36.92529698865681
6017,2021-03-28,0,2021-03-21,spatial,77.17343917317525,8.748939080307728,61.52131544296086,96.80774331520287
6017,2021-04-04,1,2021-03-21,spatial,77.00843042293279,11.540462095518016,57.504860591937685,103.12690605905271
6017,2021-04-11,2,2021-03-21,spatial,76.97683848816773,10.169706343493527,59.20947820254614,100.0757622515014
6017,2021-04-18,3,2021-03-21,spatial,77.55456038492592,13.786272329088087,54.90420061812056,109.54917417582851
6019,2021-03-28,0,2021-03-21,spatial,759.5938912305994,99.47576115634958,585.9997962742391,984.612764822233
6019,2021-04-04,1,2021-03-21,spatial,764.5682114250232,114.10590123949251,571.286768844236,1023.2418844642335
6019,2021-04-11,2,2021-03-21,spatial,763.3975535827689,89.90395012742779,603.5759101484465,965.5385760389702
6019,2021-04-18,3,2021-03-21,spatial,757.8260796921858,99.1859295508461,582.8576240218997,985.3184438058389
6021,2021-03-28,0,2021-03-21,spatial,19.26896796355677,0.7547942404036703,17.81810967138429,20.8379639158283
6021,2021-04-04,1,2021-03-21,spatial,19.081140200047024,1.8844821952513888,15.688098280961974,23.208033555965525
6021,2021-04-11,2,2021-03-21,spatial,19.064437969482306,1.389379235769481,16.488826568712245,22.04236872634071
6021,2021-04-18,3,2021-03-21,spatial,18.962873522057844,1.9467486862731067,15.456483180244696,23.26470827938169
6023,2021-03-28,0,2021-03-21,spatial,28.884835876561645,1.4425684291205072,26.139565785684372,31.91842398823761
6023,2021-04-04,1,2021-03-21,spatial,28.91558037575232,2.0029602628736063,25.194848385990184,33.18578368312465
6023,2021-04-11,2,2021-03-21,spatial,36.68060285417038,0.6085051338043561,35.48394420677015,37.917617554157474
6023,2021-04-18,3,2021-03-21,spatial,36.703974565068215,0.6336151338174193,35.458439975075656,37.993260555741614
6025,2021-03-28,0,2021-03-21,spatial,111.97948677120442,8.28750017799217,96.64672921393219,129.74474728250522
6025,2021-04-04,1,2021-03-21,spatial,76.73794975207034,0.7686232590468081,75.21615415363895,78.29053477159705
6025,2021-04-11,2,2021-03-21,spatial,76.7438645764308,0.7679927533835317,75.22298532754816,78.29549338516682
6025,2021-04-18,3,2021-03-21,spatial,134.5443973219003,17.30043834895481,104.34623982192181,173.48200454186696
6027,2021-03-28,0,2021-03-21,spatial,17.003837576985983,1.588557478357698,14.137263014515867,20.451659705817665
6027,2021-04-04,1,2021-03-21,spatial,16.88807272747149,2.309219392398922,12.899075249203293,22.11065482899497
6027,2021-04-11,2,2021-03-21,spatial,17.08622836456727,1.615729227151004,14.173970754685682,20.596853540821144
6027,2021-04-18,3,2021-03-21,spatial,15.828961185591044,1.037508717777763,13.882594104790867,18.04821277087409
6029,2021-03-28,0,2021-03-21,spatial,553.5108454458217,44.657678201376044,471.45371998185976,649.8501189850338
6029,2021-04-04,1,2021-03-21,spatial,551.0657719082078,67.32822071912456,432.3384815791397,702.3975378263929
6029,2021-04-11,2,2021-03-21,spatial,553.0385986689126,70.12299394223201,430.8444586590979,709.8888832632688
6029,2021-04-18,3,2021-03-21,spatial,556.5884215199142,58.89185234941146,451.2885820993027,686.4580298684856
6031,2021-03-28,0,2021-03-21,spatial,72.93012036498867,9.825902182441665,55.83500149021643,95.25928744505737
6031,2021-04-04,1,2021-03-21,spatial,72.46689988928772,10.383395097986718,54.49211910341982,96.37084528860753
6031,2021-04-11,2,2021-03-21,spatial,72.84543287971405,9.5143234849276,56.41466939230829,94.06165361941164
6031,2021-04-18,3,2021-03-21,spatial,72.47151614343494,10.207502020767793,54.957521839267734,95.56691197774236
6033,2021-03-28,0,2021-03-21,spatial,78.0412970965766,4.183873514185737,70.11307302905601,86.86602639699099
6033,2021-04-04,1,2021-03-21,spatial,51.55820960627986,1.07931539726072,49.44282490609706,53.764099904358126
6033,2021-04-11,2,2021-03-21,spatial,74.00478062472106,7.009850776974293,61.25979889589338,89.40133095474835
6033,2021-04-18,3,2021-03-21,spatial,74.13061313551397,6.9869823417099886,61.5016904507996,89.35279280239342
6035,2021-03-28,0,2021-03-21,spatial,14.997329251151585,1.4579985349344893,12.348199569393127,18.214791832887503
6035,2021-04-04,1,2021-03-21,spatial,15.05101936397934,1.7484086068212557,11.96273439813804,18.936572221325928
6035,2021-04-11,2,2021-03-21,spatial,15.088396083439687,1.952323088690604,11.689452179760265,19.475651456527626
6035,2021-04-18,3,2021-03-21,spatial,6.448261897068144,0.4337085506715955,5.638828695345095,7.373886269590987
6037,2021-03-28,0,2021-03-21,spatial,3956.056103178882,525.3623248947015,3045.988091379377,5138.030557569121
6037,2021-04-04,1,2021-03-21,spatial,3990.357772690964,376.29055899099234,3309.5967389488023,4811.1466169539
6037,2021-04-11,2,2021-03-21,spatial,3982.664884149547,509.1195728112165,3095.16734358448,5124.640388932495
6037,2021-04-18,3,2021-03-21,spatial,3976.766586930116,550.641669313353,3033.823011873701,5212.786779264557
6039,2021-03-28,0,2021-03-21,spatial,146.76149177760044,15.399740944986778,119.32029433500841,180.5135965246038
6039,2021-04-04,1,2021-03-21,spatial,146.02999321412918,11.600420212731272,124.70616884197506,171.00003244539488
6039,2021-04-11,2,2021-03-21,spatial,145.99720241944925,17.097192750626203,115.83756386288186,184.0092488438089
6039,2021-04-18,3,2021-03-21,spatial,146.04559725860045,20.583891562703503,110.69698975187569,192.6819918629261
6041,2021-03-28,0,2021-03-21,spatial,115.68198563242636,9.691756583578153,97.76967487534787,136.87599776641147
6041,2021-04-04,1,2021-03-21,spatial,114.94489960903391,13.21894836790834,91.734758028373,144.02752271984394
6041,2021-04-11,2,2021-03-21,spatial,114.89611388200804,15.192141503767994,88.42800775195411,149.28660410644204
6041,2021-04-18,3,2021-03-21,spatial,114.8495071850744,15.639850546261947,87.82902732238199,150.18280063877086
6043,2021-03-28,0,2021-03-21,spatial,5.997021928730062,0.7157136913779071,4.747245324276662,7.575819145000501
6043,2021-04-04,1,2021-03-21,spatial,3.9302812129647418,0.03921533389212852,3.8526226321354375,4.009505183335737
6043,2021-04-11,2,2021-03-21,spatial,5.996654998749733,0.4824587512706173,5.1090427912454714,7.038475237601983
6043,2021-04-18,3,2021-03-21,spatial,6.025853092200314,0.4427975806401478,5.203872954871903,6.977669478803388
6045,2021-03-28,0,2021-03-21,spatial,24.50109135270997,1.4139613166390663,21.838653385996285,27.488117827758327
6045,2021-04-04,1,2021-03-21,spatial,28.94999742007194,1.894087399324719,25.40863660545925,32.984939870488724
6045,2021-04-11,2,2021-03-21,spatial,28.202858866346308,2.009114698988069,24.472585439772054,32.50172525467572
6045,2021-04-18,3,2021-03-21,spatial,29.200708199117642,3.334288848493073,23.29299608614859,36.6067703861021
6047,2021-03-28,0,2021-03-21,spatial,278.4055968106347,34.30744462121905,217.5039502330721,356.3598557747025
6047,2021-04-04,1,2021-03-21,spatial,277.32253200538355,31.9702561556845,220.55901848114704,348.6948177748211
6047,2021-04-11,2,2021-03-21,spatial,276.4137921238193,23.90133812064283,232.7131122635124,328.3209258520568
6047,2021-04-18,3,2021-03-21,spatial,277.1317584481044,33.049763490737185,219.03280996176426,350.6415844911341
6049,2021-03-28,0,2021-03-21,spatial,5.008301940333506,0.3866774603834717,4.295157250431339,5.839853319230487
6049,2021-04-04,1,2021-03-21,spatial,5.0020352320205435,0.5746307285935459,3.980816658803038,6.285232053339023
6049,2021-04-11,2,2021-03-21,spatial,5.002414476287821,0.5818657426782445,3.9746270671245023,6.295974482626871
6049,2021-04-18,3,2021-03-21,spatial,4.998816366278083,0.6000997430511077,3.939886705016455,6.342356248963576
6051,2021-03-28,0,2021-03-21,spatial,10.578316333910509,0.10801676531665533,10.364320747147021,10.796730358917225
6051,2021-04-04,1,2021-03-21,spatial,10.578076739920373,0.10573326284424578,10.36876736219012,10.791611346559279
6051,2021-04-11,2,2021-03-21,spatial,10.578419106605995,0.10517088232867627,10.37019703936623,10.79082204226331
6051,2021-04-18,3,2021-03-21,spatial,18.353098449386327,1.0416386095010142,16.390138577381265,20.551151602690407
6053,2021-03-28,0,2021-03-21,spatial,155.96349022230032,17.104140772665218,125.45027483714807,193.89842161683828
6053,2021-04-04,1,2021-03-21,spatial,156.65021639008,14.038918692127574,131.09027498137087,187.1938272960839
6053,2021-04-11,2,2021-03-21,spatial,156.16267324081994,19.381003794077905,122.32905597282142,199.3539500471356
6053,2021-04-18,3,2021-03-21,spatial,155.6691818380947,21.287895787711538,118.69284691147683,204.1647395332517
6055,2021-03-28,0,2021-03-21,spatial,102.04522565913184,11.814977529055545,81.12488187421066,128.36047140222053
6055,2021-04-04,1,2021-03-21,spatial,101.89057670763279,11.64463065414499,81.24589824743076,127.78109228600105
6055,2021-04-11,2,2021-03-21,spatial,101.91845998487024,10.720112932425216,82.71987193933117,125.57287919045568
6055,2021-04-18,3,2021-03-21,spatial,102.24464319135973,14.70758491217028,77.10371103842022,135.58318945399827
6057,2021-03-28,0,2021-03-21,spatial,59.828678916595955,8.328187182104912,45.38996457190113,78.86040129498187
6057,2021-04-04,1,2021-03-21,spatial,60.17632524194578,7.2736382041310135,47.44692734653078,76.32085621007482
6057,2021-04-11,2,2021-03-21,spatial,60.5195426361368,7.34057941419705,47.5843980658802,76.97092302851699
6057,2021-04-18,3,2021-03-21,spatial,59.710877765689325,8.508251573039178,45.15021327584019,78.96726648369847
6059,2021-03-28,0,2021-03-21,spatial,1048.3954087561785,130.16700878332742,820.7630157242849,1339.1599183244161
6059,2021-04-04,1,2021-03-21,spatial,1055.5931400180984,119.27015649261723,844.7274190824612,1319.0963760399663
6059,2021-04-11,2,2021-03-21,spatial,1051.982713283992,126.59778124783588,829.3579955559748,1334.3666245195786
6059,2021-04-18,3,2021-03-21,spatial,1051.9670270633173,153.2288228027041,791.7071484990958,1397.7827889092218
6061,2021-03-28,0,2021-03-21,spatial,240.5924772590601,36.04788416584272,178.64430431769074,324.02230977771586
6061,2021-04-04,1,2021-03-21,spatial,243.15810955464443,32.59726833071852,186.75122357902904,316.6022964083429
6061,2021-04-11,2,2021-03-21,spatial,243.66171424752773,35.796208722986776,182.62090992013245,325.10532893527494
6061,2021-04-18,3,2021-03-21,spatial,243.4020725866324,33.400076577451635,185.71732533734158,319.0039961638203
6063,2021-03-28,0,2021-03-21,spatial,5.003775132827918,0.586866535838523,3.9670179721502365,6.3114827701009535
6063,2021-04-04,1,2021-03-21,spatial,5.177316996466069,0.05117523241233438,5.075930885683784,5.2807281827844585
6063,2021-04-11,2,2021-03-21,spatial,5.00969431884205,0.5464659143100654,4.035529669897146,6.219019365772118
6063,2021-04-18,3,2021-03-21,spatial,4.9988421996155825,0.5113182874874039,4.073922416498234,6.1337504208380365
6065,2021-03-28,0,2021-03-21,spatial,858.9268220901623,98.9201378295096,683.4122417387398,1079.5172234973522
6065,2021-04-04,1,2021-03-21,spatial,865.6405034560187,104.09594537686344,681.7466760672696,1099.1377113067886
6065,2021-04-11,2,2021-03-21,spatial,864.1028970299693,131.68718572133054,639.1002045265208,1168.3204157456994
6065,2021-04-18,3,2021-03-21,spatial,862.1780776342174,122.5588311828965,651.5705069920244,1140.8604741560741
6067,2021-03-28,0,2021-03-21,spatial,1073.8055728816146,126.33452094243816,849.0328340701008,1358.084589996445
6067,2021-04-04,1,2021-03-21,spatial,1072.738988347607,182.41074085640182,769.8336279647418,1494.8280970310534
6067,2021-04-11,2,2021-03-21,spatial,1068.3091756089384,164.15253014152054,789.2358175941447,1446.0627220002089
6067,2021-04-18,3,2021-03-21,spatial,1080.9860392766714,162.72902439712118,804.2836823413803,1452.8839049790388
6069,2021-03-28,0,2021-03-21,spatial,23.928174702064126,3.36378482158628,18.141884082818198,31.559982522143827
6069,2021-04-04,1,2021-03-21,spatial,23.87839586615798,2.9349804800563817,18.740046224438213,30.425634083943855
6069,2021-04-11,2,2021-03-21,spatial,24.158815080528022,2.9381064691692584,18.978527772075687,30.75308860120893
6069,2021-04-18,3,2021-03-21,spatial,24.05786906807715,2.8563022709025927,19.010217700802635,30.44578832320823
6071,2021-03-28,0,2021-03-21,spatial,892.7544262376732,116.28913420407422,689.3850334491106,1156.1180282365258
6071,2021-04-04,1,2021-03-21,spatial,900.8592768019076,125.04549198367788,684.9927244457323,1184.753366916016
6071,2021-04-11,2,2021-03-21,spatial,890.7286025516376,120.58409626148291,681.0302893092406,1164.9958245004414
6071,2021-04-18,3,2021-03-21,spatial,886.6333157055324,129.70589421186102,663.7805454985443,1184.3050264881715
6073,2021-03-28,0,2021-03-21,spatial,1739.6482888090256,180.0467009662279,1414.3337319718792,2139.7892875939297
6073,2021-04-04,1,2021-03-21,spatial,1734.3668541337854,232.94319764637015,1331.2413137953986,2259.566581615445
6073,2021-04-11,2,2021-03-21,spatial,1740.2185162970209,179.99653802092647,1417.5794846599,2136.289722893074
6073,2021-04-18,3,2021-03-21,spatial,1738.1249345188833,195.88332815059752,1390.6720297154534,2172.387323137877
6075,2021-03-28,0,2021-03-21,spatial,216.04042506526432,29.933947983261966,164.32564512420436,284.0303181350804
6075,2021-04-04,1,2021-03-21,spatial,217.49179418633616,27.68868460342723,169.0745619136078,279.7740831205696
6075,2021-04-11,2,2021-03-21,spatial,218.70368448680603,29.83781076118484,166.8177941310304,286.72781496279913
6075,2021-04-18,3,2021-03-21,spatial,218.32232693006875,27.238989031735372,170.72833480823846,279.1841113526738
6077,2021-03-28,0,2021-03-21,spatial,722.5702824177997,51.13301714161796,627.356509164648,832.2346311964595
6077,2021-04-04,1,2021-03-21,spatial,734.2589527887709,79.09636817200682,592.2251226853681,910.3568712279872
6077,2021-04-11,2,2021-03-21,spatial,716.282646889185,36.5411444394482,647.1029895097704,792.8580744515788
6077,2021-04-18,3,2021-03-21,spatial,739.0702910718277,63.276680516436855,623.4442048183771,876.1407852112817
6079,2021-03-28,0,2021-03-21,spatial,212.8290042729239,28.96688888899329,162.5704710256558,278.6249235425781
6079,2021-04-04,1,2021-03-21,spatial,188.24546458157675,11.453892872548066,166.71826197913506,212.55232939009738
6079,2021-04-11,2,2021-03-21,spatial,213.6793319212489,22.773364195307213,173.1632989902414,263.67513876531297
6079,2021-04-18,3,2021-03-21,spatial,213.7811590473938,30.5871507749167,161.5106465433712,282.968243529224
6081,2021-03-28,0,2021-03-21,spatial,241.47185633632202,35.67273856461979,180.40918615073483,323.2022639567339
6081,2021-04-04,1,2021-03-21,spatial,240.1005762703845,29.415973474332404,188.4215388965185,305.95380476661575
6081,2021-04-11,2,2021-03-21,spatial,241.48031317157609,28.69608479821301,190.64497257236272,305.87085965410813
6081,2021-04-18,3,2021-03-21,spatial,241.7973378408248,32.930619064108306,184.65519386615705,316.62230215570116
6083,2021-03-28,0,2021-03-21,spatial,208.61343705582615,24.387945394477267,165.34749295540942,263.20064091919085
6083,2021-04-04,1,2021-03-21,spatial,196.87848339490432,14.135377615864938,170.6696367007353,227.11208609322955
6083,2021-04-11,2,2021-03-21,spatial,209.62433367625968,28.21054871123871,160.52786844323686,273.7366520552412
6083,2021-04-18,3,2021-03-21,spatial,209.80717957284932,21.07029783784154,171.77512148050644,256.25976696112696
6085,2021-03-28,0,2021-03-21,spatial,739.5197838277338,99.45495072072548,566.103527294329,966.0591822956064
6085,2021-04-04,1,2021-03-21,spatial,737.2512915951827,98.39806520411736,566.842920008256,958.8890462826074
6085,2021-04-11,2,2021-03-21,spatial,731.2875593804073,103.46563819749788,553.3661621016669,966.4152438838505
6085,2021-04-18,3,2021-03-21,spatial,737.627069119846,91.51705773352322,576.4991993552787,943.7891565275634
6087,2021-03-28,0,2021-03-21,spatial,110.35894220045412,8.682896808004044,94.44358330239795,128.95631124675828
6087,2021-04-04,1,2021-03-21,spatial,109.83571920093763,9.950857013191532,91.72620075192172,131.52060276664702
6087,2021-04-11,2,2021-03-21,spatial,110.13870504905992,13.535019350530648,86.50745804072487,140.22530108529094
6087,2021-04-18,3,2021-03-21,spatial,109.87996976112787,9.973053112805047,91.63787963758548,131.7534604953295
6089,2021-03-28,0,2021-03-21,spatial,95.32933525008387,1.9665885478810048,91.4842867295433,99.33598964474596
6089,2021-04-04,1,2021-03-21,spatial,95.36113250962623,1.9599637133586965,91.52539136233442,99.35762588020852
6089,2021-04-11,2,2021-03-21,spatial,141.67403639285163,19.106764435954293,108.79274165718893,184.4933060983921
6089,2021-04-18,3,2021-03-21,spatial,141.1031958369784,18.61780054729791,108.5316277770812,183.4498595773676
6091,2021-03-28,0,2021-03-21,spatial,1.3644257337284984,0.013789014000332249,1.3371405896247854,1.392267647325664
6091,2021-04-04,1,2021-03-21,spatial,3.1271207804819814,0.07621271512007358,2.978550392846669,3.2831018737192936
6091,2021-04-11,2,2021-03-21,spatial,2.810474297185745,0.14357888046558273,2.5372899280880867,3.1130718203314007
6091,2021-04-18,3,2021-03-21,spatial,2.8153564171766154,0.14464580802774868,2.5414840017301423,3.118741550346837
6093,2021-03-28,0,2021-03-21,spatial,19.983617813468367,1.9513895446364895,16.44910636221926,24.277609501753613
6093,2021-04-04,1,2021-03-21,spatial,17.725497759402412,0.5980143193238154,16.57027275830501,18.961261253898584
6093,2021-04-11,2,2021-03-21,spatial,17.69683651698078,0.6272797775220371,16.487500392886073,18.99487582992705
6093,2021-04-18,3,2021-03-21,spatial,19.993637304162625,3.1665763482327165,14.66501986161973,27.25843786250774
6095,2021-03-28,0,2021-03-21,spatial,282.70217646025776,13.819601166052664,256.45187094944316,311.63945218836875
6095,2021-04-04,1,2021-03-21,spatial,264.77491505863014,38.10983240428251,198.9401126048448,352.39628009840345
6095,2021-04-11,2,2021-03-21,spatial,263.3293724452477,30.77410138980105,208.65396905341598,332.3318444743132
6095,2021-04-18,3,2021-03-21,spatial,264.1191649721219,44.713876277908774,188.8269803909531,369.43308186753785
6097,2021-03-28,0,2021-03-21,spatial,226.8319349656017,26.321914376969577,180.31845977578888,285.3436458153878
6097,2021-04-04,1,2021-03-21,spatial,226.1713759808448,27.29516865850029,178.05148252395546,287.2960707091351
6097,2021-04-11,2,2021-03-21,spatial,226.23507834485588,36.74263492469418,164.85036180089799,310.47739364697145
6097,2021-04-18,3,2021-03-21,spatial,225.71452438753985,22.647520186768865,184.71529492391733,275.8139034478872
6099,2021-03-28,0,2021-03-21,spatial,462.75190771743803,47.75008222956286,376.76048387052145,568.3699253601131
6099,2021-04-04,1,2021-03-21,spatial,463.7032406575632,43.614801165117456,384.45558819814653,559.2861750406016
6099,2021-04-11,2,2021-03-21,spatial,462.3093065167632,49.583292896044476,373.47558946265366,572.2727292552612
6099,2021-04-18,3,2021-03-21,spatial,459.6303606061997,60.26790103011785,354.39185077195475,596.1199952279022
6101,2021-03-28,0,2021-03-21,spatial,68.40445874638786,6.390547446126537,56.83989939597585,82.32192572665879
6101,2021-04-04,1,2021-03-21,spatial,68.2129472966501,8.985929235622498,52.620853902359976,88.42513630678428
6101,2021-04-11,2,2021-03-21,spatial,68.23154726792006,8.704168191024353,53.09768950402621,87.67884414671944
6101,2021-04-18,3,2021-03-21,spatial,67.48030544387353,8.233916600098372,52.938212157168216,86.01710252849703
6103,2021-03-28,0,2021-03-21,spatial,47.14664771127863,4.0413323514485775,39.788477460509355,55.8655804967049
6103,2021-04-04,1,2021-03-21,spatial,47.05940048237662,6.255911256503269,36.24014449578033,61.108673946335045
6103,2021-04-11,2,2021-03-21,spatial,47.03000924574625,5.0098413492713485,38.07623719194547,58.08929486663824
6103,2021-04-18,3,2021-03-21,spatial,46.818572651711904,3.8991235771971127,39.675603819858964,55.24752074589644
6105,2021-03-28,0,2021-03-21,spatial,6.109662758360746,0.0613136035346341,5.988204896444308,6.233584131876474
6105,2021-04-04,1,2021-03-21,spatial,6.109786055051044,0.06145844576218941,5.988179407015097,6.233862264508151
6105,2021-04-11,2,2021-03-21,spatial,2.9978731258022857,0.27615544901824124,2.493532060237847,3.604222067852745
6105,2021-04-18,3,2021-03-21,spatial,3.0059635561989397,0.2861408103608279,2.4881037921607683,3.6316077044957646
6107,2021-03-28,0,2021-03-21,spatial,189.9043976256617,9.825866248468813,171.312592575883,210.51388981572393
6107,2021-04-04,1,2021-03-21,spatial,189.00747192580616,20.770431549433034,152.11347297532475,234.84983772331185
6107,2021-04-11,2,2021-03-21,spatial,190.13325246226452,24.505541497769595,147.5147497842902,245.0646714633083
6107,2021-04-18,3,2021-03-21,spatial,189.2474037921241,18.236972601031876,156.42613480599042,228.9552182982643
6109,2021-03-28,0,2021-03-21,spatial,16.054722014364565,1.8570928540215204,12.767357234767095,20.188524078939828
6109,2021-04-04,1,2021-03-21,spatial,15.976342851279359,2.4697797928087177,11.800054119659967,21.630708496189524
6109,2021-04-11,2,2021-03-21,spatial,15.865006754503096,2.5426986085431853,11.56862419366523,21.756989863864227
6109,2021-04-18,3,2021-03-21,spatial,15.97343289508698,2.4634140478737403,11.747728999940223,21.71913894635679
6111,2021-03-28,0,2021-03-21,spatial,380.78009504983976,44.11034956802361,302.269141003199,479.6833719279023
6111,2021-04-04,1,2021-03-21,spatial,379.91485217794616,52.34136126671056,289.0802374181377,499.29146383195365
6111,2021-04-11,2,2021-03-21,spatial,382.782943813563,52.48471217189957,291.88923639114523,501.98076464261925
6111,2021-04-18,3,2021-03-21,spatial,383.33844866171484,47.34698090231338,300.5350291154749,488.9558686548587
6113,2021-03-28,0,2021-03-21,spatial,73.27185244063216,7.531005382185969,59.77473457762971,89.81661563230091
6113,2021-04-04,1,2021-03-21,spatial,72.79439724162036,8.629655087474436,57.52634250159021,92.11474325217785
6113,2021-04-11,2,2021-03-21,spatial,77.02182242686611,4.017932840523309,69.39763210957366,85.48362457942282
6113,2021-04-18,3,2021-03-21,spatial,73.19708172444213,8.778894480659128,57.667580816902074,92.90857527015095
6115,2021-03-28,0,2021-03-21,spatial,50.14901512274757,3.913341339326933,42.899033345974935,58.62425144872246
6115,2021-04-04,1,2021-03-21,spatial,50.046464141439785,5.540189187746812,40.13139951620771,62.411194308059855
6115,2021-04-11,2,2021-03-21,spatial,49.99254843712068,5.775769636532995,39.749463698073356,62.875185391721324
6115,2021-04-18,3,2021-03-21,spatial,49.684935675990076,6.243370789409628,38.8298855636556,63.574558546673934
8001,2021-03-28,0,2021-03-21,spatial,655.6698867728134,83.86266327004812,509.23180562970407,844.2186754008146
8001,2021-04-04,1,2021-03-21,spatial,656.3722619824207,54.34211818608896,556.7380901144388,773.8370230988907
8001,2021-04-11,2,2021-03-21,spatial,658.5742385121689,62.08878980683566,546.4113399038173,793.7610293890117
8001,2021-04-18,3,2021-03-21,spatial,654.8770543133028,27.72332409793784,601.7883902528133,712.6491025955174
8003,2021-03-28,0,2021-03-21,spatial,3.009662755817605,0.2091538785705764,2.619433376429434,3.45802645154607
8003,2021-04-04,1,2021-03-21,spatial,2.9939425302513536,0.13395905044020096,2.738061743311484,3.2737362100560063
8003,2021-04-11,2,2021-03-21,spatial,2.993965245315395,0.25406862052113977,2.530097810623292,3.542878007529765
8003,2021-04-18,3,2021-03-21,spatial,2.9880951563207168,0.2806642386376992,2.477803061135224,3.6034795514121987
8005,2021-03-28,0,2021-03-21,spatial,797.2399842371559,91.93625468635125,634.9619864784487,1000.9915648517855
8005,2021-04-04,1,2021-03-21,spatial,790.8564054492073,75.36950841234568,653.9519781438967,956.4216868266974
8005,2021-04-11,2,2021-03-21,spatial,793.8294153820883,75.49821992932284,657.0588267235922,959.0695917870418
8005,2021-04-18,3,2021-03-21,spatial,795.7120293240939,65.69527357084314,675.5413246828521,937.2596619582345
8007,2021-03-28,0,2021-03-21,spatial,17.987119783123468,1.0769394919099766,15.967423369296071,20.26228469112704
8007,2021-04-04,1,2021-03-21,spatial,18.07538089155017,1.4699946244741715,15.382225597654234,21.2400599835463
8007,2021-04-11,2,2021-03-21,spatial,21.580476402831813,1.152356818160729,19.401641057335766,24.003998445126015
8007,2021-04-18,3,2021-03-21,spatial,18.043565219248787,1.6281513175839937,15.0758489788924,21.59548336396269
8009,2021-03-28,0,2021-03-21,spatial,1.9983851777864383,0.14774158992469555,1.7240927966210633,2.316315761322836
8009,2021-04-04,1,2021-03-21,spatial,2.0034406724586287,0.17380750817198662,1.685791811166386,2.3809431873348483
8009,2021-04-11,2,2021-03-21,spatial,1.9981119089757164,0.1884199619424928,1.6573741763197347,2.4089015370421536
8009,2021-04-18,3,2021-03-21,spatial,2.009267557623145,0.1986803108104849,1.6494805902396033,2.447531751513633
8011,2021-03-28,0,2021-03-21,spatial,0.9998418504917238,0.06365358111478746,0.8803118963503865,1.1356017454032168
8011,2021-04-04,1,2021-03-21,spatial,0.9991889862566132,0.10017268122210704,0.8181863325664208,1.2202338153521646
8011,2021-04-11,2,2021-03-21,spatial,0.9988319924594714,0.07504896525441733,0.8600342767056762,1.1600297525141336
8011,2021-04-18,3,2021-03-21,spatial,1.0028125189459596,0.13098350365795053,0.7741810588968601,1.2989635132480235
8013,2021-03-28,0,2021-03-21,spatial,373.8873512432546,29.774826992594708,319.1443090623419,438.02050498851247
8013,2021-04-04,1,2021-03-21,spatial,373.13447343243536,32.569188484246645,313.44867356102475,444.1854345145108
8013,2021-04-11,2,2021-03-21,spatial,371.7096322498792,25.302657647431957,324.44602515748386,425.8583554545768
8013,2021-04-18,3,2021-03-21,spatial,373.8859892650534,25.04273274586715,327.1810819709696,427.25799464503
8015,2021-03-28,0,2021-03-21,spatial,10.966575725064345,0.8620236155397796,9.382937640846505,12.817497860160609
8015,2021-04-04,1,2021-03-21,spatial,11.012116176999967,1.3058345306414076,8.700567885124903,13.937791681744162
8015,2021-04-11,2,2021-03-21,spatial,11.011682020625678,0.7302645107973359,9.645145890649873,12.571830669862551
8015,2021-04-18,3,2021-03-21,spatial,11.05010372051261,1.269152482776205,8.812123740674577,13.856454565030813
8017,2021-03-28,0,2021-03-21,spatial,0.999660075950908,0.009686741362819405,0.9804667370525356,1.0192291382105594
8017,2021-04-04,1,2021-03-21,spatial,0.9945544959081021,0.08333068512289328,0.8419364512432514,1.174837654160715
8017,2021-04-11,2,2021-03-21,spatial,0.9997626992141602,0.009954798801417742,0.9800699069262776,1.0198511837535371
8017,2021-04-18,3,2021-03-21,spatial,1.000025658928521,0.009920264823817644,0.9803884700664116,1.0200561808399065
8019,2021-03-28,0,2021-03-21,spatial,10.980420614091782,1.2458689155325824,8.765535431441545,13.754965433131945
8019,2021-04-04,1,2021-03-21,spatial,10.96563555882842,0.9012448844788488,9.311854510342405,12.913127355618528
8019,2021-04-11,2,2021-03-21,spatial,11.023902471133006,0.5770987527146156,9.930948256855537,12.237142169093492
8019,2021-04-18,3,2021-03-21,spatial,11.035665753094916,0.8457145496987035,9.47159490963718,12.858015970480006
8021,2021-03-28,0,2021-03-21,spatial,0.9989125095707758,0.038729149800721764,0.9244568864847026,1.079364777703451
8021,2021-04-04,1,2021-03-21,spatial,1.0005033799996073,0.06739849870309356,0.8750796383353845,1.1439039026148508
8021,2021-04-11,2,2021-03-21,spatial,0.9945416503262978,0.0749876495817217,0.8561152918105208,1.1553503408892165
8021,2021-04-18,3,2021-03-21,spatial,1.002752177227069,0.06572672953363144,0.8799324998060503,1.1427148436445491
8023,2021-03-28,0,2021-03-21,spatial,5.0044109827300645,0.3771992945051087,4.306327530542082,5.815658262509523
8023,2021-04-04,1,2021-03-21,spatial,5.012542641967602,0.3300475405192016,4.397200391820304,5.713995610543995
8023,2021-04-11,2,2021-03-21,spatial,4.990751974294914,0.27966107317241545,4.462946651610923,5.580977594688043
8023,2021-04-18,3,2021-03-21,spatial,4.993214527656279,0.4229326290082881,4.21571386428938,5.914109003078744
8025,2021-03-28,0,2021-03-21,spatial,16.054347222621008,1.6234225899237804,13.147000648122768,19.604628587379068
8025,2021-04-04,1,2021-03-21,spatial,15.909168185604107,1.6094696468375953,12.991426465612747,19.482204900884238
8025,2021-04-11,2,2021-03-21,spatial,16.008298547658953,0.899313032829542,14.310151639988927,17.907959946060924
8025,2021-04-18,3,2021-03-21,spatial,16.02986772518106,0.8875402530102625,14.352594525886376,17.903150459894462
8027,2021-03-28,0,2021-03-21,spatial,6.022938522062442,0.6572920888505757,4.846342646272683,7.4851885407738115
8027,2021-04-04,1,2021-03-21,spatial,6.002975647384095,0.4497653092662009,5.167732077866353,6.973216892847291
8027,2021-04-11,2,2021-03-21,spatial,6.006273854105847,0.3370055790522297,5.370426962979502,6.717403636470084
8027,2021-04-18,3,2021-03-21,spatial,5.995035073371028,0.4235809024030966,5.207653825565848,6.9014659450877724
8029,2021-03-28,0,2021-03-21,spatial,27.910917150926515,2.4063425154437463,23.510987430328377,33.134265352078536
8029,2021-04-04,1,2021-03-21,spatial,27.921963597902995,2.2115903395949794,23.8453645335468,32.69549727645349
8029,2021-04-11,2,2021-03-21,spatial,28.047989992433397,2.2113469990531374,23.955403117621607,32.83976223455637
8029,2021-04-18,3,2021-03-21,spatial,28.003523528446504,2.1106893494238816,24.09543988385187,32.54546643631957
8031,2021-03-28,0,2021-03-21,spatial,1173.5515250158082,118.62409829272205,960.4778141273308,1433.8937991173113
8031,2021-04-04,1,2021-03-21,spatial,1180.3664317666546,80.05351626228604,1031.3223308215086,1350.9500101018152
8031,2021-04-11,2,2021-03-21,spatial,1176.135746558708,60.0439703839459,1062.2629236103892,1302.2155471940073
8031,2021-04-18,3,2021-03-21,spatial,1174.2628074304575,68.78456484950527,1044.5624516382254,1320.0676883913368
8033,2021-03-28,0,2021-03-21,spatial,0.9996893653170152,0.009795605881604951,0.9802942986380035,1.0194681622819275
8033,2021-04-04,1,2021-03-21,spatial,1.0001367542367117,0.010227521463922484,0.9798965796700704,1.0207949980924875
8033,2021-04-11,2,2021-03-21,spatial,0.9957617184571936,0.07917919635269152,0.8499449449540244,1.1665948551508336
8033,2021-04-18,3,2021-03-21,spatial,1.000353560656472,0.11393954136387102,0.7984381377383316,1.2533309708284988
8035,2021-03-28,0,2021-03-21,spatial,619.2172279312563,62.89777953376685,506.37417843020745,757.2068081266051
8035,2021-04-04,1,2021-03-21,spatial,616.5933874320228,44.16055230896541,534.5315058388177,711.2535019395807
8035,2021-04-11,2,2021-03-21,spatial,617.4447148618157,71.28051111639543,491.2351076580129,776.0804754537178
8035,2021-04-18,3,2021-03-21,spatial,619.3816671852899,61.233649528577864,508.69774163259837,754.1485213085623
8037,2021-03-28,0,2021-03-21,spatial,166.4580702377091,16.98664432899863,136.06464620225665,203.64062172384175
8037,2021-04-04,1,2021-03-21,spatial,166.5490779837678,9.785943793504877,148.15304104415284,187.22933516414597
8037,2021-04-11,2,2021-03-21,spatial,165.8805942681173,14.483990871283842,139.3770152952518,197.4240264541033
8037,2021-04-18,3,2021-03-21,spatial,166.31759685036988,11.514615467927628,144.84713797433238,190.9705873994137
8039,2021-03-28,0,2021-03-21,spatial,30.95172422560276,3.0265888282456435,25.487393493205534,37.587571784974884
8039,2021-04-04,1,2021-03-21,spatial,30.9847650266472,2.1274431400775384,27.025869958196225,35.52358037841368
8039,2021-04-11,2,2021-03-21,spatial,30.860473972393297,2.346465300274416,26.5012663386098,35.936730027623405
8039,2021-04-18,3,2021-03-21,spatial,30.96671158233074,2.8191505278413818,25.82657826726927,37.12985964689501
8041,2021-03-28,0,2021-03-21,spatial,1039.9698211331115,105.34017426468176,850.8025382778435,1271.1965235280513
8041,2021-04-04,1,2021-03-21,spatial,1043.0029682259526,45.438914991606424,955.8583199467377,1138.09250704515
8041,2021-04-11,2,2021-03-21,spatial,1039.7583429421577,110.04892601444534,842.690389097576,1282.9117617866173
8041,2021-04-18,3,2021-03-21,spatial,1040.9714814316992,52.446799949049634,941.8237668402924,1150.5566787611756
8043,2021-03-28,0,2021-03-21,spatial,41.93627801241413,3.4327804830891853,35.5959571903653,49.40593124464427
8043,2021-04-04,1,2021-03-21,spatial,41.929981522129374,2.9253623367225168,36.47896980365976,48.19553183406311
8043,2021-04-11,2,2021-03-21,spatial,42.105392871350325,4.7472959670197525,33.6543791695597,52.67855633047335
8043,2021-04-18,3,2021-03-21,spatial,41.895702000325386,4.288739979072716,34.19885917206152,51.324806984614455
8045,2021-03-28,0,2021-03-21,spatial,101.53165779743355,9.676651391959302,83.8973451449525,122.87251184509438
8045,2021-04-04,1,2021-03-21,spatial,100.89357374434258,9.280908958477957,83.9987757608132,121.18644742979698
8045,2021-04-11,2,2021-03-21,spatial,101.09965967514448,7.708979000527179,86.8560537418149,117.67908794029509
8045,2021-04-18,3,2021-03-21,spatial,101.25530383929986,9.014543266425694,84.76465241905585,120.95415085172985
8047,2021-03-28,0,2021-03-21,spatial,1.0016105661469796,0.05181979380391668,0.9032326540549778,1.110703562048377
8047,2021-04-04,1,2021-03-21,spatial,1.0005622535405525,0.06346504526218652,0.8816050911893051,1.1355706009587678
8047,2021-04-11,2,2021-03-21,spatial,1.0006495197041445,0.0802417661552928,0.8534634302707872,1.1732189403433986
8047,2021-04-18,3,2021-03-21,spatial,1.0030802685459752,0.09118748386806652,0.8365317325463286,1.2027876361409189
8049,2021-03-28,0,2021-03-21,spatial,14.031986098670073,0.9435420983170096,12.271368294436476,16.04520613748819
8049,2021-04-04,1,2021-03-21,spatial,13.995551485452136,0.902738705982574,12.308857598972287,15.913374560308172
8049,2021-04-11,2,2021-03-21,spatial,13.990237377308429,0.972405357878675,12.179791766492711,16.069793771999702
8049,2021-04-18,3,2021-03-21,spatial,14.031714537963767,1.3385057734800092,11.610747913620667,16.957478910030556
8051,2021-03-28,0,2021-03-21,spatial,11.985045567376506,0.8278383463008031,10.442225916211274,13.755813981106455
8051,2021-04-04,1,2021-03-21,spatial,12.036988146891419,0.8127548745429044,10.517076151370908,13.776555533404418
8051,2021-04-11,2,2021-03-21,spatial,12.013206765804096,0.9195204704003416,10.313061719133225,13.993626793701631
8051,2021-04-18,3,2021-03-21,spatial,11.933635260862427,1.3235815284387826,9.575392125566012,14.872670348305016
8053,2021-03-28,0,2021-03-21,spatial,0.9993362554857054,0.010295691230818456,0.9789495392310276,1.0201475270243818
8053,2021-04-04,1,2021-03-21,spatial,0.9998425340945096,0.01029824405124487,0.9794584382042034,1.0206508556069125
8053,2021-04-11,2,2021-03-21,spatial,0.9997172957970278,0.009562771771989309,0.9807671714730384,1.019033569419587
8053,2021-04-18,3,2021-03-21,spatial,1.0001546638293368,0.009850182177182849,0.9806457442484844,1.020051692924195
8055,2021-03-28,0,2021-03-21,spatial,6.001749168365289,0.6263153017970429,4.8840173575846615,7.375279496915474
8055,2021-04-04,1,2021-03-21,spatial,5.981128869080014,0.4536292003010224,5.140280153071445,6.959523894269962
8055,2021-04-11,2,2021-03-21,spatial,5.9992185130468245,0.31882428646077704,5.394543647760099,6.671671436420325
8055,2021-04-18,3,2021-03-21,spatial,5.9851975694047415,0.5671046312514519,4.960680020447447,7.221306312269918
8057,2021-03-28,0,2021-03-21,spatial,0.9998599029941884,0.00977984001839416,0.9805040556167522,1.019597848564439
8057,2021-04-04,1,2021-03-21,spatial,1.0000960650446742,0.010574718059738746,0.9791833850899759,1.0214553826665824
8057,2021-04-11,2,2021-03-21,spatial,1.000247009335624,0.08310431645160271,0.8486047297871534,1.1789871592346688
8057,2021-04-18,3,2021-03-21,spatial,0.9998742204175409,0.10984686869688146,0.804449889351872,1.2427728189024445
8059,2021-03-28,0,2021-03-21,spatial,730.39823020621,58.15347288352407,623.1396448454394,856.1188155837621
8059,2021-04-04,1,2021-03-21,spatial,730.03668395661,77.8272945827755,590.6273453051508,902.3516505945216
8059,2021-04-11,2,2021-03-21,spatial,727.4470919896919,65.63218948126813,608.0757691286948,870.2521930819818
8059,2021-04-18,3,2021-03-21,spatial,731.2360977368937,64.83985060539129,613.5864248581086,871.4440361960918
8061,2021-03-28,0,2021-03-21,spatial,0.9997454615989531,0.009692075183475526,0.9805565171574776,1.0193099229865046
8061,2021-04-04,1,2021-03-21,spatial,0.9994661713419593,0.010021489126523729,0.9796339785355501,1.019699856828419
8061,2021-04-11,2,2021-03-21,spatial,1.0003446723761815,0.010065977343460892,0.9804184898563516,1.02067583782312
8061,2021-04-18,3,2021-03-21,spatial,0.9997861807771335,0.01014590020086634,0.9796834627773834,1.020301398616201
8063,2021-03-28,0,2021-03-21,spatial,18.097595351307053,1.7516243263245952,14.930237922356735,21.93688802569002
8063,2021-04-04,1,2021-03-21,spatial,18.041407718563065,1.9435703106694184,14.564913422606427,22.347705271095208
8063,2021-04-11,2,2021-03-21,spatial,17.970844596373233,1.0848289832844695,15.929154547418225,20.274224507372907
8063,2021-04-18,3,2021-03-21,spatial,17.971572448202124,1.6003297136213792,15.066835744709234,21.43631361843127
8065,2021-03-28,0,2021-03-21,spatial,11.005353641875804,0.663569784774224,9.758490261024338,12.4115314503614
8065,2021-04-04,1,2021-03-21,spatial,10.965557399282057,0.5802508153444638,9.86373425839285,12.190459102711205
8065,2021-04-11,2,2021-03-21,spatial,10.980475987370939,0.6386335458857082,9.775170506324683,12.334398958178644
8065,2021-04-18,3,2021-03-21,spatial,11.024478683910353,0.7758819023918201,9.582823926633179,12.683018198237445
8067,2021-03-28,0,2021-03-21,spatial,75.98492418259164,4.016845029548544,68.3811574003809,84.43420559889555
8067,2021-04-04,1,2021-03-21,spatial,76.12958874629581,6.283860373863018,64.58357976614539,89.73974969591627
8067,2021-04-11,2,2021-03-21,spatial,75.76176290207606,7.439226618244731,62.36878909092788,92.03072244455844
8067,2021-04-18,3,2021-03-21,spatial,75.92506134745074,4.2486517813076015,67.92915089500791,84.86216689980436
8069,2021-03-28,0,2021-03-21,spatial,490.173118345308,5.13604400598655,480.00295134102475,500.5587679765334
8069,2021-04-04,1,2021-03-21,spatial,490.3393454926657,4.915512186711228,480.60629232414567,500.2695086980168
8069,2021-04-11,2,2021-03-21,spatial,490.2343389273414,5.010904278024551,480.31762829969836,500.35579146716583
8069,2021-04-18,3,2021-03-21,spatial,537.5840086700421,45.655296869166136,453.84191836044573,636.7780380926117
8071,2021-03-28,0,2021-03-21,spatial,10.381053136232968,0.10181463307260263,10.179380480050824,10.586721306712985
8071,2021-04-04,1,2021-03-21,spatial,10.380045107764355,0.1021570613717292,10.177808054888562,10.586300690497985
8071,2021-04-11,2,2021-03-21,spatial,10.039432640854743,0.6797089947180651,8.767924857174037,11.49533206455251
8071,2021-04-18,3,2021-03-21,spatial,9.982275443788133,0.971844298623118,8.235414955446625,12.099672399598171
8073,2021-03-28,0,2021-03-21,spatial,1.99866395078812,0.1632592376816016,1.698284188368281,2.3521726313768845
8073,2021-04-04,1,2021-03-21,spatial,2.0081658028418348,0.16573835923065794,1.704391558175655,2.3660818268895563
8073,2021-04-11,2,2021-03-21,spatial,1.989012687856284,0.2008549412903501,1.6279465886798994,2.4301604855853016
8073,2021-04-18,3,2021-03-21,spatial,1.9926111135317,0.21049023615863646,1.6151584732868318,2.458272123409732
8075,2021-03-28,0,2021-03-21,spatial,36.73899580964461,3.739276956085176,30.00772073876439,44.980217753008226
8075,2021-04-04,1,2021-03-21,spatial,37.609408755146276,2.8964327303644217,32.26677576555951,43.836658400230654
8075,2021-04-11,2,2021-03-21,spatial,36.961187878450225,2.0197104526492784,33.140509729900145,41.22234149445028
8075,2021-04-18,3,2021-03-21,spatial,36.96493783054545,1.8243113473659944,33.50326742903568,40.78427967392491
8077,2021-03-28,0,2021-03-21,spatial,60.85553788451518,5.55793632928586,50.73318060337416,72.99752247284405
8077,2021-04-04,1,2021-03-21,spatial,61.157703541265725,7.2331544041617635,48.408909135681256,77.26397411596434
8077,2021-04-11,2,2021-03-21,spatial,61.10804701412989,6.974821867246428,48.818739376463384,76.49098394542824
8077,2021-04-18,3,2021-03-21,spatial,61.15601665131669,5.200909086538101,51.633197629647576,72.43514917442562
8079,2021-03-28,0,2021-03-21,spatial,0.9924734881850792,0.10299393837779668,0.8080444301557811,1.218996862041809
8079,2021-04-04,1,2021-03-21,spatial,0.9983608156312208,0.08046241138179397,0.8503351246917369,1.1721547061215054
8079,2021-04-11,2,2021-03-21,spatial,1.001082576908942,0.07462260242669615,0.8627694768578872,1.1615690548539437
8079,2021-04-18,3,2021-03-21,spatial,0.9995966309142534,0.08376472319194954,0.8458702666314151,1.1812608433611265
8081,2021-03-28,0,2021-03-21,spatial,1.0013964802658422,0.06090707926071778,0.8866329163037746,1.1310147550908694
8081,2021-04-04,1,2021-03-21,spatial,0.99810727213464,0.08911389736959653,0.8370040095048129,1.1902190615280726
8081,2021-04-11,2,2021-03-21,spatial,0.9970503974442552,0.07089611585839188,0.8655743955762942,1.1484968826762432
8081,2021-04-18,3,2021-03-21,spatial,0.997904173046126,0.09106737067512226,0.8320497219157758,1.1968187866105362
8083,2021-03-28,0,2021-03-21,spatial,14.906359918978907,1.448192473061049,12.2742364036365,18.102923776855853
8083,2021-04-04,1,2021-03-21,spatial,15.0256561496829,1.4261277147402658,12.449085491746892,18.135496207988755
8083,2021-04-11,2,2021-03-21,spatial,14.970595511344664,0.9976970336390086,13.109218679084206,17.096269079855617
8083,2021-04-18,3,2021-03-21,spatial,14.962086200694067,1.8454021239032399,11.720449254279487,19.10029373620302
8085,2021-03-28,0,2021-03-21,spatial,18.973850000026907,2.062903402608529,15.279241035009415,23.561836808427515
8085,2021-04-04,1,2021-03-21,spatial,19.00651130509663,0.9568389368886608,17.193273273032574,21.010977156826662
8085,2021-04-11,2,2021-03-21,spatial,18.980345821199347,1.1993324588920176,16.730441997731948,21.532815901765
8085,2021-04-18,3,2021-03-21,spatial,18.97103038188137,1.2649033985395768,16.613597723159327,21.662977504780073
8087,2021-03-28,0,2021-03-21,spatial,21.97071533448945,1.0493630273415215,19.97061704888153,24.17112756844959
8087,2021-04-04,1,2021-03-21,spatial,22.038739919306078,1.1695463079537205,19.82784290988213,24.496162262246948
8087,2021-04-11,2,2021-03-21,spatial,21.999506159123296,2.0150563195946183,18.313005693120026,26.42811777354106
8087,2021-04-18,3,2021-03-21,spatial,21.942490692976516,1.9431458902262881,18.411069367891287,26.151272812596353
8089,2021-03-28,0,2021-03-21,spatial,5.015406730062262,0.4615985739755501,4.175136030705966,6.024786853160457
8089,2021-04-04,1,2021-03-21,spatial,4.992118777712587,0.3938156095332626,4.269665977463842,5.836814875526563
8089,2021-04-11,2,2021-03-21,spatial,4.9875686609220775,0.5203325210447993,4.049237914072767,6.143338987555727
8089,2021-04-18,3,2021-03-21,spatial,4.989987273168903,0.3967546102339887,4.257548341840317,5.848429891373741
8091,2021-03-28,0,2021-03-21,spatial,4.990865373639278,0.39968169329437,4.257852546781255,5.850070406177269
8091,2021-04-04,1,2021-03-21,spatial,4.993769509877206,0.3755871388759893,4.296864298629502,5.803705256815579
8091,2021-04-11,2,2021-03-21,spatial,5.0006554322581565,0.4239626829407173,4.224808134399383,5.918979976525736
8091,2021-04-18,3,2021-03-21,spatial,4.995141698408752,0.5689586356480846,3.9856102233546666,6.260381519741378
8093,2021-03-28,0,2021-03-21,spatial,23.30640325740181,0.4363009072758721,22.451385659411716,24.19398254685999
8093,2021-04-04,1,2021-03-21,spatial,24.963229944108942,2.1354324538816303,21.04241278829949,29.61461005027728
8093,2021-04-11,2,2021-03-21,spatial,25.0160667521645,1.4293807955709452,22.31806737067725,28.040223436683718
8093,2021-04-18,3,2021-03-21,spatial,25.081175367623313,1.895710538683975,21.573110502001306,29.159696640088924
8095,2021-03-28,0,2021-03-21,spatial,0.9154790436437048,0.06485726290598867,0.7953724420287105,1.053722551931891
8095,2021-04-04,1,2021-03-21,spatial,0.9963930669381428,0.05701801571820594,0.8888239104009675,1.1169806890034328
8095,2021-04-11,2,2021-03-21,spatial,1.0001653639320105,0.05644631268203655,0.8935412809986679,1.1195126363845542
8095,2021-04-18,3,2021-03-21,spatial,1.0020577784947873,0.0744001479328279,0.8644434680407735,1.1615794769294812
8097,2021-03-28,0,2021-03-21,spatial,94.00411132596048,9.20438387961866,77.42136955709636,114.13868027310816
8097,2021-04-04,1,2021-03-21,spatial,93.88114201831499,6.880542756447351,81.07629783773098,108.70832859565228
8097,2021-04-11,2,2021-03-21,spatial,93.9883725213665,8.872123526992016,77.93413709089452,113.34973990810076
8097,2021-04-18,3,2021-03-21,spatial,94.02288628417864,8.807769813247353,78.13472816992281,113.14179177768713
8099,2021-03-28,0,2021-03-21,spatial,2.0066622346997725,0.1261329814252658,1.76932951297036,2.2758300783725978
8099,2021-04-04,1,2021-03-21,spatial,1.9940473701366423,0.16810009769780612,1.6856675503403915,2.358842889006157
8099,2021-04-11,2,2021-03-21,spatial,2.0019196823041314,0.1935289188521505,1.6540134069530423,2.42300479400555
8099,2021-04-18,3,2021-03-21,spatial,2.01771690044381,0.19169033663858595,1.6721495330399554,2.4346994152701154
8101,2021-03-28,0,2021-03-21,spatial,171.1373291282627,14.750531968112732,144.33953709839506,202.9103460487749
8101,2021-04-04,1,2021-03-21,spatial,172.29442342236675,19.33374393674222,137.6881948497785,215.59850047299497
8101,2021-04-11,2,2021-03-21,spatial,171.32938600251018,19.40046265096113,137.24853226326817,213.8730230767873
8101,2021-04-18,3,2021-03-21,spatial,171.33252800878608,18.02986575553944,139.0130789822826,211.16599509045326
8103,2021-03-28,0,2021-03-21,spatial,11.970415491261685,1.2462337552251708,9.746714317564752,14.701451418885881
8103,2021-04-04,1,2021-03-21,spatial,12.095887483681825,1.3222836955277144,9.728053562265774,15.040058433211712
8103,2021-04-11,2,2021-03-21,spatial,11.998553941044914,1.09842185141947,10.002695421187486,14.39265024217576
8103,2021-04-18,3,2021-03-21,spatial,11.94846263978631,1.0786523154869878,9.985426673150544,14.297412031300276
8105,2021-03-28,0,2021-03-21,spatial,5.9818124210879375,0.3787691513818167,5.275885461516617,6.782194212153338
8105,2021-04-04,1,2021-03-21,spatial,5.989711284481017,0.3269952419054496,5.371733638773409,6.67878262102947
8105,2021-04-11,2,2021-03-21,spatial,6.015120704672492,0.5787753506767045,4.9599085318336105,7.294827487152035
8105,2021-04-18,3,2021-03-21,spatial,6.014343384689878,0.4729438578322529,5.144925990864012,7.0306796275000085
8107,2021-03-28,0,2021-03-21,spatial,29.01101348677803,2.1380970125915204,25.032981435983586,33.62120112150147
8107,2021-04-04,1,2021-03-21,spatial,28.96695827001308,1.9523708548745016,25.34063099588819,33.11222485157652
8107,2021-04-11,2,2021-03-21,spatial,28.924268200079716,2.3939000734094327,24.51287754042545,34.12954229997848
8107,2021-04-18,3,2021-03-21,spatial,30.24309279583379,2.0150292994498766,26.48463645437639,34.53491473945739
8109,2021-03-28,0,2021-03-21,spatial,3.0183863428135114,0.3560592511637731,2.394233129814144,3.8052502076898236
8109,2021-04-04,1,2021-03-21,spatial,2.9925267746285145,0.2932177925856778,2.4661174485112274,3.63130170555126
8109,2021-04-11,2,2021-03-21,spatial,2.999714321247604,0.272402633851322,2.504308584688032,3.5931218956464632
8109,2021-04-18,3,2021-03-21,spatial,2.9992424215390026,0.20912767425566384,2.6107394551562355,3.4455583399534686
8111,2021-03-28,0,2021-03-21,spatial,0.9998210385614272,0.009887675389620449,0.9802434586678921,1.0197896250269511
8111,2021-04-04,1,2021-03-21,spatial,0.9997932880170703,0.010074009028912414,0.979843947563405,1.0201487912944445
8111,2021-04-11,2,2021-03-21,spatial,0.9995740125749092,0.010098980664665056,0.9795780966920412,1.0199781007651667
8111,2021-04-18,3,2021-03-21,spatial,0.9997289461337736,0.009972412057341515,0.979988168551984,1.0198673798424829
8113,2021-03-28,0,2021-03-21,spatial,3.0012787723268217,0.30564981467233193,2.4527750954677527,3.6724419967668505
8113,2021-04-04,1,2021-03-21,spatial,2.9931663679624507,0.30727803040201324,2.4437950509839346,3.6660377484169087
8113,2021-04-11,2,2021-03-21,spatial,2.9871154319773883,0.25253639076768897,2.524958960517309,3.533862824498881
8113,2021-04-18,3,2021-03-21,spatial,3.0089783285864438,0.28268615451872514,2.4981695248299007,3.6242338607982765
8115,2021-03-28,0,2021-03-21,spatial,1.0042209893744434,0.06560164469959477,0.8815566099881558,1.1439535295569216
8115,2021-04-04,1,2021-03-21,spatial,1.0050873679111425,0.11154164285299792,0.8076574978942098,1.2507784794525219
8115,2021-04-11,2,2021-03-21,spatial,1.0015792560306658,0.08715361357545108,0.8422844950229399,1.1910002048460129
8115,2021-04-18,3,2021-03-21,spatial,0.9977857486219368,0.04770479918723383,0.9069551294107464,1.0977129605076166
8117,2021-03-28,0,2021-03-21,spatial,132.54952988495415,9.725335167318633,114.49849271157714,153.44636821534232
8117,2021-04-04,1,2021-03-21,spatial,131.97729329334004,7.935520372488647,117.0655464566878,148.7884904845223
8117,2021-04-11,2,2021-03-21,spatial,132.03238231456075,14.026306605547989,106.99783131534029,162.9243300107806
8117,2021-04-18,3,2021-03-21,spatial,131.89546188874027,10.76119753712924,112.1193452948728,155.15977926103423
8119,2021-03-28,0,2021-03-21,spatial,38.87504321060708,3.5224185616716612,32.46979858521804,46.54383613314364
8119,2021-04-04,1,2021-03-21,spatial,39.07515309723762,4.019847364398232,31.82475967959485,47.97734860984808
8119,2021-04-11,2,2021-03-21,spatial,38.91246999982022,3.6993591087258406,32.248381067603525,46.95368484739355
8119,2021-04-18,3,2021-03-21,spatial,38.94922893029965,3.3564418053958924,32.80740931110659,46.240848214470674
8121,2021-03-28,0,2021-03-21,spatial,6.022277951859308,0.6098422870723682,4.921460414249159,7.36932306200088
8121,2021-04-04,1,2021-03-21,spatial,5.981130440622561,0.5231576036487693,5.029024273903917,7.113491484496524
8121,2021-04-11,2,2021-03-21,spatial,6.024776099500327,0.569283297755378,4.996539387478261,7.264613412250081
8121,2021-04-18,3,2021-03-21,spatial,6.004209960337918,0.3918253719472412,5.274392371440459,6.8350123974518615
8123,2021-03-28,0,2021-03-21,spatial,414.5732975619728,19.17549788089183,377.9837103693738,454.70483075435186
8123,2021-04-04,1,2021-03-21,spatial,416.19432950387306,42.74733982020504,339.41410050586336,510.34332295863504
8123,2021-04-11,2,2021-03-21,spatial,412.97216666266985,35.131114039049514,348.7394854328119,489.0355625386084
8123,2021-04-18,3,2021-03-21,spatial,415.8797647725149,43.431480297851664,337.6291104476959,512.2661920884218
8125,2021-03-28,0,2021-03-21,spatial,17.023767005500815,1.4641705956610618,14.348099930831617,20.198398704683456
8125,2021-04-04,1,2021-03-21,spatial,17.065478202775132,0.9815685333711932,15.212628491991095,19.14399910855088
8125,2021-04-11,2,2021-03-21,spatial,17.038083780097793,1.432311518713788,14.410959477371163,20.14413400811167
8125,2021-04-18,3,2021-03-21,spatial,16.986601423937994,1.270695412565649,14.634186696279832,19.71716187064112
9001,2021-03-28,0,2021-03-21,spatial,1948.3351937433456,19.18874808238854,1910.3451712374356,1987.0807037034235
9001,2021-04-04,1,2021-03-21,spatial,1948.1200083199399,19.56356795889944,1909.4201000329135,1987.6042819236386
9001,2021-04-11,2,2021-03-21,spatial,1947.951694635114,19.286081779309672,1909.7524605199449,1986.9149971398529
9001,2021-04-18,3,2021-03-21,spatial,1947.5028338205718,19.64420976221272,1908.598138739998,1987.200558753051
9003,2021-03-28,0,2021-03-21,spatial,1397.9959241338354,74.47859089081223,1257.1129765410162,1554.6674327333621
9003,2021-04-04,1,2021-03-21,spatial,1347.232477713607,98.28611044483952,1164.653448972614,1558.4338419359494
9003,2021-04-11,2,2021-03-21,spatial,1259.028859355372,67.48238055421177,1131.4465293432206,1400.9974201872674
9003,2021-04-18,3,2021-03-21,spatial,1564.9998560502868,107.7056187837306,1365.2301041694213,1794.001276383718
9005,2021-03-28,0,2021-03-21,spatial,373.10787164340377,34.21840794553221,311.2617441758336,447.24251048220833
9005,2021-04-04,1,2021-03-21,spatial,371.6525124732845,33.52984408781021,310.10093512817963,445.4213914918088
9005,2021-04-11,2,2021-03-21,spatial,302.1720593060883,16.67924460464348,270.63723714758584,337.38133890086016
9005,2021-04-18,3,2021-03-21,spatial,295.9513920103072,2.7458138995328207,290.5131671311438,301.49141705959147
9007,2021-03-28,0,2021-03-21,spatial,270.4736369654348,14.191510025850075,243.69075501968084,300.20009699342774
9007,2021-04-04,1,2021-03-21,spatial,269.88018744552727,14.490120223308582,242.5788437850047,300.2541954573177
9007,2021-04-11,2,2021-03-21,spatial,315.5737699891753,34.30634038829869,254.3279354916094,391.5684846522353
9007,2021-04-18,3,2021-03-21,spatial,309.43271494559184,43.090980071791314,235.35615964948468,406.8243007584677
9009,2021-03-28,0,2021-03-21,spatial,1972.6908722223184,20.271099601560444,1932.56259420082,2013.6523851940344
9009,2021-04-04,1,2021-03-21,spatial,1972.1531633260456,19.825844788564805,1932.891040465645,2012.2128036146066
9009,2021-04-11,2,2021-03-21,spatial,1972.9905443156354,19.24925151497613,1934.8729853442267,2011.8590302537984
9009,2021-04-18,3,2021-03-21,spatial,2575.355228433025,223.79084245710263,2166.5844713719807,3061.2490028682532
9011,2021-03-28,0,2021-03-21,spatial,356.9328628286566,3.5880500127779578,349.82832197128874,364.181687317806
9011,2021-04-04,1,2021-03-21,spatial,356.84925229637366,3.393795202626257,350.1272406917173,363.7003182411719
9011,2021-04-11,2,2021-03-21,spatial,357.08971155100664,3.6525287822224968,349.86373924578805,364.46492674680985
9011,2021-04-18,3,2021-03-21,spatial,357.07881781202974,3.6569470851716437,349.84178144344116,364.46556384418153
9013,2021-03-28,0,2021-03-21,spatial,164.29933956965127,8.315768742861744,148.49370473647875,181.78732243853975
9013,2021-04-04,1,2021-03-21,spatial,157.64311457386333,1.5482461758833554,154.57689046679138,160.77016103443452
9013,2021-04-11,2,2021-03-21,spatial,194.0371619750496,10.576739771397737,173.99070011452415,216.393291150328
9013,2021-04-18,3,2021-03-21,spatial,178.1469659000497,12.939486098640964,154.16140624043027,205.8643744459456
9015,2021-03-28,0,2021-03-21,spatial,162.19596897221317,1.6182100123937593,158.99196573642246,165.46453922362264
9015,2021-04-04,1,2021-03-21,spatial,162.2265652232577,1.6024923648716212,159.05287647225813,165.46358071509718
9015,2021-04-11,2,2021-03-21,spatial,162.10127751215177,1.5888399491325864,158.95694503368657,165.3078081332211
9015,2021-04-18,3,2021-03-21,spatial,162.17166505541076,1.6318993959891896,158.93897591309675,165.4701044583565
10001,2021-03-28,0,2021-03-21,spatial,267.9413054752208,16.150450161110466,237.7080300691228,302.0198482940991
10001,2021-04-04,1,2021-03-21,spatial,243.77919933710683,17.5204228706642,211.30863684167815,281.2393232841077
10001,2021-04-11,2,2021-03-21,spatial,244.3112005144456,17.123398297989173,212.482455523766,280.9077227090574
10001,2021-04-18,3,2021-03-21,spatial,247.65196605561368,17.942906301186053,214.20932833564493,286.3157116813812
10003,2021-03-28,0,2021-03-21,spatial,1227.0023929475929,12.405463368368672,1202.4437689859649,1252.0626004563646
10003,2021-04-04,1,2021-03-21,spatial,1227.3893659333255,11.811707758325687,1203.9966882904546,1251.2365443008455
10003,2021-04-11,2,2021-03-21,spatial,1227.224570369823,12.047013589807253,1203.3779870980954,1251.5437063555207
10003,2021-04-18,3,2021-03-21,spatial,1227.2176211007852,11.967252448119082,1203.5232885890173,1251.3784351493055
10005,2021-03-28,0,2021-03-21,spatial,187.76362930129253,10.278514045830118,168.32360694520258,209.44881783498408
10005,2021-04-04,1,2021-03-21,spatial,187.31044247190303,10.13485970748335,168.1638236003923,208.63703683613343
10005,2021-04-11,2,2021-03-21,spatial,185.09273648203373,12.952312556531401,161.07603801157288,212.69036364022156
10005,2021-04-18,3,2021-03-21,spatial,185.14437060150382,13.334681040633562,160.5042620880165,213.5671509248119
11001,2021-03-28,0,2021-03-21,spatial,910.2698425880777,8.921756544396928,892.6079033672019,928.2812567529517
11001,2021-04-04,1,2021-03-21,spatial,909.7279864166491,8.903402512383899,892.0903333102855,927.7143562341846
11001,2021-04-11,2,2021-03-21,spatial,909.1261918294521,8.934483807217399,891.4395197243882,927.1637776681237
11001,2021-04-18,3,2021-03-21,spatial,909.9647389586523,9.261797221309704,891.6335114495007,928.6728409321183
12001,2021-03-28,0,2021-03-21,spatial,229.12461063358845,17.028735268363768,197.5972483538814,265.6822786518439
12001,2021-04-04,1,2021-03-21,spatial,245.23695378009393,35.96391373524726,183.9676725911848,326.91158534677083
12001,2021-04-11,2,2021-03-21,spatial,245.6792438214503,38.58838777835841,180.72842381678927,333.97231918465104
12001,2021-04-18,3,2021-03-21,spatial,244.49365085409096,14.211012780092785,217.66231411310662,274.6324992065433
12003,2021-03-28,0,2021-03-21,spatial,14.960422657909348,1.581939994696579,12.123055582214525,18.461867520564734
12003,2021-04-04,1,2021-03-21,spatial,14.9965834032463,1.5522800013482076,12.197231294503238,18.438406908941204
12003,2021-04-11,2,2021-03-21,spatial,15.080695754934007,1.538785896631032,12.325979652705007,18.45105953935064
12003,2021-04-18,3,2021-03-21,spatial,14.900410534672087,1.5504835106007393,12.123797343381922,18.312928516820122
12005,2021-03-28,0,2021-03-21,spatial,72.05256415402387,5.457868715040106,61.94528545372233,83.80899310001907
12005,2021-04-04,1,2021-03-21,spatial,72.01644739978214,8.140131607600813,57.52176920787427,90.16358097997472
12005,2021-04-11,2,2021-03-21,spatial,72.1273489109156,6.6596732644283945,60.00919127329112,86.69262742143337
12005,2021-04-18,3,2021-03-21,spatial,72.21382771291705,6.425073620923513,60.57738553827353,86.08553945689961
12007,2021-03-28,0,2021-03-21,spatial,15.077489373216032,1.4196391789046547,12.496145977784224,18.192063873420913
12007,2021-04-04,1,2021-03-21,spatial,14.99344838812766,1.7934124930444248,11.83823923241034,18.989605646081927
12007,2021-04-11,2,2021-03-21,spatial,15.067303991076267,2.438820103863292,10.952296949148977,20.728405248101247
12007,2021-04-18,3,2021-03-21,spatial,14.96735513082427,2.3492925160674507,11.01460537057636,20.338606066691
12009,2021-03-28,0,2021-03-21,spatial,712.9828530900099,87.01185491852878,560.6557745447817,906.6963578732699
12009,2021-04-04,1,2021-03-21,spatial,719.7528365589749,111.0636147472705,532.0415554953767,973.6911344309308
12009,2021-04-11,2,2021-03-21,spatial,713.89437672046,67.46495302117604,591.7943724557034,861.186257987341
12009,2021-04-18,3,2021-03-21,spatial,714.3917525628748,117.04422302879244,517.9321840930211,985.3714285463196
12011,2021-03-28,0,2021-03-21,spatial,4367.5355613507345,466.93175870662424,3534.413244549654,5397.039214098412
12011,2021-04-04,1,2021-03-21,spatial,4333.640418916778,581.9423449585607,3321.7238190533617,5653.823226586403
12011,2021-04-11,2,2021-03-21,spatial,4372.744786516594,635.2266244568433,3288.588565256864,5814.317172423353
12011,2021-04-18,3,2021-03-21,spatial,4385.461191041414,419.69464266085856,3625.496343307309,5304.727418532163
12013,2021-03-28,0,2021-03-21,spatial,6.023542579405713,0.555858145276138,5.015033081057745,7.234860592038403
12013,2021-04-04,1,2021-03-21,spatial,6.017192070393138,0.8272962780888501,4.584999669194628,7.896750932233298
12013,2021-04-11,2,2021-03-21,spatial,6.008484045720175,0.7421353956910741,4.70413221889791,7.674503786828487
12013,2021-04-18,3,2021-03-21,spatial,5.994221293939688,0.8520541324814017,4.528521799368528,7.9343084813526294
12015,2021-03-28,0,2021-03-21,spatial,247.10245095879262,26.42079904517849,199.96872832213225,305.3458497344683
12015,2021-04-04,1,2021-03-21,spatial,247.8806064352372,30.122785694663182,195.33472660430243,314.56155346699927
12015,2021-04-11,2,2021-03-21,spatial,246.24440872974048,27.509400114878503,197.46885933297227,307.0677018922485
12015,2021-04-18,3,2021-03-21,spatial,230.6612586235688,17.104077355064884,198.99669669368407,267.3643186736251
12017,2021-03-28,0,2021-03-21,spatial,111.29731269773693,15.678926476405664,84.40379580364687,146.75989030818704
12017,2021-04-04,1,2021-03-21,spatial,110.80608420240854,13.166131652711377,87.63300874803656,140.106889763115
12017,2021-04-11,2,2021-03-21,spatial,110.45274170995656,12.915942558076651,87.35187340788592,139.66281059914857
12017,2021-04-18,3,2021-03-21,spatial,110.20129368342907,13.072868114927314,87.24646223681899,139.1956168553542
12019,2021-03-28,0,2021-03-21,spatial,173.78939194081417,24.715130421215854,131.2064083252692,230.1926646470144
12019,2021-04-04,1,2021-03-21,spatial,174.0973596435023,25.470120040238218,130.52609999918542,232.2132557015657
12019,2021-04-11,2,2021-03-21,spatial,173.4831794842989,24.954397844495816,130.85939081668093,229.99047585467602
12019,2021-04-18,3,2021-03-21,spatial,173.5010622358249,10.095059971121383,154.4941550293153,194.84632665389572
12021,2021-03-28,0,2021-03-21,spatial,493.2219475166626,55.135576107274574,395.42035215954087,615.2133752942939
12021,2021-04-04,1,2021-03-21,spatial,494.12097520096097,58.82731560448546,389.22788495655124,627.2817225333263
12021,2021-04-11,2,2021-03-21,spatial,491.520021256373,56.32428073037483,391.10337158338234,617.718866287908
12021,2021-04-18,3,2021-03-21,spatial,490.6993209308564,61.403091600709246,382.9489837867922,628.7673652531786
12023,2021-03-28,0,2021-03-21,spatial,49.64188342212378,7.646046870059685,36.71376637298143,67.1224130115204
12023,2021-04-04,1,2021-03-21,spatial,50.268210795445185,3.0761105839323624,44.49900027858164,56.785388452683115
12023,2021-04-11,2,2021-03-21,spatial,49.758603137576024,4.440217738473558,41.68029221696045,59.402620627388394
12023,2021-04-18,3,2021-03-21,spatial,50.171290806751955,5.862469746947144,39.81925740103398,63.2145998069344
12027,2021-03-28,0,2021-03-21,spatial,66.16862158686297,5.487354465229322,56.05447716817423,78.10770350367851
12027,2021-04-04,1,2021-03-21,spatial,65.92288188431107,6.207385482430585,54.68922412473995,79.46403382904992
12027,2021-04-11,2,2021-03-21,spatial,65.77899025817702,7.190657853167227,52.99742231262222,81.64313226145016
12027,2021-04-18,3,2021-03-21,spatial,65.70968603432387,7.767926017920679,51.94421513553586,83.12307400281745
12029,2021-03-28,0,2021-03-21,spatial,11.967884044990626,1.3519383877563895,9.573170391660783,14.961631586450133
12029,2021-04-04,1,2021-03-21,spatial,11.797081348218784,0.741893523696687,10.406944310540194,13.372909874759154
12029,2021-04-11,2,2021-03-21,spatial,10.050508336668026,0.40701578010522,9.269261014305838,10.897602049347208
12029,2021-04-18,3,2021-03-21,spatial,12.056630305871453,1.6503125981274591,9.189508192467807,15.818293132553531
12031,2021-03-28,0,2021-03-21,spatial,801.6010825880513,92.35080374130592,637.8560624817297,1007.3813410290213
12031,2021-04-04,1,2021-03-21,spatial,806.1770653122937,86.33564911503798,652.5190049622776,996.0192051005693
12031,2021-04-11,2,2021-03-21,spatial,801.2321781558359,62.79192263781914,685.5487236039908,936.4367275566292
12031,2021-04-18,3,2021-03-21,spatial,795.8742216730318,68.28976260194503,671.5088526141371,943.2724144407193
12033,2021-03-28,0,2021-03-21,spatial,212.09038268470616,26.5269803411874,165.4956445077149,271.8037115789362
12033,2021-04-04,1,2021-03-21,spatial,212.47565255456027,25.11073179145659,167.87211003366028,268.9303358338317
12033,2021-04-11,2,2021-03-21,spatial,211.23957816693274,29.017274872905983,161.01796356658684,277.12534922037304
12033,2021-04-18,3,2021-03-21,spatial,197.96449463979442,12.325808343692653,174.83517233358552,224.1536449154224
12035,2021-03-28,0,2021-03-21,spatial,162.93140096212812,1.6628696324398449,159.640570956424,166.29006812264547
12035,2021-04-04,1,2021-03-21,spatial,162.93684308671888,1.62746072805036,159.7149722071091,166.22370757225946
12035,2021-04-11,2,2021-03-21,spatial,162.9460016208704,1.6585154562967757,159.66379997628255,166.2956753388859
12035,2021-04-18,3,2021-03-21,spatial,163.05271123238884,1.600072943393759,159.88464249887681,166.28355434712597
12037,2021-03-28,0,2021-03-21,spatial,5.033537581301258,0.4103328500955346,4.276550760186657,5.924517678650508
12037,2021-04-04,1,2021-03-21,spatial,3.886339496968205,0.09387173441316776,3.703147555687565,4.078593806638304
12037,2021-04-11,2,2021-03-21,spatial,6.189779869482133,0.2996065509608149,5.618811101833413,6.818768977683666
12037,2021-04-18,3,2021-03-21,spatial,5.02921831245795,0.5268181307671146,4.087729118320948,6.1875520863162325
12039,2021-03-28,0,2021-03-21,spatial,5.019754073611486,0.17191006279479765,4.68743165453905,5.375636983451013
12039,2021-04-04,1,2021-03-21,spatial,5.0140855269790245,0.496844210325183,4.115231195812553,6.109268829766539
12039,2021-04-11,2,2021-03-21,spatial,4.9758132117434535,0.5366052155305615,4.018873292334413,6.16061152397748
12039,2021-04-18,3,2021-03-21,spatial,5.564456395940244,0.28606773999854995,5.0212005416397245,6.166488417570544
12041,2021-03-28,0,2021-03-21,spatial,18.885501231027764,2.6348986629552877,14.31826724569991,24.90958931181176
12041,2021-04-04,1,2021-03-21,spatial,19.0715279667128,1.8818454205871848,15.65990171254968,23.226402416920944
12041,2021-04-11,2,2021-03-21,spatial,18.973332901590677,1.89410495438358,15.577220202819015,23.109858929094173
12041,2021-04-18,3,2021-03-21,spatial,19.71223107147297,1.6190358720749678,16.738527083559024,23.214232164836588
12043,2021-03-28,0,2021-03-21,spatial,4.998502460784666,0.6803810357071122,3.8246499998101604,6.532630920923617
12043,2021-04-04,1,2021-03-21,spatial,6.337584804866947,0.06146496983407429,6.215897253957987,6.4616546120200535
12043,2021-04-11,2,2021-03-21,spatial,3.917534202696508,0.16892094189184995,3.594800250672733,4.269242561231296
12043,2021-04-18,3,2021-03-21,spatial,3.9272205254759647,0.16912832625187454,3.602572240076699,4.28112471532045
12045,2021-03-28,0,2021-03-21,spatial,13.011212464824867,1.3401243018572355,10.609956288425193,15.95592339899654
12045,2021-04-04,1,2021-03-21,spatial,12.950473027779989,1.397240629482517,10.445907503477443,16.055546307242786
12045,2021-04-11,2,2021-03-21,spatial,13.045036887395208,1.5978480814694314,10.23202061097633,16.631415618040265
12045,2021-04-18,3,2021-03-21,spatial,13.040092462615485,1.854727660679342,9.844989414143711,17.27213755956599
12047,2021-03-28,0,2021-03-21,spatial,9.00103236983835,0.9339856955763426,7.326041792310455,11.058984649516514
12047,2021-04-04,1,2021-03-21,spatial,8.129897797167327,0.6178455242251655,6.982037753205698,9.466468175718406
12047,2021-04-11,2,2021-03-21,spatial,7.4329588387474725,0.5920422680937625,6.347069822564475,8.704627275738929
12047,2021-04-18,3,2021-03-21,spatial,5.277233815657428,0.2999163960857962,4.713365551246909,5.908558638688829
12049,2021-03-28,0,2021-03-21,spatial,18.95983097893996,2.795266226510802,14.196090940077324,25.322125102420163
12049,2021-04-04,1,2021-03-21,spatial,19.100714809066247,1.517152349960815,16.313661341989945,22.36391319943752
12049,2021-04-11,2,2021-03-21,spatial,20.107617779156516,0.7735463779532301,18.61535082218748,21.719509700067
12049,2021-04-18,3,2021-03-21,spatial,20.05585075678206,0.7826212442669122,18.552692836910943,21.6807960501592
12051,2021-03-28,0,2021-03-21,spatial,43.30261862376819,2.183095372015554,39.15656575963031,47.887672049338036
12051,2021-04-04,1,2021-03-21,spatial,44.39150611216333,1.4367801998883802,41.619397277903296,47.34825451094348
12051,2021-04-11,2,2021-03-21,spatial,38.87794053465572,2.805504029233484,33.67935297383349,44.87895778136094
12051,2021-04-18,3,2021-03-21,spatial,39.23361851368098,4.744045554457153,30.888903018695146,49.832680064598655
12053,2021-03-28,0,2021-03-21,spatial,240.4190110110021,28.682370753603987,189.92435277358882,304.33854327472176
12053,2021-04-04,1,2021-03-21,spatial,239.46517837199931,30.0091915258515,187.25068913120964,306.23957603996774
12053,2021-04-11,2,2021-03-21,spatial,241.78587034075093,34.89332764733446,181.6921203646693,321.75532422154635
12053,2021-04-18,3,2021-03-21,spatial,238.85251309233345,32.811349811731674,181.90709962220646,313.62449914823895
12055,2021-03-28,0,2021-03-21,spatial,94.77727409817238,10.861387264180033,75.52835106977044,118.93191838892612
12055,2021-04-04,1,2021-03-21,spatial,95.05480005114953,12.036175997796091,73.94460387623728,122.19167510704081
12055,2021-04-11,2,2021-03-21,spatial,95.2395657232946,12.891269949881634,72.93746096924558,124.36099034193693
12055,2021-04-18,3,2021-03-21,spatial,95.1317200987586,10.503027453461346,76.4222992600872,118.42151121557642
12057,2021-03-28,0,2021-03-21,spatial,2513.0290162858482,287.5551038745787,2001.8212645644608,3154.784569674683
12057,2021-04-04,1,2021-03-21,spatial,2508.532272691753,356.9116765004899,1900.2360924721195,3311.5538579995555
12057,2021-04-11,2,2021-03-21,spatial,2503.8983741744923,284.8627809915,1999.3880557327927,3135.712974886125
12057,2021-04-18,3,2021-03-21,spatial,2509.1835057630387,290.2201241901645,1996.5938746517027,3153.3713217925224
12059,2021-03-28,0,2021-03-21,spatial,3.963485545244141,0.48391743843596796,3.112125828215371,5.047745025260626
12059,2021-04-04,1,2021-03-21,spatial,4.0008954076631404,0.5042008638179585,3.1195498811471136,5.131241580651978
12059,2021-04-11,2,2021-03-21,spatial,4.0057043265503065,0.5206611627175741,3.0956337872056503,5.183322141676154
12059,2021-04-18,3,2021-03-21,spatial,3.985598137382515,0.4631795872988517,3.164744130857997,5.019360762160692
12061,2021-03-28,0,2021-03-21,spatial,170.61752368566863,22.394106799341927,131.4585096918656,221.44127038153232
12061,2021-04-04,1,2021-03-21,spatial,170.17154496258337,18.740112513916856,136.6261051040958,211.9533063823278
12061,2021-04-11,2,2021-03-21,spatial,171.56905928639299,18.883879644516245,137.86302003724526,213.51586594044846
12061,2021-04-18,3,2021-03-21,spatial,171.9588321465456,18.048601925242018,139.68461834291978,211.6900221655842
12063,2021-03-28,0,2021-03-21,spatial,30.957722367985006,3.869672509135927,24.178159742704448,39.63827621340875
12063,2021-04-04,1,2021-03-21,spatial,31.018860475876913,3.826526007572794,24.292613038536814,39.60750141187248
12063,2021-04-11,2,2021-03-21,spatial,30.896904633278044,5.048848916516675,22.387581649082094,42.64054648158115
12063,2021-04-18,3,2021-03-21,spatial,30.951894092255678,3.9928018643706076,24.01897881397472,39.88594832936101
12065,2021-03-28,0,2021-03-21,spatial,8.865050631244435,0.3881338166797652,8.122067185122987,9.676000075261305
12065,2021-04-04,1,2021-03-21,spatial,8.938211970044131,0.44262207582313423,8.094777332222478,9.869528208443676
12065,2021-04-11,2,2021-03-21,spatial,9.184057030629528,0.6223834691355749,8.02225888845453,10.514108895593736
12065,2021-04-18,3,2021-03-21,spatial,8.978970108715004,1.210711582559281,6.892237088693656,11.697494322337437
12067,2021-03-28,0,2021-03-21,spatial,1.0053637926362986,0.1355155571267686,0.7723529205209408,1.3086716301432533
12067,2021-04-04,1,2021-03-21,spatial,1.0050427003951046,0.12490998533936525,0.7848633245195603,1.2869894643577653
12067,2021-04-11,2,2021-03-21,spatial,0.9896971466176148,0.03157185924521291,0.928568234364558,1.0548502584662984
12067,2021-04-18,3,2021-03-21,spatial,0.9993258400697566,0.13863031802166645,0.7598875875993844,1.3142103528576359
12069,2021-03-28,0,2021-03-21,spatial,477.8565351060306,68.65391433061838,359.6300892488372,634.9492853072759
12069,2021-04-04,1,2021-03-21,spatial,478.3128497768877,66.41873858634767,363.1353364114396,630.021810938475
12069,2021-04-11,2,2021-03-21,spatial,477.4316004975042,57.78314287257263,375.9457136463329,606.313424730363
12069,2021-04-18,3,2021-03-21,spatial,477.4653439042877,67.33226473725257,361.4207934498403,630.7693380161837
12071,2021-03-28,0,2021-03-21,spatial,1189.6633421670128,161.0096529698263,908.6589112649311,1557.5689074856155
12071,2021-04-04,1,2021-03-21,spatial,1195.5713839791388,130.5067335394834,963.307554771676,1483.8365245963305
12071,2021-04-11,2,2021-03-21,spatial,1168.160517772462,60.73103641157712,1053.0214642839335,1295.8890597831924
12071,2021-04-18,3,2021-03-21,spatial,1188.851347276586,165.6872988214339,902.1717219730778,1566.628050400732
12073,2021-03-28,0,2021-03-21,spatial,247.6894844578471,33.36090079440465,190.3380183640216,322.32173707757113
12073,2021-04-04,1,2021-03-21,spatial,247.20697706546142,30.0121003507655,194.26075790691627,314.5838107927398
12073,2021-04-11,2,2021-03-21,spatial,246.3864769867403,30.71528944474086,192.61963680440857,315.1615123414463
12073,2021-04-18,3,2021-03-21,spatial,247.10599153811486,19.428965840064915,211.31871684174567,288.9539174126403
12075,2021-03-28,0,2021-03-21,spatial,33.29698617742645,2.8430385594617285,28.099138126897373,39.45634501289048
12075,2021-04-04,1,2021-03-21,spatial,32.95770038448685,4.12389366383834,25.70491050732277,42.25690707322895
12075,2021-04-11,2,2021-03-21,spatial,32.85403180278337,3.3957022520519278,26.74067707760315,40.36499908232878
12075,2021-04-18,3,2021-03-21,spatial,33.67620033149059,2.2722066158057266,29.430929055764924,38.53383175970594
12077,2021-03-28,0,2021-03-21,spatial,0.9976735438819441,0.11431971766795662,0.7947113931727621,1.2524704046184196
12077,2021-04-04,1,2021-03-21,spatial,1.0035761887463617,0.12243244636522801,0.7875946062251792,1.2787862672725276
12077,2021-04-11,2,2021-03-21,spatial,0.9976505785457448,0.12289467158023387,0.7819730152845908,1.272814607944531
12077,2021-04-18,3,2021-03-21,spatial,0.9981775726994088,0.1094291592011676,0.8025876103938759,1.241432653254033
12079,2021-03-28,0,2021-03-21,spatial,1.997905960390072,0.2713004768233599,1.529119600699539,2.6104094308490278
12079,2021-04-04,1,2021-03-21,spatial,2.003525198964917,0.2676801748270757,1.5403069346906375,2.6060476210824977
12079,2021-04-11,2,2021-03-21,spatial,2.007424794927924,0.25601802065572565,1.5601669227306627,2.58289946324358
12079,2021-04-18,3,2021-03-21,spatial,2.012892488431331,0.2377930370284952,1.5949465057565837,2.540358661158533
12081,2021-03-28,0,2021-03-21,spatial,719.3063082975598,79.45969083023651,578.0168517809253,895.1323193476114
12081,2021-04-04,1,2021-03-21,spatial,726.5496290270559,83.68222194990717,577.6605720215948,913.8140787279125
12081,2021-04-11,2,2021-03-21,spatial,719.7032923244681,87.92081944034634,565.4169600051409,916.0900107735877
12081,2021-04-18,3,2021-03-21,spatial,704.669892620936,66.73470116214658,584.4008119408999,849.6902253048517
12083,2021-03-28,0,2021-03-21,spatial,280.3736248225237,30.12188059982517,226.41717628013748,347.1881894634216
12083,2021-04-04,1,2021-03-21,spatial,279.31525825177243,28.287892850664228,228.2124512108757,341.86133612913187
12083,2021-04-11,2,2021-03-21,spatial,278.5256381032462,37.019790734544586,214.06144000669065,362.40310762366056
12083,2021-04-18,3,2021-03-21,spatial,279.6144998941722,35.95864269669109,216.79008178838748,360.64504384192736
12085,2021-03-28,0,2021-03-21,spatial,161.40379542648287,18.253441019755524,128.8946977752583,202.11215533083424
12085,2021-04-04,1,2021-03-21,spatial,161.06694474308398,18.895694227486555,127.80054502713756,202.99256692029718
12085,2021-04-11,2,2021-03-21,spatial,161.51768795161678,16.988962492137958,131.26564466957473,198.7417468363877
12085,2021-04-18,3,2021-03-21,spatial,160.2461620474997,18.207196057073567,127.7330628540699,201.0351265145079
12087,2021-03-28,0,2021-03-21,spatial,134.57675816338994,18.3957007986244,103.10684571261645,175.65180772038156
12087,2021-04-04,1,2021-03-21,spatial,133.95212514595755,15.935174510739714,105.9183012623297,169.4057742361077
12087,2021-04-11,2,2021-03-21,spatial,139.9935893449425,3.6707940229545786,132.8446257293426,147.52727067491423
12087,2021-04-18,3,2021-03-21,spatial,133.599297393483,16.765829838056927,104.56437012238978,170.69650248111094
12089,2021-03-28,0,2021-03-21,spatial,40.230884792466455,5.436601709709602,30.794955468058124,52.55809162846532
12089,2021-04-04,1,2021-03-21,spatial,39.945614640074474,3.8426401871430502,32.99153088424027,48.365507334961535
12089,2021-04-11,2,2021-03-21,spatial,40.029109230878326,5.311646373636746,30.870099036867728,51.905553782122574
12089,2021-04-18,3,2021-03-21,spatial,40.105853714634,3.857506438326453,33.135041984402534,48.54315570014281
12091,2021-03-28,0,2021-03-21,spatial,115.46773457665762,16.87099408131202,86.57399128936692,154.004655782839
12091,2021-04-04,1,2021-03-21,spatial,116.07058620912363,12.743864237862883,93.37192877699113,144.28727305298509
12091,2021-04-11,2,2021-03-21,spatial,116.06463871512683,12.28804695201118,94.01480917509157,143.28594056905183
12091,2021-04-18,3,2021-03-21,spatial,113.24377180935836,10.477492781501432,94.33781227948916,135.93861828824964
12093,2021-03-28,0,2021-03-21,spatial,47.5194380936897,3.0495214422691634,41.80401861541445,54.01626617560105
12093,2021-04-04,1,2021-03-21,spatial,46.6170359174784,2.399439861638297,42.07066090877328,51.65471591814927
12093,2021-04-11,2,2021-03-21,spatial,49.854864161796925,6.339065568757057,38.722048478074115,64.18842954547229
12093,2021-04-18,3,2021-03-21,spatial,49.892998940301894,6.934515783246919,37.944979147949894,65.60318121538508
12095,2021-03-28,0,2021-03-21,spatial,2466.710357305808,107.66990251023756,2260.8799055342524,2691.27960841508
12095,2021-04-04,1,2021-03-21,spatial,2462.974450519522,110.7155923882335,2251.4721930787478,2694.345132291744
12095,2021-04-11,2,2021-03-21,spatial,2530.794193161384,328.28092375276515,1957.4908803500011,3272.0046424911907
12095,2021-04-18,3,2021-03-21,spatial,2528.3173039760645,279.17257174782657,2030.0292793052527,3148.914380078545
12097,2021-03-28,0,2021-03-21,spatial,672.0580465784986,51.631877173573805,576.5571711846393,783.3776779549678
12097,2021-04-04,1,2021-03-21,spatial,690.468071907721,73.20914073879763,560.0873456302261,851.1996602735549
12097,2021-04-11,2,2021-03-21,spatial,696.7830120127497,88.18163659815303,542.401630406447,895.1052847421328
12097,2021-04-18,3,2021-03-21,spatial,695.3878017225778,72.48755327473344,564.5141087267008,856.6024963933505
12099,2021-03-28,0,2021-03-21,spatial,2523.9718342059946,313.6369838775872,1972.6747670525772,3229.3381181041773
12099,2021-04-04,1,2021-03-21,spatial,2517.5112993823914,343.82532220390465,1918.7766134875242,3303.0750416529545
12099,2021-04-11,2,2021-03-21,spatial,2526.4097680604073,398.78929994004477,1857.45891488956,3436.278598135526
12099,2021-04-18,3,2021-03-21,spatial,2523.861131314313,278.9734254880144,2025.427845509375,3144.9528178858445
12101,2021-03-28,0,2021-03-21,spatial,740.6107236107921,68.4399308524724,615.9626037828435,890.4830269869358
12101,2021-04-04,1,2021-03-21,spatial,736.6833303614412,64.76777531844462,618.6255154069042,877.2711692556993
12101,2021-04-11,2,2021-03-21,spatial,739.8911549569104,86.53713897751012,587.5648169855123,931.708137311716
12101,2021-04-18,3,2021-03-21,spatial,740.9331435370094,105.92442856770556,557.9899376267717,983.8563138370386
12103,2021-03-28,0,2021-03-21,spatial,1396.1423612172366,95.96908486030266,1217.0948427153905,1601.5296625827968
12103,2021-04-04,1,2021-03-21,spatial,1404.8921774190244,152.21706391331267,1132.5224774863284,1742.7663197942954
12103,2021-04-11,2,2021-03-21,spatial,1408.213632099054,178.88322381488334,1092.1319796834507,1815.7747145215835
12103,2021-04-18,3,2021-03-21,spatial,1419.4129967292859,165.69015470455219,1126.747448793451,1788.0965760707404
12105,2021-03-28,0,2021-03-21,spatial,946.5063654010446,127.66970138298528,726.1383833286972,1233.7514726021104
12105,2021-04-04,1,2021-03-21,spatial,947.9468941698469,119.86072931144709,736.2723576125293,1220.4767772079774
12105,2021-04-11,2,2021-03-21,spatial,945.227238269124,128.48110948301246,722.0864405000577,1237.3235139925105
12105,2021-04-18,3,2021-03-21,spatial,944.2824744396588,138.74280479633012,705.7796721825958,1263.382081799597
12107,2021-03-28,0,2021-03-21,spatial,47.162269640559686,7.33004496181529,34.692431215239324,64.11426353630122
12107,2021-04-04,1,2021-03-21,spatial,47.21020258269182,5.904163940823874,36.89787078988132,60.40465696763231
12107,2021-04-11,2,2021-03-21,spatial,46.82604791039638,5.5151045013640445,37.08499808075991,59.125761800816214
12107,2021-04-18,3,2021-03-21,spatial,49.02579959690946,3.9414252099346583,41.77473588602468,57.53546910922314
12109,2021-03-28,0,2021-03-21,spatial,273.0806840004149,32.85019799532289,215.30525833584431,346.3596781171576
12109,2021-04-04,1,2021-03-21,spatial,273.26962258399396,34.762133357925265,212.5680388820795,351.305337434216
12109,2021-04-11,2,2021-03-21,spatial,271.92042116631336,26.805494740349022,223.7206194471549,330.50469657192593
12109,2021-04-18,3,2021-03-21,spatial,272.09635792358984,36.45147674866796,208.57860012055082,354.9569704298136
12111,2021-03-28,0,2021-03-21,spatial,399.40613413444544,50.623983309377245,310.60444234512823,513.5961957909349
12111,2021-04-04,1,2021-03-21,spatial,399.3170463495723,45.369299118222344,319.2247670986005,499.5041736723866
12111,2021-04-11,2,2021-03-21,spatial,397.34757037644164,49.46081638370817,309.9176033762153,509.44215483107394
12111,2021-04-18,3,2021-03-21,spatial,400.6289334833335,54.777084748203535,305.96496589051327,524.5814398287287
12113,2021-03-28,0,2021-03-21,spatial,127.55271956773865,15.865801010394216,99.98358176686035,162.72367904426062
12113,2021-04-04,1,2021-03-21,spatial,127.25258244728158,14.545635827792989,101.39954127650243,159.69716958921484
12113,2021-04-11,2,2021-03-21,spatial,127.22627167737188,13.74211647671526,102.6730790059921,157.65110349890037
12113,2021-04-18,3,2021-03-21,spatial,126.05975155403007,16.024283540148563,98.0326674104072,162.0996488378402
12115,2021-03-28,0,2021-03-21,spatial,592.8133386064297,91.84522804451358,436.2932037259819,805.4850532359404
12115,2021-04-04,1,2021-03-21,spatial,588.6613743008995,33.36539329129769,525.3574850809584,659.5931788055215
12115,2021-04-11,2,2021-03-21,spatial,595.6311832203772,65.36843799510297,478.4233215167097,741.5535373563838
12115,2021-04-18,3,2021-03-21,spatial,596.0062799890796,77.1085828034711,462.03157514257117,768.8294586291171
12117,2021-03-28,0,2021-03-21,spatial,749.0186259670173,55.882095902637616,645.9976337967403,868.4689737146059
12117,2021-04-04,1,2021-03-21,spatial,748.5689869258392,55.687432319091855,645.5939980048317,867.9689246165876
12117,2021-04-11,2,2021-03-21,spatial,751.1415394578371,52.422998265889824,653.6105040525405,863.2260479304275
12117,2021-04-18,3,2021-03-21,spatial,759.3358463649388,89.55360893057838,601.5366004021729,958.5300831059377
12119,2021-03-28,0,2021-03-21,spatial,237.7965269901976,14.06738938507519,211.286680850744,267.6325266737732
12119,2021-04-04,1,2021-03-21,spatial,241.33498266606136,26.15319115509305,194.43903890251391,299.54156422069786
12119,2021-04-11,2,2021-03-21,spatial,241.43181459391855,28.977658203412307,190.48005275077,306.0127307628365
12119,2021-04-18,3,2021-03-21,spatial,240.05840005246787,29.82751160981039,187.99279253417416,306.54385553251905
12121,2021-03-28,0,2021-03-21,spatial,18.034098013538607,0.7388796633614259,16.620540465602456,19.567876979392096
12121,2021-04-04,1,2021-03-21,spatial,15.073397662514902,1.1880730683361609,12.889952101492186,17.626699874703753
12121,2021-04-11,2,2021-03-21,spatial,14.943161279506686,1.2331811080705084,12.666097984453955,17.629586420333887
12121,2021-04-18,3,2021-03-21,spatial,15.051261077687569,1.6622256127431894,12.093200908100181,18.732878230524808
12123,2021-03-28,0,2021-03-21,spatial,7.00868364670318,0.8430982120420036,5.527671871708014,8.886498258151189
12123,2021-04-04,1,2021-03-21,spatial,7.0137831881984285,0.9549627387211009,5.367485679682207,9.165027639900007
12123,2021-04-11,2,2021-03-21,spatial,6.907108554906472,0.6279362699315199,5.767675193583207,8.271642730911681
12123,2021-04-18,3,2021-03-21,spatial,7.002740105203568,1.0484135782790007,5.210079816998347,9.412210696088467
12125,2021-03-28,0,2021-03-21,spatial,5.980617461198242,0.8186920042239209,4.573108942754286,7.82132804289747
12125,2021-04-04,1,2021-03-21,spatial,6.009656424283862,0.9122685227998134,4.463160986794791,8.09201604978916
12125,2021-04-11,2,2021-03-21,spatial,5.9853785889292075,0.7315565302038763,4.699528094442648,7.6230540881702975
12125,2021-04-18,3,2021-03-21,spatial,5.995384111900173,1.022319298349049,4.281004711035996,8.396307193160387
12127,2021-03-28,0,2021-03-21,spatial,848.7909871058494,42.924145766144754,767.4103592518201,938.8016868765164
12127,2021-04-04,1,2021-03-21,spatial,849.734899818966,41.93386929173615,769.9217508711233,937.8217970246844
12127,2021-04-11,2,2021-03-21,spatial,1039.3122907178206,137.80569018163553,799.6177243222791,1350.8580472658086
12127,2021-04-18,3,2021-03-21,spatial,953.8376705389496,67.98353284016464,826.968481367346,1100.1704686916921
12129,2021-03-28,0,2021-03-21,spatial,18.009299984451186,2.1411869243895016,14.233767233681286,22.7862996917978
12129,2021-04-04,1,2021-03-21,spatial,18.02302819076569,2.1010674592550798,14.304201500049293,22.708680744186626
12129,2021-04-11,2,2021-03-21,spatial,19.68726041003711,1.3113062339519306,17.235950596445672,22.487197342776174
12129,2021-04-18,3,2021-03-21,spatial,17.056353820352975,1.231835492185084,14.782087374554813,19.680522667309088
12131,2021-03-28,0,2021-03-21,spatial,51.95718169557446,7.4933844644080265,38.98638616841533,69.24336916187336
12131,2021-04-04,1,2021-03-21,spatial,51.98013056856633,7.025016731684405,39.777806599431976,67.92566521161044
12131,2021-04-11,2,2021-03-21,spatial,51.95467616272176,8.027925172765359,38.33848565404728,70.4067552258244
12131,2021-04-18,3,2021-03-21,spatial,52.414427545959256,6.213224800357192,41.427504343460825,66.31517535292369
12133,2021-03-28,0,2021-03-21,spatial,16.09542683679919,1.3233249878861917,13.659608626557992,18.965606712557424
12133,2021-04-04,1,2021-03-21,spatial,16.003731646561803,1.3209212859877912,13.585518124099199,18.85238562678271
12133,2021-04-11,2,2021-03-21,spatial,16.083803505334895,1.3132852122995942,13.661252518182275,18.935945650219445
12133,2021-04-18,3,2021-03-21,spatial,16.010250362834636,1.077305970097633,14.003032413212305,18.305186270853227
13001,2021-03-28,0,2021-03-21,spatial,5.0020617231529965,0.3321105180469404,4.379593596657293,5.7130007453954645
13001,2021-04-04,1,2021-03-21,spatial,4.993241035395148,0.29346809143037833,4.439150770360456,5.616492281367033
13001,2021-04-11,2,2021-03-21,spatial,4.993691421301821,0.4191011357245435,4.228045636697583,5.897986009124775
13001,2021-04-18,3,2021-03-21,spatial,5.000563640952762,0.35945790918227954,4.334430726774297,5.769070566235127
13003,2021-03-28,0,2021-03-21,spatial,6.017553917734128,0.4122114427801671,5.250441422248953,6.896744909750256
13003,2021-04-04,1,2021-03-21,spatial,6.005721988469228,0.3858856573335835,5.282044413740937,6.828548527337658
13003,2021-04-11,2,2021-03-21,spatial,6.011509162557538,0.4521154502803602,5.178402296144995,6.97864714729019
13003,2021-04-18,3,2021-03-21,spatial,6.0392232877408345,0.5890721084165779,4.976591530098793,7.3287545699912355
13005,2021-03-28,0,2021-03-21,spatial,43.91179667978689,3.5787867263208173,37.29683171781859,51.69999163027357
13005,2021-04-04,1,2021-03-21,spatial,6.799380172866894,0.06933563503971113,6.662123172910477,6.939465022676592
13005,2021-04-11,2,2021-03-21,spatial,43.961641463817045,3.141234921290738,38.12371257468425,50.69353926135049
13005,2021-04-18,3,2021-03-21,spatial,44.157258190413856,3.863247802628335,37.0962130566294,52.56233157595625
13007,2021-03-28,0,2021-03-21,spatial,1.0016876470858294,0.07493092331393021,0.8625486540848248,1.1632713558505776
13007,2021-04-04,1,2021-03-21,spatial,1.0066073813790304,0.0858973990789448,0.8496139056649821,1.1926104475110777
13007,2021-04-11,2,2021-03-21,spatial,0.7660530652907737,0.0277917054973046,0.7123655641345494,0.8237867302784869
13007,2021-04-18,3,2021-03-21,spatial,1.072326367395848,0.05097057677309524,0.975337877424182,1.1789594814559647
13009,2021-03-28,0,2021-03-21,spatial,29.938906278952988,1.9876642003467144,26.23621955971177,34.16414880733594
13009,2021-04-04,1,2021-03-21,spatial,29.990087555582495,2.100700440083811,26.084488800112794,34.48046685843485
13009,2021-04-11,2,2021-03-21,spatial,30.07347307598796,2.4909125512525576,25.488353260019203,35.483413684116975
13009,2021-04-18,3,2021-03-21,spatial,29.91950450854357,2.4947434481105177,25.344495484651066,35.3203617952817
13011,2021-03-28,0,2021-03-21,spatial,7.983106239527588,0.4991931481250057,7.051436264350643,9.037872972599727
13011,2021-04-04,1,2021-03-21,spatial,7.845545648498335,0.4424173605400436,7.0116161733727465,8.778658871320241
13011,2021-04-11,2,2021-03-21,spatial,7.9862873710250355,0.6382857873832902,6.804084762208647,9.373896446270953
13011,2021-04-18,3,2021-03-21,spatial,7.973981879505787,0.7113256998802298,6.681351697676929,9.516695107787033
13013,2021-03-28,0,2021-03-21,spatial,107.86103939199724,11.021682814703116,88.06911807510404,132.1008325392867
13013,2021-04-04,1,2021-03-21,spatial,108.5680384219263,7.74105716925849,94.14647359811251,125.1987304070535
13013,2021-04-11,2,2021-03-21,spatial,107.76311420465737,10.055383237792727,89.64488324528757,129.5432417632881
13013,2021-04-18,3,2021-03-21,spatial,108.33678440631522,7.634378233870102,94.19969251668846,124.59551132208964
13015,2021-03-28,0,2021-03-21,spatial,172.76512176938522,9.380305278790477,155.00724890501544,192.55736432223557
13015,2021-04-04,1,2021-03-21,spatial,172.33932342621068,9.026969073551953,155.22270416614288,191.34341563340956
13015,2021-04-11,2,2021-03-21,spatial,176.16061286706017,15.512382895537382,147.79298095716732,209.9731754831575
13015,2021-04-18,3,2021-03-21,spatial,176.84574530918832,16.2321364143766,147.4270441941301,212.13487528638592
13017,2021-03-28,0,2021-03-21,spatial,14.02078654438232,1.3405371770582286,11.59047543304897,16.960689529835758
13017,2021-04-04,1,2021-03-21,spatial,13.993470182505678,1.2924573419816094,11.638521704977105,16.824920957524714
13017,2021-04-11,2,2021-03-21,spatial,11.003870953458,0.537941563293599,9.980016839777203,12.132762690113838
13017,2021-04-18,3,2021-03-21,spatial,13.983030376469197,1.222690476826534,11.738329632903135,16.6569814125166
13019,2021-03-28,0,2021-03-21,spatial,10.008902973734097,0.9755778788974132,8.248724868963366,12.14468179373436
13019,2021-04-04,1,2021-03-21,spatial,10.00496701817459,0.5074510668209702,9.040116546539704,11.07279585605304
13019,2021-04-11,2,2021-03-21,spatial,10.029012167713372,0.6852152275864328,8.753908434848366,11.489848883927136
13019,2021-04-18,3,2021-03-21,spatial,10.026708539607958,1.0833783441908735,8.086397551957043,12.432592324615063
13021,2021-03-28,0,2021-03-21,spatial,68.12679142262493,4.53169314998908,59.668082588477326,77.78462970818053
13021,2021-04-04,1,2021-03-21,spatial,67.71695089445575,7.4901941209526415,54.390750631532704,84.30818448355201
13021,2021-04-11,2,2021-03-21,spatial,68.10188378182818,5.060218718948153,58.76954098937284,78.91616127259336
13021,2021-04-18,3,2021-03-21,spatial,68.07710068620247,6.236230631884174,56.72330470749002,81.70348433925763
13023,2021-03-28,0,2021-03-21,spatial,1.0021016100739608,0.08681815195055073,0.8436877486151421,1.1902598307977867
13023,2021-04-04,1,2021-03-21,spatial,0.9981659065943994,0.09806748941016752,0.8219620304875017,1.2121425809614317
13023,2021-04-11,2,2021-03-21,spatial,1.0002711315713937,0.06719505040767433,0.8744002952830345,1.1442612062833886
13023,2021-04-18,3,2021-03-21,spatial,1.0012951335974547,0.1100243644034081,0.8058123884064982,1.244200212097235
13025,2021-03-28,0,2021-03-21,spatial,15.023014662141318,1.101440590987636,12.987460712416013,17.377605564046284
13025,2021-04-04,1,2021-03-21,spatial,14.958721922040743,1.2493015887879166,12.670659119397786,17.65996223498572
13025,2021-04-11,2,2021-03-21,spatial,14.96488868097434,1.3273736431938876,12.552099419617564,17.8414690441304
13025,2021-04-18,3,2021-03-21,spatial,14.984077013274494,1.643296659450559,12.044014206548045,18.64183818528489
13027,2021-03-28,0,2021-03-21,spatial,7.005769754972769,0.3697802207783536,6.306134782924571,7.783025823138082
13027,2021-04-04,1,2021-03-21,spatial,7.01314525296336,0.46403160953914896,6.148476024994537,7.999414186413166
13027,2021-04-11,2,2021-03-21,spatial,7.002884118301867,0.6144155777178799,5.881386445564506,8.338235623226005
13027,2021-04-18,3,2021-03-21,spatial,7.00146230478434,0.5506671107767777,5.9882273289770795,8.186141192086277
13029,2021-03-28,0,2021-03-21,spatial,18.98119049043803,0.6540454030018515,17.718802460724202,20.3335182066006
13029,2021-04-04,1,2021-03-21,spatial,18.99899732448005,0.6706949991894081,17.703488535416678,20.389309068293432
13029,2021-04-11,2,2021-03-21,spatial,19.038082256122774,1.4853970008961102,16.29744068052715,22.239600873281
13029,2021-04-18,3,2021-03-21,spatial,19.02882619290213,1.5356754508896215,16.204584418937234,22.345295437291192
13031,2021-03-28,0,2021-03-21,spatial,26.95099227018607,2.4572435387144336,22.46034947749939,32.33947829152378
13031,2021-04-04,1,2021-03-21,spatial,27.031790236221795,1.885232106137874,23.529564193624104,31.055300360093426
13031,2021-04-11,2,2021-03-21,spatial,27.068193930881204,3.0587850509064456,21.640915605872678,33.85656762512235
13031,2021-04-18,3,2021-03-21,spatial,27.055250646616503,2.886719866397469,21.841690516436454,33.513275311743996
13033,2021-03-28,0,2021-03-21,spatial,12.001887966220007,1.0534383129289393,10.084018628146149,14.284514940466545
13033,2021-04-04,1,2021-03-21,spatial,12.006530954974785,0.954243799907992,10.252970210164957,14.060002381539006
13033,2021-04-11,2,2021-03-21,spatial,12.002643676462206,1.008796406166073,10.158557721299296,14.181487094576681
13033,2021-04-18,3,2021-03-21,spatial,12.002322254526774,1.18620483720401,9.869349556479335,14.596274929479469
13035,2021-03-28,0,2021-03-21,spatial,66.62406995822366,6.685900907850107,54.590475698423504,81.31027694866681
13035,2021-04-04,1,2021-03-21,spatial,62.70483633297397,3.6571667271397663,55.831502783847036,70.42433578704627
13035,2021-04-11,2,2021-03-21,spatial,66.8206250460305,6.780197350824798,54.67684045321069,81.66155715166255
13035,2021-04-18,3,2021-03-21,spatial,67.20651714955602,6.6839574751509,55.175786625452346,81.86047220376241
13037,2021-03-28,0,2021-03-21,spatial,0.9979835978447242,0.09395105437156152,0.8272008202621673,1.2040259598043483
13037,2021-04-04,1,2021-03-21,spatial,1.0075654774689953,0.10368717691859086,0.8221412218163352,1.2348099869563718
13037,2021-04-11,2,2021-03-21,spatial,0.9957950852992554,0.0762006326450106,0.8549392220356404,1.1598577142654634
13037,2021-04-18,3,2021-03-21,spatial,0.9959465738471182,0.10194895797357864,0.8139841100637989,1.2185859228628786
13039,2021-03-28,0,2021-03-21,spatial,31.88129520988477,3.156405990722035,26.18625319769637,38.81490706540777
13039,2021-04-04,1,2021-03-21,spatial,31.912545304842997,3.2153286349044343,26.13422400912975,38.968463248722614
13039,2021-04-11,2,2021-03-21,spatial,31.97115806314539,3.3292024393636117,26.00586165087375,39.304790651467755
13039,2021-04-18,3,2021-03-21,spatial,32.018610306394784,3.5731503011179955,25.679606439735288,39.92239555379018
13043,2021-03-28,0,2021-03-21,spatial,2.6397997704928016,0.09105421468098092,2.463893158901461,2.828265017546788
13043,2021-04-04,1,2021-03-21,spatial,1.9854155824805444,0.047541434254236535,1.892564032807193,2.0828225448782702
13043,2021-04-11,2,2021-03-21,spatial,1.9971224059770007,0.17438279510266722,1.6788503173171583,2.3757316916907034
13043,2021-04-18,3,2021-03-21,spatial,2.002904412011096,0.17872030112472406,1.677222433572298,2.3918271085303777
13045,2021-03-28,0,2021-03-21,spatial,107.63883412663657,8.201917008083015,92.46778230336977,125.29897790918852
13045,2021-04-04,1,2021-03-21,spatial,108.04523117005093,5.765204331489603,97.14054723394469,120.17403968783155
13045,2021-04-11,2,2021-03-21,spatial,108.01741199403294,10.107048919243796,89.703881195727,130.06974880418483
13045,2021-04-18,3,2021-03-21,spatial,108.56037313271663,10.247325338072127,89.9613571994294,131.00463334038508
13047,2021-03-28,0,2021-03-21,spatial,65.02468857967463,5.875797235288129,54.30003298545868,77.86754247489993
13047,2021-04-04,1,2021-03-21,spatial,65.19183004925537,6.580774730666307,53.414146477913974,79.56646292061043
13047,2021-04-11,2,2021-03-21,spatial,65.09581251757649,8.852084064614667,49.73424607893525,85.20215226743387
13047,2021-04-18,3,2021-03-21,spatial,64.93229521825747,8.802781687354615,49.64786543361635,84.92213966274909
13049,2021-03-28,0,2021-03-21,spatial,5.010738001241927,0.4947371121139139,4.114901464292282,6.101603048083722
13049,2021-04-04,1,2021-03-21,spatial,5.013232290276919,0.5215763213498026,4.075745613750681,6.166355896080357
13049,2021-04-11,2,2021-03-21,spatial,5.009599878849071,0.5057138395974232,4.101319003631433,6.119029249844693
13049,2021-04-18,3,2021-03-21,spatial,4.987569998832691,0.5441824426136969,4.014559106885274,6.19641007417027
13051,2021-03-28,0,2021-03-21,spatial,244.16724487972562,20.35359624190071,206.71832065310588,288.40038601223085
13051,2021-04-04,1,2021-03-21,spatial,243.32803908856047,24.41898551137234,199.58525512011408,296.6578596753112
13051,2021-04-11,2,2021-03-21,spatial,244.13329338549548,22.661116209582964,203.03641583666,293.54864590988774
13051,2021-04-18,3,2021-03-21,spatial,243.8806226247517,25.358636845265163,198.61426739509608,299.4636733398393
13053,2021-03-28,0,2021-03-21,spatial,39.896504887628346,3.17785091113228,34.03287770467341,46.770394089535806
13053,2021-04-04,1,2021-03-21,spatial,40.21762620816868,3.8617788102630137,33.242018548199944,48.657016885864216
13053,2021-04-11,2,2021-03-21,spatial,40.05529945035281,4.489792333824415,32.09097136523512,49.99621219928374
13053,2021-04-18,3,2021-03-21,spatial,40.107501506537965,3.7731880881792064,33.278074826245906,48.33848368620946
13055,2021-03-28,0,2021-03-21,spatial,26.86371616937023,1.7240116047453595,23.644724474333106,30.52094124471027
13055,2021-04-04,1,2021-03-21,spatial,27.08272707226563,2.062856978192604,23.272781718694162,31.51639174622848
13055,2021-04-11,2,2021-03-21,spatial,27.00801059089577,2.863925738511956,21.88552451929946,33.32945643750498
13055,2021-04-18,3,2021-03-21,spatial,27.029149508964682,3.3568162247737203,21.112169440586182,34.604445802405465
13057,2021-03-28,0,2021-03-21,spatial,528.4709244390564,37.75826076025042,458.47409605064,609.1544110850335
13057,2021-04-04,1,2021-03-21,spatial,510.98765731364006,14.682221811722805,482.45905575857057,541.2032022413617
13057,2021-04-11,2,2021-03-21,spatial,510.9087453480968,14.979429352041954,481.8739977692708,541.6929472881637
13057,2021-04-18,3,2021-03-21,spatial,510.5680480378398,15.418056930159327,480.662767339759,542.3339384490064
13059,2021-03-28,0,2021-03-21,spatial,92.20593604804628,9.398007887578508,75.2579229697959,112.9706256430778
13059,2021-04-04,1,2021-03-21,spatial,91.91241276982204,8.318460328388262,76.76473388769742,110.0491227329589
13059,2021-04-11,2,2021-03-21,spatial,91.92080363621096,9.13265614892989,75.40583028020383,112.05279631202562
13059,2021-04-18,3,2021-03-21,spatial,92.18067193777318,6.67033365511487,79.7933191903447,106.49107425434143
13061,2021-03-28,0,2021-03-21,spatial,1.0006885182692555,0.057639261674570175,0.8916842127796965,1.1230181001795114
13061,2021-04-04,1,2021-03-21,spatial,0.9961214354989604,0.09189259985995994,0.8289936671757264,1.1969426951607522
13061,2021-04-11,2,2021-03-21,spatial,0.999176241333919,0.08500322259058647,0.8442247393249147,1.1825679996590863
13061,2021-04-18,3,2021-03-21,spatial,1.0018486658822592,0.08543424370652869,0.8459169703004464,1.1865239551507945
13063,2021-03-28,0,2021-03-21,spatial,367.88723970238397,34.60397581265711,305.1198180890512,443.5667993756444
13063,2021-04-04,1,2021-03-21,spatial,366.40499552423836,30.6766182645907,309.93952905393184,433.15746511880445
13063,2021-04-11,2,2021-03-21,spatial,368.6975347968532,31.796644006711393,310.8112846547262,437.36466105562204
13063,2021-04-18,3,2021-03-21,spatial,370.50786516330703,42.12640648930679,295.69707701080466,464.2456379196987
13065,2021-03-28,0,2021-03-21,spatial,0.999353476368068,0.07260967097894952,0.8643957126310577,1.155382142848749
13065,2021-04-04,1,2021-03-21,spatial,1.0003823163499241,0.07484416109180361,0.8620029646390972,1.1609760289915465
13065,2021-04-11,2,2021-03-21,spatial,0.9995019355797028,0.09902929742057484,0.8211385031918877,1.2166085445321273
13065,2021-04-18,3,2021-03-21,spatial,0.9952452535685268,0.07379899481834314,0.8588449241117422,1.1533084576067285
13067,2021-03-28,0,2021-03-21,spatial,1006.3690190380813,84.09288615764761,852.4381898112999,1188.0962333513755
13067,2021-04-04,1,2021-03-21,spatial,1003.3731174961604,100.09153119855385,823.1376098026487,1223.0732758710155
13067,2021-04-11,2,2021-03-21,spatial,1000.1532931553804,88.26478615646789,838.7906723072224,1192.5580992192672
13067,2021-04-18,3,2021-03-21,spatial,1001.6493590178882,76.9194305112823,859.3842396894237,1167.4654852683047
13069,2021-03-28,0,2021-03-21,spatial,8.988397709450798,0.7920650971886083,7.540409237502702,10.714444115504996
13069,2021-04-04,1,2021-03-21,spatial,9.00936089495502,1.2609660822302158,6.836513607363403,11.872803653622586
13069,2021-04-11,2,2021-03-21,spatial,9.067555727710783,1.3081968707364628,6.819473630920768,12.0567321357967
13069,2021-04-18,3,2021-03-21,spatial,9.008800532584631,0.9001065174557419,7.3899790445159965,10.982235070899655
13071,2021-03-28,0,2021-03-21,spatial,68.13111020173828,5.656305474218241,57.75553837078482,80.37061567188937
13071,2021-04-04,1,2021-03-21,spatial,67.34807078084651,3.307448850540443,61.05696875720043,74.28738652157557
13071,2021-04-11,2,2021-03-21,spatial,68.17600066762482,7.491082491777811,54.77017212387893,84.8631086372931
13071,2021-04-18,3,2021-03-21,spatial,67.91580602998978,5.667826999149899,57.527111087481344,80.18057262929284
13073,2021-03-28,0,2021-03-21,spatial,83.98162981806773,6.394437281413128,72.17636024675086,97.71778630547472
13073,2021-04-04,1,2021-03-21,spatial,83.93371978566961,6.8793488604095625,71.29415508821926,98.81412169541805
13073,2021-04-11,2,2021-03-21,spatial,83.73612917344826,8.63947331797079,68.14801505652797,102.88985413788292
13073,2021-04-18,3,2021-03-21,spatial,84.47408547329881,8.975666114254077,68.5046125406469,104.16628679296824
13075,2021-03-28,0,2021-03-21,spatial,10.99634244534093,0.8276164506663425,9.466366829743158,12.773596180033875
13075,2021-04-04,1,2021-03-21,spatial,11.005356618689516,1.0498997549834177,9.102861758488656,13.305472225982948
13075,2021-04-11,2,2021-03-21,spatial,11.00479894450849,1.3783193123943045,8.58453494713131,14.107415317765696
13075,2021-04-18,3,2021-03-21,spatial,11.022723903428632,0.8849359851094979,9.3914916351842,12.93728908792601
13077,2021-03-28,0,2021-03-21,spatial,94.77863695884056,6.326357509870577,82.93879433478496,108.3086641881432
13077,2021-04-04,1,2021-03-21,spatial,95.62231189264166,8.501051661860682,80.06815730241179,114.1980387678813
13077,2021-04-11,2,2021-03-21,spatial,94.87068063034832,7.436749079572419,81.123518819944,110.9474314500866
13077,2021-04-18,3,2021-03-21,spatial,95.09078589475232,8.570153004487024,79.39993517427553,113.88243003265316
13079,2021-03-28,0,2021-03-21,spatial,9.011926837200622,0.7131318702068221,7.694622449593414,10.55475117214468
13079,2021-04-04,1,2021-03-21,spatial,9.039624240456387,0.9015306927544402,7.418112883903907,11.01557871759467
13079,2021-04-11,2,2021-03-21,spatial,9.025258522803735,0.942692143341118,7.3359177224817,11.103626633354004
13079,2021-04-18,3,2021-03-21,spatial,9.017225993724477,0.6531325205125789,7.8030414257109655,10.420342554376722
13081,2021-03-28,0,2021-03-21,spatial,13.033346796307333,1.2437932116951913,10.784037163600345,15.751812251368639
13081,2021-04-04,1,2021-03-21,spatial,12.957381089578009,1.1316080533759196,10.89208420073626,15.41428817537096
13081,2021-04-11,2,2021-03-21,spatial,22.69631263261869,0.8690517202092837,21.02592137238323,24.49940708872627
13081,2021-04-18,3,2021-03-21,spatial,13.007280155090392,1.3733549080110623,10.53823219122028,16.054812037066814
13083,2021-03-28,0,2021-03-21,spatial,10.02514398506012,0.8167483629683513,8.529734518562918,11.782724503613254
13083,2021-04-04,1,2021-03-21,spatial,9.97489233643082,1.0216321156032768,8.145144932458,12.215679149782805
13083,2021-04-11,2,2021-03-21,spatial,9.98021978714734,1.0131289739698068,8.171851547853532,12.188766085200125
13083,2021-04-18,3,2021-03-21,spatial,10.018342834885557,0.8570491604115709,8.455393492059947,11.87019779168796
13085,2021-03-28,0,2021-03-21,spatial,32.01470542839685,2.5119012394721176,27.382036165681047,37.43115951879506
13085,2021-04-04,1,2021-03-21,spatial,31.912649872626638,2.65931924257815,27.067709820565966,37.62480197416134
13085,2021-04-11,2,2021-03-21,spatial,32.08911259945477,2.460743801301553,27.540189862045242,37.389399004819225
13085,2021-04-18,3,2021-03-21,spatial,31.964130503114514,3.6173506111408122,25.53301816513921,40.01507507698767
13087,2021-03-28,0,2021-03-21,spatial,20.98544686106061,1.8460562036607449,17.61471781144583,25.0011941532347
13087,2021-04-04,1,2021-03-21,spatial,21.101993638006366,1.3943108554013663,18.498286064163448,24.07218344196359
13087,2021-04-11,2,2021-03-21,spatial,20.938315154368613,1.7600462126499044,17.72156253651669,24.73896083374575
13087,2021-04-18,3,2021-03-21,spatial,21.042018094548627,1.7759307613608677,17.807868533037894,24.86353291916284
13089,2021-03-28,0,2021-03-21,spatial,997.6433855697096,125.67987421688134,778.3800210690313,1278.671468730727
13089,2021-04-04,1,2021-03-21,spatial,999.4995005751164,111.79158677903222,801.1431417523568,1246.96723916874
13089,2021-04-11,2,2021-03-21,spatial,997.1137954300881,96.53609086829304,823.0465549944155,1207.9947543717524
13089,2021-04-18,3,2021-03-21,spatial,997.075743224958,75.88179245942422,857.4555268991678,1159.4304387106833
13091,2021-03-28,0,2021-03-21,spatial,7.015512122369207,0.6856546888705978,5.775676072363643,8.521497695241678
13091,2021-04-04,1,2021-03-21,spatial,7.001605237314927,0.6691170593513508,5.789082656781051,8.468090508566721
13091,2021-04-11,2,2021-03-21,spatial,7.017369410491169,0.5069661566092836,6.078529497788964,8.101214851586922
13091,2021-04-18,3,2021-03-21,spatial,7.004257183752066,0.5716556301929131,5.949940236575372,8.245396885596254
13093,2021-03-28,0,2021-03-21,spatial,6.983014244930878,0.4462076187203067,6.150259592526426,7.928525164069817
13093,2021-04-04,1,2021-03-21,spatial,10.08939385265252,0.5902581185530329,8.978774707351375,11.337389747689855
13093,2021-04-11,2,2021-03-21,spatial,10.077264173674687,0.5849788136870806,8.972875873935083,11.31758141456288
13093,2021-04-18,3,2021-03-21,spatial,10.105732678080127,0.5841028203563277,9.008199170423268,11.336986563988011
13095,2021-03-28,0,2021-03-21,spatial,45.07203289645977,2.994480903799768,39.47220586664473,51.46629393560757
13095,2021-04-04,1,2021-03-21,spatial,44.91637489314999,3.185734330879752,39.01136527660531,51.71520451123139
13095,2021-04-11,2,2021-03-21,spatial,45.01223793104309,4.637931687096385,36.705889243358826,55.19826941469388
13095,2021-04-18,3,2021-03-21,spatial,44.573430966714405,5.574740954996615,34.82504143884654,57.050635578806066
13097,2021-03-28,0,2021-03-21,spatial,194.108950135017,18.835008941213875,160.12076081363884,235.3116755819783
13097,2021-04-04,1,2021-03-21,spatial,194.58006946884083,13.953454839479065,168.70683176806975,224.42128180410032
13097,2021-04-11,2,2021-03-21,spatial,194.01383123136296,18.27868160578029,160.89067146651,233.9561788509719
13097,2021-04-18,3,2021-03-21,spatial,194.96352015582366,21.60813998265589,156.6407318362234,242.6621335713155
13099,2021-03-28,0,2021-03-21,spatial,9.034812785771289,0.5726114866392139,7.965017022851957,10.248294741837057
13099,2021-04-04,1,2021-03-21,spatial,9.022558065264402,0.606218588618625,7.889329496245468,10.318564344385553
13099,2021-04-11,2,2021-03-21,spatial,8.993912413969047,0.5872614242720842,7.898152892537695,10.241693420061944
13099,2021-04-18,3,2021-03-21,spatial,9.0120124286026,0.8897311725790479,7.411753522680371,10.957780471889842
13101,2021-03-28,0,2021-03-21,spatial,4.9803957010032285,0.2891198566971875,4.437529707603818,5.589673303159766
13101,2021-04-04,1,2021-03-21,spatial,4.8538067113634344,0.26383255486810525,4.354857966234275,5.409921465624515
13101,2021-04-11,2,2021-03-21,spatial,5.005271146165265,0.476259968255114,4.144823103026131,6.0443446255507425
13101,2021-04-18,3,2021-03-21,spatial,5.012756453164884,0.5305496186552751,4.066654449334116,6.1789678891602575
13103,2021-03-28,0,2021-03-21,spatial,53.050252052364385,2.07518518324158,49.06480944367133,57.35942470234947
13103,2021-04-04,1,2021-03-21,spatial,53.037140165209856,4.5945804572864555,44.658570469741356,62.98764620802267
13103,2021-04-11,2,2021-03-21,spatial,52.92251652531744,5.855071683787509,42.52255097487927,65.86605674309382
13103,2021-04-18,3,2021-03-21,spatial,53.10583993757307,4.842194897483715,44.28803452304177,63.67928190644464
13105,2021-03-28,0,2021-03-21,spatial,7.024362728857787,0.6530117666961258,5.836729577958642,8.453650471129645
13105,2021-04-04,1,2021-03-21,spatial,6.9887667989849485,0.6346783558300295,5.833311991345247,8.373092583263396
13105,2021-04-11,2,2021-03-21,spatial,6.976978612185973,0.3796839079037713,6.258698195878076,7.777692585809543
13105,2021-04-18,3,2021-03-21,spatial,6.978044842756331,0.5997072649487984,5.886433562819711,8.272090274674454
13107,2021-03-28,0,2021-03-21,spatial,3.991393908289576,0.18871263342075453,3.631896494270332,4.3864755937467335
13107,2021-04-04,1,2021-03-21,spatial,3.991837903847213,0.30479445270974104,3.4315506740849266,4.643606160599843
13107,2021-04-11,2,2021-03-21,spatial,4.01304300158763,0.37025046881703744,3.345198633356889,4.8142175989204725
13107,2021-04-18,3,2021-03-21,spatial,4.006960767288427,0.43358969820688814,3.234914558088265,4.963263882950003
13109,2021-03-28,0,2021-03-21,spatial,4.004133677692278,0.31573954884325844,3.4225997702578965,4.684476008020468
13109,2021-04-04,1,2021-03-21,spatial,3.997047192431873,0.3270321743380897,3.397457134186763,4.702454108328793
13109,2021-04-11,2,2021-03-21,spatial,3.998041045815873,0.2838765117566654,3.471864777700965,4.603961625087585
13109,2021-04-18,3,2021-03-21,spatial,3.9954943666552687,0.27393277075932,3.4840030219975158,4.5820784692721706
13111,2021-03-28,0,2021-03-21,spatial,27.97099015350696,2.143355791170856,24.00312944466581,32.59476194432014
13111,2021-04-04,1,2021-03-21,spatial,27.952091932935087,2.418020244920463,23.52748356215886,33.20879776041638
13111,2021-04-11,2,2021-03-21,spatial,27.890219934037127,3.451993253966514,21.815378011935806,35.65669902870218
13111,2021-04-18,3,2021-03-21,spatial,27.929970737188977,2.5202619294249065,23.355806934590703,33.399970618223605
13113,2021-03-28,0,2021-03-21,spatial,95.90069258457929,7.345158516433724,82.32259475611218,111.71833037392378
13113,2021-04-04,1,2021-03-21,spatial,95.96917754271072,6.5616527507335745,83.69294821811144,110.04610584660028
13113,2021-04-11,2,2021-03-21,spatial,96.14615448837652,8.144131875420879,81.22316739022101,113.8109152834604
13113,2021-04-18,3,2021-03-21,spatial,96.36824370395858,6.470974830391108,84.27586234712551,110.19570890101153
13115,2021-03-28,0,2021-03-21,spatial,163.45875211078646,11.155837032859809,142.70180864612377,187.23493342592124
13115,2021-04-04,1,2021-03-21,spatial,163.16903982187574,13.237016653874795,138.7596180213857,191.87236125347042
13115,2021-04-11,2,2021-03-21,spatial,162.96447452956718,17.519860347107567,131.73617297240992,201.5955022790892
13115,2021-04-18,3,2021-03-21,spatial,163.60868076569972,13.857427576446295,138.29405877209206,193.55712501001838
13117,2021-03-28,0,2021-03-21,spatial,350.56028248640024,28.099757796574405,298.8455052318527,411.22422624894836
13117,2021-04-04,1,2021-03-21,spatial,350.94191161500123,25.30553952282261,303.95471710504813,405.1926763993157
13117,2021-04-11,2,2021-03-21,spatial,350.98768474453504,32.76304967555771,291.22324180789263,423.01690647202463
13117,2021-04-18,3,2021-03-21,spatial,351.6243328201545,30.1481414892085,296.58498947613936,416.87771066770637
13119,2021-03-28,0,2021-03-21,spatial,7.988575775895092,0.6876297780504805,6.73421162320276,9.476587089620839
13119,2021-04-04,1,2021-03-21,spatial,8.000306463149322,0.7623368481796614,6.616377826275892,9.673707455176391
13119,2021-04-11,2,2021-03-21,spatial,8.006944769545893,0.9689013164410509,6.305823884323161,10.166976705763123
13119,2021-04-18,3,2021-03-21,spatial,7.9717741767864885,0.8492295697319305,6.4549023468607585,9.845103784813428
13121,2021-03-28,0,2021-03-21,spatial,1277.9858968848614,94.34004549980585,1102.9543523471098,1480.7937873049939
13121,2021-04-04,1,2021-03-21,spatial,1277.3570509104252,101.08671814370888,1091.344305250734,1495.0744945113474
13121,2021-04-11,2,2021-03-21,spatial,1282.065012674897,100.66330807681707,1097.5298680759815,1497.6273033977163
13121,2021-04-18,3,2021-03-21,spatial,1281.9272849750869,121.9828317233318,1060.199568994562,1550.0266289695376
13123,2021-03-28,0,2021-03-21,spatial,12.990738350038272,0.9225273755495236,11.275352944733825,14.967095372209561
13123,2021-04-04,1,2021-03-21,spatial,13.016800597298262,1.0483059830313477,11.085153438316468,15.285047584831384
13123,2021-04-11,2,2021-03-21,spatial,13.025342200356178,1.0924522586596448,11.01490001448673,15.402730774972474
13123,2021-04-18,3,2021-03-21,spatial,12.985703326725304,1.2758449555931315,10.66508156986001,15.81127062040258
13125,2021-03-28,0,2021-03-21,spatial,1.0028270546117175,0.07261548455508937,0.8682870826542848,1.1582138229984762
13125,2021-04-04,1,2021-03-21,spatial,0.9992353217261576,0.061676205819263925,0.8828688378682624,1.1309394842795042
13125,2021-04-11,2,2021-03-21,spatial,0.9993984833412332,0.0640124137916955,0.8791164728141755,1.1361376556936384
13125,2021-04-18,3,2021-03-21,spatial,0.9985334015236372,0.07246712695928934,0.8639429711172382,1.1540911695467244
13127,2021-03-28,0,2021-03-21,spatial,9.042562794216176,0.7312106090250666,7.695632160019124,10.625240420423042
13127,2021-04-04,1,2021-03-21,spatial,9.000070965970131,0.7907391002210964,7.552739403329675,10.724754697188224
13127,2021-04-11,2,2021-03-21,spatial,8.990492885422489,0.7543885982784841,7.613600953753242,10.61639069525788
13127,2021-04-18,3,2021-03-21,spatial,9.052228035720288,0.8103135683032149,7.5777742368638,10.813575312398589
13129,2021-03-28,0,2021-03-21,spatial,81.15801519929222,7.122647177029733,68.19936182973119,96.57895989603148
13129,2021-04-04,1,2021-03-21,spatial,81.36053692684071,8.007098984106744,66.8995528626601,98.94740227357323
13129,2021-04-11,2,2021-03-21,spatial,81.21970579719353,7.19280393560455,68.12747990708014,96.82789703626062
13129,2021-04-18,3,2021-03-21,spatial,81.3383785148484,6.726954349268754,68.93816437905524,95.96907430037109
13131,2021-03-28,0,2021-03-21,spatial,14.999756435825725,1.2372632942462225,12.735620259257011,17.66641031641604
13131,2021-04-04,1,2021-03-21,spatial,15.050722894886286,1.1828720941902076,12.873906888078652,17.59561115580365
13131,2021-04-11,2,2021-03-21,spatial,14.977764443639721,1.6225863385635837,12.101898645738888,18.537044004094906
13131,2021-04-18,3,2021-03-21,spatial,15.000134387462802,1.2330310984199822,12.745896757614345,17.653056189045905
13133,2021-03-28,0,2021-03-21,spatial,6.000112647884928,0.4723345549275384,5.126047994562275,7.023217852329712
13133,2021-04-04,1,2021-03-21,spatial,5.9648004739306915,0.6237604926216379,4.843098427492336,7.3462980830281905
13133,2021-04-11,2,2021-03-21,spatial,6.003765425024838,0.429289029210266,5.206849365565959,6.922650675684707
13133,2021-04-18,3,2021-03-21,spatial,5.990689844153147,0.4508792139874274,5.159042129087352,6.956400802873148
13135,2021-03-28,0,2021-03-21,spatial,932.3692399970344,64.20781168707896,812.4806390226818,1069.9484491572969
13135,2021-04-04,1,2021-03-21,spatial,932.7174574700647,58.903434295774744,822.4658155556501,1057.748345299535
13135,2021-04-11,2,2021-03-21,spatial,930.3771248898868,68.35174120774414,804.105720453553,1076.4773493094076
13135,2021-04-18,3,2021-03-21,spatial,935.6572327625444,89.35225895109478,773.4929556309648,1131.8195606664885
13137,2021-03-28,0,2021-03-21,spatial,20.928719051124162,1.8466747375468535,17.55421891514536,24.951909466218506
13137,2021-04-04,1,2021-03-21,spatial,21.014750826286182,1.6666964362794394,17.946036607352532,24.608205251847266
13137,2021-04-11,2,2021-03-21,spatial,21.00054602526952,2.099155842490256,17.223100651696242,25.6064771540442
13137,2021-04-18,3,2021-03-21,spatial,21.023259588492362,1.6460853200487948,18.006872906208137,24.544930484446176
13139,2021-03-28,0,2021-03-21,spatial,177.68799593080624,12.695816824645236,154.15448399161812,204.81417783230324
13139,2021-04-04,1,2021-03-21,spatial,178.91920039348628,13.298380152475088,154.2611402195224,207.51875828150554
13139,2021-04-11,2,2021-03-21,spatial,178.4762048980515,12.644827789261875,154.93452867021244,205.59494380115817
13139,2021-04-18,3,2021-03-21,spatial,178.0888767211977,23.062542319375023,138.05727643539348,229.72818840635242
13141,2021-03-28,0,2021-03-21,spatial,4.00288870820047,0.2266433468786496,3.577475802265793,4.4788892772078555
13141,2021-04-04,1,2021-03-21,spatial,4.004364010079926,0.30338232508248403,3.4430577438112038,4.657177520198639
13141,2021-04-11,2,2021-03-21,spatial,4.021154979818576,0.3225703126704702,3.4280803494193224,4.7168344156398465
13141,2021-04-18,3,2021-03-21,spatial,3.9974506395806686,0.3377488561648683,3.3792177013157247,4.728790219600858
13143,2021-03-28,0,2021-03-21,spatial,20.239720584994622,0.8689275410055252,18.579188175428914,22.04866463973999
13143,2021-04-04,1,2021-03-21,spatial,20.055948460037342,1.2349222505943984,17.734561747903804,22.68119586768015
13143,2021-04-11,2,2021-03-21,spatial,20.00395537948955,1.3689881602041718,17.452622796362437,22.92825757444388
13143,2021-04-18,3,2021-03-21,spatial,20.05754663935901,1.6507507994023385,17.021254658600732,23.63545962146685
13145,2021-03-28,0,2021-03-21,spatial,15.01956523796774,0.7894887224122218,13.524270136297051,16.680185892777118
13145,2021-04-04,1,2021-03-21,spatial,15.025897730768008,1.0780810946908448,13.027644443100302,17.330654332915525
13145,2021-04-11,2,2021-03-21,spatial,14.976905690115752,1.4609649735206638,12.358331676611547,18.15032238333023
13145,2021-04-18,3,2021-03-21,spatial,14.956748350949116,1.3544186317661586,12.493455868596413,17.905719889396092
13147,2021-03-28,0,2021-03-21,spatial,7.024695391810903,0.8176113842351732,5.578268223742717,8.846176513652944
13147,2021-04-04,1,2021-03-21,spatial,7.0028638363482365,0.6544724671697669,5.810692063733533,8.439631867004206
13147,2021-04-11,2,2021-03-21,spatial,7.017672621085656,0.4652217665835855,6.146958858390376,8.011722569041412
13147,2021-04-18,3,2021-03-21,spatial,7.0049897690797,0.4273586447176021,6.200690961790423,7.913615106330428
13149,2021-03-28,0,2021-03-21,spatial,5.001389335507528,0.2840887758485881,4.464656186113191,5.602647604339911
13149,2021-04-04,1,2021-03-21,spatial,5.011915234390557,0.34742310710813945,4.368043515349074,5.750696903189784
13149,2021-04-11,2,2021-03-21,spatial,4.9836249269557005,0.4297769160320504,4.199173183945382,5.914620884780652
13149,2021-04-18,3,2021-03-21,spatial,4.997132298865641,0.44828901947839217,4.181797422415427,5.971434933340852
13151,2021-03-28,0,2021-03-21,spatial,321.18537870704546,6.601199197565345,308.26173111433064,334.6508407718225
13151,2021-04-04,1,2021-03-21,spatial,330.473413239325,27.08531733217688,280.9079759996949,388.7845351111293
13151,2021-04-11,2,2021-03-21,spatial,328.99102339372365,28.299501107561422,277.10082599031153,390.59823472858903
13151,2021-04-18,3,2021-03-21,spatial,331.4365021665554,21.59047032046541,291.0888057238708,377.3767757754513
13153,2021-03-28,0,2021-03-21,spatial,122.53936134913418,12.81304082764258,99.60713650384108,150.7511972224464
13153,2021-04-04,1,2021-03-21,spatial,122.88291334457823,12.57166450719972,100.26715971939925,150.59976201888568
13153,2021-04-11,2,2021-03-21,spatial,121.47048088815632,15.1387503970546,94.96770503319263,155.3694250276221
13153,2021-04-18,3,2021-03-21,spatial,121.7185540485227,12.301597071315895,99.59464976765852,148.7570510486816
13155,2021-03-28,0,2021-03-21,spatial,2.001306555052011,0.13707463729251915,1.7471276019803648,2.2924644558040486
13155,2021-04-04,1,2021-03-21,spatial,2.005966918888177,0.16071004701371075,1.710792616249839,2.352069585438336
13155,2021-04-11,2,2021-03-21,spatial,2.003274204518526,0.16357398035839074,1.7009372655071038,2.359350706148999
13155,2021-04-18,3,2021-03-21,spatial,2.0036851053398084,0.19014838060261294,1.6582361389572002,2.421099086578417
13157,2021-03-28,0,2021-03-21,spatial,91.02913428609811,9.060007026041507,74.73673924152894,110.87322477499843
13157,2021-04-04,1,2021-03-21,spatial,91.31932890597376,8.051972672457683,76.64626424681937,108.80138665314622
13157,2021-04-11,2,2021-03-21,spatial,91.260510957611,9.465939118879684,74.36018532500677,112.0018841244527
13157,2021-04-18,3,2021-03-21,spatial,91.11390094638568,5.317813110609126,81.08699605642245,102.3806941854303
13159,2021-03-28,0,2021-03-21,spatial,20.964166309384325,1.3053772260183194,18.508806723353985,23.74525141553175
13159,2021-04-04,1,2021-03-21,spatial,20.994122072316333,2.0519236672528502,17.283583263609028,25.501260639356857
13159,2021-04-11,2,2021-03-21,spatial,21.016302430475776,1.9519882038907799,17.486630829379024,25.25843726895371
13159,2021-04-18,3,2021-03-21,spatial,20.93547545334157,1.7448621608112618,17.7377442390828,24.70968836565721
13161,2021-03-28,0,2021-03-21,spatial,6.977762756411456,0.4691756448978993,6.104128782420341,7.976432808066856
13161,2021-04-04,1,2021-03-21,spatial,7.019824762309407,0.7711751993277332,5.655175698326866,8.713776958001784
13161,2021-04-11,2,2021-03-21,spatial,6.984374293629722,0.5955056290370597,5.891038776560436,8.280625221414246
13161,2021-04-18,3,2021-03-21,spatial,6.984871574408535,0.6968742250105229,5.7276309465061885,8.51808214716434
13163,2021-03-28,0,2021-03-21,spatial,10.016757794436721,0.5820137810577767,8.920623147577238,11.247581592958444
13163,2021-04-04,1,2021-03-21,spatial,9.966654941931935,0.741889444722755,8.602954349714476,11.546523054005633
13163,2021-04-11,2,2021-03-21,spatial,9.992964999825265,0.8712713441661699,8.40757360484931,11.877308981289914
13163,2021-04-18,3,2021-03-21,spatial,9.972126395171452,1.0026585764825724,8.162489288528674,12.182962981774436
13165,2021-03-28,0,2021-03-21,spatial,3.9860367785264974,0.2943977252945103,3.4415701085509487,4.616639701829482
13165,2021-04-04,1,2021-03-21,spatial,4.006652750956911,0.33833021765719656,3.387876491626588,4.738444954067108
13165,2021-04-11,2,2021-03-21,spatial,4.005833663612331,0.4094197345140133,3.27428964032282,4.9008197512263205
13165,2021-04-18,3,2021-03-21,spatial,4.005877998638622,0.37340721800722215,3.3274420931931714,4.822640962799585
13167,2021-03-28,0,2021-03-21,spatial,7.002134317347402,0.7731683750614053,5.633395782235716,8.703433398516832
13167,2021-04-04,1,2021-03-21,spatial,6.963891495703959,0.5970402746179758,5.869003492435689,8.263035594789148
13167,2021-04-11,2,2021-03-21,spatial,6.9898005456537735,0.5545914753753022,5.966240662509952,8.188960927276426
13167,2021-04-18,3,2021-03-21,spatial,6.982016319878952,0.7105593638694357,5.70623232778338,8.543036646738269
13169,2021-03-28,0,2021-03-21,spatial,4.000964275452803,0.4562566576378853,3.186571134981839,5.023492166146421
13169,2021-04-04,1,2021-03-21,spatial,4.013286534953532,0.4099357370758836,3.277211209384612,4.914687453013982
13169,2021-04-11,2,2021-03-21,spatial,3.967718365649649,0.4038256502027101,3.2440574014148997,4.852808406610586
13169,2021-04-18,3,2021-03-21,spatial,3.987347345392125,0.2942105475889463,3.4430472339415137,4.617694086817658
13171,2021-03-28,0,2021-03-21,spatial,17.062946723067302,1.322886475461596,14.613342560064414,19.923172927587203
13171,2021-04-04,1,2021-03-21,spatial,16.900146260949203,1.6089531723361798,13.984481920823214,20.42370573744232
13171,2021-04-11,2,2021-03-21,spatial,17.005361574645345,1.977865973922675,13.54057873917426,21.356718043948213
13171,2021-04-18,3,2021-03-21,spatial,17.04917284168782,1.6159028953697965,14.12302205536634,20.58159319203907
13173,2021-03-28,0,2021-03-21,spatial,9.00941983962983,0.7141289766674609,7.687183598741412,10.559087708013784
13173,2021-04-04,1,2021-03-21,spatial,8.996712637268256,0.7758658322901956,7.578126770401001,10.68085039085448
13173,2021-04-11,2,2021-03-21,spatial,8.964760418867025,0.7880885472077022,7.520648675537474,10.686169881741133
13173,2021-04-18,3,2021-03-21,spatial,9.027407431751339,1.021339299280351,7.220872112787485,11.2859061434589
13175,2021-03-28,0,2021-03-21,spatial,14.994557991153275,1.0501508992403734,13.036275202549904,17.247010043641936
13175,2021-04-04,1,2021-03-21,spatial,14.965895815856145,1.366888162901219,12.50213568815668,17.915182106304897
13175,2021-04-11,2,2021-03-21,spatial,15.02471044266237,1.1361566274587849,12.928361109408266,17.460985346516207
13175,2021-04-18,3,2021-03-21,spatial,14.928887746087089,1.3841613760047942,12.42562534093461,17.936456574225467
13177,2021-03-28,0,2021-03-21,spatial,22.566905356616264,0.4501603170363484,21.684767679980954,23.484928447936372
13177,2021-04-04,1,2021-03-21,spatial,21.37355019056452,1.1782013015042323,19.136536438577604,23.872065314162782
13177,2021-04-11,2,2021-03-21,spatial,21.00021578458988,2.010583940357956,17.374271183862568,25.38288129224967
13177,2021-04-18,3,2021-03-21,spatial,20.869270818895274,1.938638635039798,17.353660263149465,25.09709524723353
13179,2021-03-28,0,2021-03-21,spatial,86.94886420258742,1.6576227060705568,83.69985261386238,90.32399400985183
13179,2021-04-04,1,2021-03-21,spatial,86.96103548723133,6.8882200953384425,74.28421532137257,101.80119235688764
13179,2021-04-11,2,2021-03-21,spatial,86.86865200224335,7.246948632274246,73.51880161850968,102.64262385347384
13179,2021-04-18,3,2021-03-21,spatial,86.9753056659278,7.796511655838691,72.76266128431129,103.96408902807184
13181,2021-03-28,0,2021-03-21,spatial,6.0071096304888005,0.3923332929198101,5.275071469605692,6.840735015749209
13181,2021-04-04,1,2021-03-21,spatial,5.934657643128553,0.7161417219978371,4.6721183295299324,7.538371003691525
13181,2021-04-11,2,2021-03-21,spatial,5.995889457556323,0.4696286404984497,5.130077311575932,7.0078262380399075
13181,2021-04-18,3,2021-03-21,spatial,5.9855606319479016,0.5024462489954544,5.067092776945423,7.070511169981376
13183,2021-03-28,0,2021-03-21,spatial,0.9999419605189308,0.07913228152043696,0.8542326978327709,1.1705053282825586
13183,2021-04-04,1,2021-03-21,spatial,1.001682051217548,0.07537012567117263,0.8623813722251455,1.1634840037679306
13183,2021-04-11,2,2021-03-21,spatial,1.0009412567244222,0.11432722891155805,0.7982879874359601,1.2550400546938438
13183,2021-04-18,3,2021-03-21,spatial,0.9987051824668456,0.08255807995586546,0.8472329306346285,1.1772583494116708
13185,2021-03-28,0,2021-03-21,spatial,119.3576254398202,8.09776214244158,104.3288753801107,136.55129223551774
13185,2021-04-04,1,2021-03-21,spatial,118.83546036826726,10.384439954463216,99.8356199643847,141.45118391587937
13185,2021-04-11,2,2021-03-21,spatial,119.05138611993306,9.718215087335825,101.20632624825821,140.04295050005643
13185,2021-04-18,3,2021-03-21,spatial,119.32233844933269,10.151823191188637,100.78443762954059,141.27002926138164
13187,2021-03-28,0,2021-03-21,spatial,11.037461396444318,1.0317527795997783,9.159739016097198,13.300111920645776
13187,2021-04-04,1,2021-03-21,spatial,11.029817062222225,0.890699921608582,9.395303518607427,12.948689117402827
13187,2021-04-11,2,2021-03-21,spatial,11.017018097307297,0.8423846519644234,9.459721952012057,12.83068237862747
13187,2021-04-18,3,2021-03-21,spatial,11.027766845204003,1.3933934359320073,8.57645187642201,14.17971479866981
13189,2021-03-28,0,2021-03-21,spatial,18.023510700095468,1.4385864384557479,15.382545194091744,21.117892641149254
13189,2021-04-04,1,2021-03-21,spatial,17.944124941376053,1.3479480933438246,15.45780401787493,20.830359832442753
13189,2021-04-11,2,2021-03-21,spatial,17.95765265697219,1.8612642950594365,14.605322201141655,22.079436831818285
13189,2021-04-18,3,2021-03-21,spatial,17.994405862179047,1.9288429348626783,14.56893987841706,22.22527136737728
13191,2021-03-28,0,2021-03-21,spatial,0.998242073092148,0.07821905369303864,0.8539870437388496,1.1668645839503349
13191,2021-04-04,1,2021-03-21,spatial,0.9969080643037196,0.07803908103211751,0.8532936642335716,1.1646936222905668
13191,2021-04-11,2,2021-03-21,spatial,0.999372021622426,0.08746370484364549,0.8393092663141453,1.1899599798149672
13191,2021-04-18,3,2021-03-21,spatial,1.0011037676512835,0.09431011067286732,0.8302519968431056,1.2071139333796566
13193,2021-03-28,0,2021-03-21,spatial,14.05360746340364,1.0763074188937451,12.074648960953754,16.356904732726413
13193,2021-04-04,1,2021-03-21,spatial,14.009141202929973,1.0331227079859324,12.088186346493318,16.235358358829618
13193,2021-04-11,2,2021-03-21,spatial,13.941194237150679,1.3151820948473287,11.555191730830591,16.819876405806113
13193,2021-04-18,3,2021-03-21,spatial,13.989142006597033,1.147425144130792,11.87496094766956,16.479725275992816
13195,2021-03-28,0,2021-03-21,spatial,8.979087411235168,0.8013486775087181,7.5160722755954845,10.726880714064732
13195,2021-04-04,1,2021-03-21,spatial,8.99039895202653,0.7940236450853572,7.5464766161091825,10.710597465320538
13195,2021-04-11,2,2021-03-21,spatial,8.976264878694288,0.6429670220202031,7.780094551692057,10.356343439933774
13195,2021-04-18,3,2021-03-21,spatial,8.962298290889024,0.8901023392779279,7.3701036107202675,10.898461527465896
13197,2021-03-28,0,2021-03-21,spatial,1.9982532972370397,0.12845568765569554,1.7576036056497937,2.271852553717574
13197,2021-04-04,1,2021-03-21,spatial,2.0007359072915367,0.19341886083010987,1.651354608646619,2.424036696761536
13197,2021-04-11,2,2021-03-21,spatial,2.004714142515,0.17998056901076534,1.6768259943390658,2.3967178507294817
13197,2021-04-18,3,2021-03-21,spatial,1.9986886497946008,0.17461891477890149,1.6800298850805622,2.3777888442896384
13199,2021-03-28,0,2021-03-21,spatial,15.958447764108934,1.244026779872431,13.664818681112006,18.637060687223762
13199,2021-04-04,1,2021-03-21,spatial,15.937419395818882,1.2820092897856443,13.574558046763789,18.711573233043737
13199,2021-04-11,2,2021-03-21,spatial,15.906820826133973,1.2711542449406734,13.569950524571539,18.64612168898963
13199,2021-04-18,3,2021-03-21,spatial,15.929245086615719,1.6122940790950753,13.042166490896141,19.455421705173798
13201,2021-03-28,0,2021-03-21,spatial,11.950066809387552,0.44389989622982895,11.093283354298904,12.873023449228507
13201,2021-04-04,1,2021-03-21,spatial,11.001219345933523,0.8620061375447069,9.408996973912066,12.862882986667769
13201,2021-04-11,2,2021-03-21,spatial,11.02397383611868,0.8275080983726563,9.495710634546707,12.798199504657767
13201,2021-04-18,3,2021-03-21,spatial,10.987605262315274,1.1354732378182468,8.94311821841694,13.499482669460757
13205,2021-03-28,0,2021-03-21,spatial,22.898640492229166,2.049467256701541,19.15918838037202,27.367951396601683
13205,2021-04-04,1,2021-03-21,spatial,23.044092987941976,2.050836793521637,19.301082890171347,27.51297554953935
13205,2021-04-11,2,2021-03-21,spatial,22.912185612992285,2.3519497885807232,18.683418757405907,28.098082924792283
13205,2021-04-18,3,2021-03-21,spatial,23.019308335070612,1.4162025686895037,20.359979212523815,26.025987094284787
13207,2021-03-28,0,2021-03-21,spatial,20.025385624074108,1.4315654635632071,17.351295030020296,23.111593036661354
13207,2021-04-04,1,2021-03-21,spatial,20.019455443423396,1.7633362739255631,16.803684029205566,23.850638678675672
13207,2021-04-11,2,2021-03-21,spatial,20.097628587823426,2.310279964876306,16.021209015555044,25.21124806885269
13207,2021-04-18,3,2021-03-21,spatial,20.024424870368872,1.8727049610860709,16.609231378387197,24.141851134112105
13209,2021-03-28,0,2021-03-21,spatial,1.0013776220444095,0.05026638634514978,0.9061492986922518,1.1066136048204072
13209,2021-04-04,1,2021-03-21,spatial,1.0054630250140582,0.09815899357501948,0.8295018408249275,1.2187506343144934
13209,2021-04-11,2,2021-03-21,spatial,0.9967671755714024,0.07699900346392402,0.8546872206157583,1.1624659622040363
13209,2021-04-18,3,2021-03-21,spatial,0.9982839548259862,0.07464329000783566,0.8599670896937557,1.1588476656913722
13211,2021-03-28,0,2021-03-21,spatial,39.017541721499356,0.8036803236556199,37.44424969200834,40.65693863573024
13211,2021-04-04,1,2021-03-21,spatial,39.050342621334295,0.7951179134266768,37.49305667820677,40.67231092763848
13211,2021-04-11,2,2021-03-21,spatial,37.998505005273316,4.809623966147232,29.55674583967702,48.85133128213007
13211,2021-04-18,3,2021-03-21,spatial,37.94864836951921,3.137198751513388,32.21490130250278,44.702912467452784
13213,2021-03-28,0,2021-03-21,spatial,45.96671885186861,2.3615442576806256,41.49314373279977,50.92261159128521
13213,2021-04-04,1,2021-03-21,spatial,46.2163455521511,4.033658236244343,38.83461392850198,55.00120588628264
13213,2021-04-11,2,2021-03-21,spatial,46.09116208981351,3.028870610427368,40.43590427738815,52.53734918888481
13213,2021-04-18,3,2021-03-21,spatial,46.04899746682986,4.6863505561419885,37.62952204024915,56.35230140398729
13215,2021-03-28,0,2021-03-21,spatial,193.3054311668816,12.753937293161707,169.5014183472509,220.45237192093416
13215,2021-04-04,1,2021-03-21,spatial,192.97675183534162,15.212475592637295,164.9238820264363,225.8012987042693
13215,2021-04-11,2,2021-03-21,spatial,192.95582357218262,14.676019772989454,165.88209972755433,224.44826724263334
13215,2021-04-18,3,2021-03-21,spatial,193.7553546404733,18.38420913624843,160.45284529708124,233.9699079960067
13217,2021-03-28,0,2021-03-21,spatial,134.31744338567077,11.570611369480345,113.23046963083063,159.3314560690525
13217,2021-04-04,1,2021-03-21,spatial,124.17085120330455,7.5433756340880285,110.01020272163805,140.15427575901137
13217,2021-04-11,2,2021-03-21,spatial,134.17484395743003,11.742652399261207,112.6988798156282,159.7432803276559
13217,2021-04-18,3,2021-03-21,spatial,133.55350951465445,8.249245937616305,118.045695198652,151.0986052787851
13219,2021-03-28,0,2021-03-21,spatial,47.94250052010237,3.7875464680998685,41.00317002542356,56.05623552264048
13219,2021-04-04,1,2021-03-21,spatial,48.067249790489434,4.231724129777488,40.345293238146795,57.26716345282996
13219,2021-04-11,2,2021-03-21,spatial,48.00935588471582,2.925469623160245,42.51735102406281,54.210768002946274
13219,2021-04-18,3,2021-03-21,spatial,48.17382689994571,4.480119021470311,39.977370040680135,58.05078212559806
13221,2021-03-28,0,2021-03-21,spatial,9.001948156723673,0.530492401267682,8.00632516730093,10.121381398210064
13221,2021-04-04,1,2021-03-21,spatial,9.00552406540486,0.692936097748621,7.72481041891662,10.498570100049136
13221,2021-04-11,2,2021-03-21,spatial,9.017560292721477,0.6183421857041322,7.86783670611596,10.33529249147441
13221,2021-04-18,3,2021-03-21,spatial,8.923519011279376,1.240472061823345,6.78244166595374,11.740490440837
13223,2021-03-28,0,2021-03-21,spatial,260.82238674099375,24.613558387851306,215.9926796574987,314.9565880341017
13223,2021-04-04,1,2021-03-21,spatial,260.49121294026094,21.908653277959104,220.32072406163041,307.9858797128275
13223,2021-04-11,2,2021-03-21,spatial,259.9481837249259,34.613647137591784,199.85329478487807,338.1133060359271
13223,2021-04-18,3,2021-03-21,spatial,261.4620190742501,22.492661099311768,220.1350842957373,310.5474424355866
13225,2021-03-28,0,2021-03-21,spatial,21.951526675917005,1.6775641352328303,18.862895236002096,25.545894062105074
13225,2021-04-04,1,2021-03-21,spatial,21.931062994905297,2.3242972777751736,17.76322240509273,27.07681709533793
13225,2021-04-11,2,2021-03-21,spatial,21.955114827930203,1.976146207397396,18.357585954737914,26.25765001433613
13225,2021-04-18,3,2021-03-21,spatial,21.976775728042465,1.4398092170635604,19.282565605424615,25.047427882978592
13227,2021-03-28,0,2021-03-21,spatial,34.880958201569534,3.5383844306952867,28.500747767542748,42.689449939458186
13227,2021-04-04,1,2021-03-21,spatial,35.06890953598305,2.4897554951423664,30.44341256477225,40.39719310134322
13227,2021-04-11,2,2021-03-21,spatial,34.990572443643146,2.2735052519035195,30.742916705366834,39.82511391705733
13227,2021-04-18,3,2021-03-21,spatial,34.977662139484266,2.977974302057978,29.53095780432985,41.42895929249305
13229,2021-03-28,0,2021-03-21,spatial,5.994383644744022,0.5653200580877268,4.974662245380903,7.223130638414491
13229,2021-04-04,1,2021-03-21,spatial,5.995194898638986,0.4802737039908936,5.112264447195302,7.030614758668378
13229,2021-04-11,2,2021-03-21,spatial,6.0122208128375085,0.6885632430048947,4.782990351262106,7.5573640019529424
13229,2021-04-18,3,2021-03-21,spatial,6.017060973636477,0.7756568733490953,4.6527122274295465,7.781487655096412
13231,2021-03-28,0,2021-03-21,spatial,17.05936999530497,0.17158730762387495,16.719661170168756,17.405980998942347
13231,2021-04-04,1,2021-03-21,spatial,17.04751008360293,0.17406205234856892,16.703124663287348,17.398996050679482
13231,2021-04-11,2,2021-03-21,spatial,18.04232150557984,1.1313792868897448,15.914720232860398,20.454356755739287
13231,2021-04-18,3,2021-03-21,spatial,18.07090951451416,1.7500110027243665,14.902546119645903,21.912884419881774
13233,2021-03-28,0,2021-03-21,spatial,42.753401512596135,3.3207281676249174,36.6389207777981,49.8882964370739
13233,2021-04-04,1,2021-03-21,spatial,42.99527418595801,3.2735521412447053,36.948839601767894,50.031168021776224
13233,2021-04-11,2,2021-03-21,spatial,43.17423607937376,2.6817893257146626,38.15504935997085,48.8536823383872
13233,2021-04-18,3,2021-03-21,spatial,43.15271262968657,3.908361121934042,36.03885424557229,51.6708049210275
13235,2021-03-28,0,2021-03-21,spatial,9.992187195946066,0.7852912740083178,8.543378985254032,11.686688034226275
13235,2021-04-04,1,2021-03-21,spatial,9.938810665329532,0.8341300511493217,8.413337366510852,11.740876793370973
13235,2021-04-11,2,2021-03-21,spatial,10.00261272122309,1.0585704958722415,8.101381575644847,12.350024537982597
13235,2021-04-18,3,2021-03-21,spatial,10.012800525245263,0.7992643394144413,8.539378414666164,11.740453401873419
13237,2021-03-28,0,2021-03-21,spatial,9.049465223177796,0.8894406736467003,7.4449163735853805,10.999830853179322
13237,2021-04-04,1,2021-03-21,spatial,9.01172427408554,0.8727079537069033,7.432799155197568,10.926055271566655
13237,2021-04-11,2,2021-03-21,spatial,8.993971535274449,0.9511511196980904,7.289289946962838,11.097311887151834
13237,2021-04-18,3,2021-03-21,spatial,8.988307091332475,0.8462913155837121,7.450536642509332,10.84346916799912
13239,2021-03-28,0,2021-03-21,spatial,1.9996624308582251,0.1694752779577658,1.6898766743191944,2.366237665832493
13239,2021-04-04,1,2021-03-21,spatial,2.0027747649371563,0.15023610332131082,1.7245422385565483,2.3258965013384647
13239,2021-04-11,2,2021-03-21,spatial,1.6218246336470954,0.016428626341294,1.5892914705111318,1.6550237581395937
13239,2021-04-18,3,2021-03-21,spatial,1.6230515932199308,0.016094143152456445,1.5911594468429755,1.6555829646616946
13241,2021-03-28,0,2021-03-21,spatial,24.030134079760753,1.438311601781742,21.33677456398448,27.063478697758967
13241,2021-04-04,1,2021-03-21,spatial,24.04403087513629,2.203042069496276,20.04716924767528,28.837758268117927
13241,2021-04-11,2,2021-03-21,spatial,24.34014660546009,2.263982570320118,20.24500530553252,29.263649371007514
13241,2021-04-18,3,2021-03-21,spatial,24.0021267611744,2.2827983970680066,19.884158786695536,28.972917347901763
13243,2021-03-28,0,2021-03-21,spatial,0.999214587597158,0.0922927095651602,0.8312169657961939,1.2011662816706312
13243,2021-04-04,1,2021-03-21,spatial,0.9991511065460902,0.09642276944376653,0.8243235753098852,1.211057118361546
13243,2021-04-11,2,2021-03-21,spatial,0.9986205305687602,0.12548897771319034,0.7797503122597096,1.2789260207968762
13243,2021-04-18,3,2021-03-21,spatial,1.0013484608384218,0.07996628011928658,0.8541529123050329,1.1739101109162933
13245,2021-03-28,0,2021-03-21,spatial,154.8392474394015,11.588027747049095,133.55819900108693,179.51119981338692
13245,2021-04-04,1,2021-03-21,spatial,154.71895079384996,19.862085205445997,120.1268906468071,199.2722329351828
13245,2021-04-11,2,2021-03-21,spatial,155.51527545439112,17.49835381408067,124.4657648355665,194.31046707185945
13245,2021-04-18,3,2021-03-21,spatial,156.09759393924034,18.19003751584361,123.92043459961248,196.6298690958284
13247,2021-03-28,0,2021-03-21,spatial,130.21908343827812,12.244786415831852,108.11837671456749,156.8374425031532
13247,2021-04-04,1,2021-03-21,spatial,129.94993994184495,6.493464859530111,117.62747832966451,143.56328241230662
13247,2021-04-11,2,2021-03-21,spatial,130.08044344241128,12.784926086345367,107.02742115344223,158.09893935419888
13247,2021-04-18,3,2021-03-21,spatial,129.9700223380187,14.4474090956466,104.04723776142723,162.35132301424173
13249,2021-03-28,0,2021-03-21,spatial,0.9981399562933629,0.06066997074794154,0.8843373508034561,1.126587462854705
13249,2021-04-04,1,2021-03-21,spatial,0.9983749106050059,0.0904439606423282,0.8336020351283999,1.195717404854972
13249,2021-04-11,2,2021-03-21,spatial,1.0012650165902517,0.0998486950202648,0.821544266475188,1.2203014181436749
13249,2021-04-18,3,2021-03-21,spatial,0.994309611488528,0.1056684683962326,0.8053487626577391,1.2276067827257957
13251,2021-03-28,0,2021-03-21,spatial,9.992974697921232,0.7782906342164794,8.554136349421702,11.67383114252614
13251,2021-04-04,1,2021-03-21,spatial,9.993699684622692,0.6783855520921663,8.729712252255133,11.440701652065039
13251,2021-04-11,2,2021-03-21,spatial,9.996127007003498,0.9333024647081448,8.2994547901047,12.039652925066914
13251,2021-04-18,3,2021-03-21,spatial,10.01962563046143,0.9570211315140248,8.276930404596031,12.129242710419947
13253,2021-03-28,0,2021-03-21,spatial,11.973535627381375,1.2781044177493412,9.689347594998422,14.796203151404686
13253,2021-04-04,1,2021-03-21,spatial,11.985506035923295,0.8200614955078483,10.460217667762286,13.733208954138787
13253,2021-04-11,2,2021-03-21,spatial,9.901050018580595,0.3885990784732772,9.15403023687698,10.709030769367367
13253,2021-04-18,3,2021-03-21,spatial,12.132322867412865,1.487376663988604,9.52888947573349,15.447052726762669
13255,2021-03-28,0,2021-03-21,spatial,62.801498018226965,4.5726877300075905,54.3063279282525,72.62557244791199
13255,2021-04-04,1,2021-03-21,spatial,62.820654072644494,4.491223630896657,54.475082799938995,72.44476511597495
13255,2021-04-11,2,2021-03-21,spatial,63.00614129618862,6.836190339702745,50.80813074650448,78.13264890301834
13255,2021-04-18,3,2021-03-21,spatial,63.068645147900675,4.908496073074402,53.99722098012651,73.66405027132375
13257,2021-03-28,0,2021-03-21,spatial,17.957676736677357,1.3878800073088902,15.390614316138661,20.952909816007235
13257,2021-04-04,1,2021-03-21,spatial,18.012323235937096,1.5342938251602334,15.202769475867536,21.341097677689085
13257,2021-04-11,2,2021-03-21,spatial,18.047729649355137,1.0936368156397842,15.990189852829324,20.370023651631573
13257,2021-04-18,3,2021-03-21,spatial,17.956077874126596,1.7007665389046258,14.855881797264725,21.703237614684237
13259,2021-03-28,0,2021-03-21,spatial,2.9981217946427514,0.26033570495904784,2.5220135697734194,3.5641102027533633
13259,2021-04-04,1,2021-03-21,spatial,2.9927324140607685,0.1686540484526506,2.6754131307594515,3.3476875773677586
13259,2021-04-11,2,2021-03-21,spatial,2.993310341178464,0.2260277195904169,2.574072202500085,3.4808296324802246
13259,2021-04-18,3,2021-03-21,spatial,4.353210313472903,0.08602550431516608,4.184583506515878,4.5286323008774545
13261,2021-03-28,0,2021-03-21,spatial,11.987214185015207,0.8966195125062902,10.333185854901304,13.906002072852706
13261,2021-04-04,1,2021-03-21,spatial,12.049410869639692,1.0859337637661464,10.059848771714464,14.432453767458297
13261,2021-04-11,2,2021-03-21,spatial,11.949707379329205,1.0549541791597707,10.012528508056258,14.261682884268346
13261,2021-04-18,3,2021-03-21,spatial,12.032320255919835,1.1617776058289335,9.926828492838645,14.584389248334734
13263,2021-03-28,0,2021-03-21,spatial,0.9998901476685592,0.07888298110828235,0.8545701372045138,1.1699218868976091
13263,2021-04-04,1,2021-03-21,spatial,0.9971019148437644,0.021912746710428598,0.9542586276822648,1.0418687342653403
13263,2021-04-11,2,2021-03-21,spatial,1.0040149836310786,0.09704879606968024,0.8284122999995718,1.2168410432296046
13263,2021-04-18,3,2021-03-21,spatial,1.0025210641474969,0.06786698241784159,0.8759272594566934,1.1474108988032012
13265,2021-03-28,0,2021-03-21,spatial,0.9993437246177131,0.07872259191172785,0.8547572742587177,1.1683876932184156
13265,2021-04-04,1,2021-03-21,spatial,1.0010240948562812,0.06926784343854328,0.8718930100405378,1.1492800457664498
13265,2021-04-11,2,2021-03-21,spatial,1.6225313403390158,0.01599821567322245,1.5908555544929437,1.6548378279519032
13265,2021-04-18,3,2021-03-21,spatial,1.6223770427216744,0.01631779711461761,1.5900477761360414,1.6553636363975064
13267,2021-03-28,0,2021-03-21,spatial,13.998769700172376,1.2618401991520638,11.69755326468253,16.752695942845335
13267,2021-04-04,1,2021-03-21,spatial,14.04886880502126,1.2589470255266957,11.75562124336478,16.78947548706551
13267,2021-04-11,2,2021-03-21,spatial,13.976811313677445,1.018369177676567,12.092659859776145,16.154531489630283
13267,2021-04-18,3,2021-03-21,spatial,13.98937574561964,1.0948112272382975,11.967969282562109,16.35220053892342
13269,2021-03-28,0,2021-03-21,spatial,2.004479172391612,0.1747396666753425,1.6865983563263889,2.3822724227618144
13269,2021-04-04,1,2021-03-21,spatial,1.9946903853547893,0.1876088313630549,1.654282923753066,2.4051446559093845
13269,2021-04-11,2,2021-03-21,spatial,1.9943210830072031,0.18342458240262688,1.6600747921447854,2.3958658976975395
13269,2021-04-18,3,2021-03-21,spatial,2.0010532965932075,0.19816254772452893,1.6437144767242629,2.4360765525327066
13271,2021-03-28,0,2021-03-21,spatial,8.544916355070328,0.6843662455899031,7.285076113734361,10.022626308254218
13271,2021-04-04,1,2021-03-21,spatial,8.578581061135013,0.6916879184022634,7.308148128065434,10.069863354281123
13271,2021-04-11,2,2021-03-21,spatial,9.009879857064265,0.8734422785047479,7.423764125959373,10.934875308722408
13271,2021-04-18,3,2021-03-21,spatial,8.998911567016561,1.0568689682960437,7.142793883423784,11.337357722013365
13273,2021-03-28,0,2021-03-21,spatial,3.9987470514469607,0.3755342582496519,3.3181930511222086,4.8188811606509665
13273,2021-04-04,1,2021-03-21,spatial,4.002056232281621,0.3830776187367593,3.3081769082621784,4.8414744829223135
13273,2021-04-11,2,2021-03-21,spatial,3.9825684226953517,0.3162601210122519,3.4041665170147866,4.659246591544234
13273,2021-04-18,3,2021-03-21,spatial,4.024374923274951,0.38269538593349,3.3278882302277046,4.866627844041538
13275,2021-03-28,0,2021-03-21,spatial,29.047683080462626,2.356620931534105,24.71631282301581,34.13809731188056
13275,2021-04-04,1,2021-03-21,spatial,28.84925277494841,2.685209174810503,23.976572388430466,34.7121920593818
13275,2021-04-11,2,2021-03-21,spatial,28.888079246524494,3.0501456427733906,23.430478180699957,35.616905302465696
13275,2021-04-18,3,2021-03-21,spatial,29.135576930879445,2.7845129985232098,24.104431062748123,35.216837969973405
13277,2021-03-28,0,2021-03-21,spatial,22.097665415640773,2.1624597014184332,18.185789021845327,26.851010766430715
13277,2021-04-04,1,2021-03-21,spatial,22.058167423251074,1.811693835808017,18.725509412302433,25.983952658319105
13277,2021-04-11,2,2021-03-21,spatial,22.1397056061206,2.328587015163605,17.964111584736838,27.285878403369345
13277,2021-04-18,3,2021-03-21,spatial,22.0065348341108,1.9000832943827648,18.519430525875205,26.150241214398516
13279,2021-03-28,0,2021-03-21,spatial,17.980432147701965,0.9105519855347728,16.24846549384308,19.89701368049916
13279,2021-04-04,1,2021-03-21,spatial,17.986348863083464,0.8863537945818817,16.302359259623,19.844290036338283
13279,2021-04-11,2,2021-03-21,spatial,19.176480836880813,0.6733006040296455,17.87774019113353,20.56956938381041
13279,2021-04-18,3,2021-03-21,spatial,18.09448560375689,1.6508243194663286,15.100804982548768,21.68165270943748
13281,2021-03-28,0,2021-03-21,spatial,10.994196431501713,1.0485239152507753,9.098253397119095,13.28522628449967
13281,2021-04-04,1,2021-03-21,spatial,10.968647062550001,1.0196940067816171,9.114058281088377,13.20061981965069
13281,2021-04-11,2,2021-03-21,spatial,10.990010583641878,0.8829702295420387,9.363189601426335,12.899485941218307
13281,2021-04-18,3,2021-03-21,spatial,10.996394850961524,0.8869264215903672,9.364370561505396,12.912848645196517
13283,2021-03-28,0,2021-03-21,spatial,0.999821635498952,0.051998315682019514,0.901100279773229,1.1093585533714063
13283,2021-04-04,1,2021-03-21,spatial,1.0005619205149416,0.07955858073545853,0.8540484041556083,1.1722100900994632
13283,2021-04-11,2,2021-03-21,spatial,1.0055543581153503,0.09198420741316612,0.8385216346471159,1.205859843497422
13283,2021-04-18,3,2021-03-21,spatial,1.0001832172174698,0.09208561902059936,0.8327524998224459,1.2012770519653555
13285,2021-03-28,0,2021-03-21,spatial,50.061956099090786,3.977180736183012,42.7511853737038,58.6229230034135
13285,2021-04-04,1,2021-03-21,spatial,50.03753843928078,4.77063424739255,41.407557696526716,60.46614174669178
13285,2021-04-11,2,2021-03-21,spatial,50.107473274877776,5.988088338610363,39.57937753885109,63.436037505340565
13285,2021-04-18,3,2021-03-21,spatial,50.082637349479334,3.9618819328094994,42.79664439940086,58.60904748678325
13287,2021-03-28,0,2021-03-21,spatial,1.9974134796452416,0.14590504440423485,1.7261609254987853,2.3112912299968063
13287,2021-04-04,1,2021-03-21,spatial,2.002034296436022,0.17631443109960754,1.6806883949059963,2.3848212055574165
13287,2021-04-11,2,2021-03-21,spatial,1.9984421124420837,0.13372097414079012,1.749461566270088,2.2828571680467564
13287,2021-04-18,3,2021-03-21,spatial,1.9994721520580907,0.12818655283779015,1.7595551701115153,2.27210203735893
13289,2021-03-28,0,2021-03-21,spatial,5.025421290625451,0.4087961275920217,4.276064101945068,5.906099288077514
13289,2021-04-04,1,2021-03-21,spatial,5.022027786268714,0.4462897131976657,4.202087148371342,6.001960976899345
13289,2021-04-11,2,2021-03-21,spatial,5.0006434740469565,0.5368296521251844,4.041952272457875,6.186722026611714
13289,2021-04-18,3,2021-03-21,spatial,5.011638759179751,0.4410734142257596,4.205190813232855,5.9727427762555525
13291,2021-03-28,0,2021-03-21,spatial,8.011408218791791,0.6673754329436049,6.789334951774584,9.453453409504963
13291,2021-04-04,1,2021-03-21,spatial,7.986752765915698,0.8395957752238865,6.466624879657148,9.864221434047993
13291,2021-04-11,2,2021-03-21,spatial,7.9681025319732735,0.649739432451825,6.7715282915108475,9.376119426338986
13291,2021-04-18,3,2021-03-21,spatial,8.008897206306148,0.7707924205149387,6.6145093206833865,9.697232455415369
13293,2021-03-28,0,2021-03-21,spatial,14.006414759010562,1.2882880744159455,11.67560140425682,16.80253098824559
13293,2021-04-04,1,2021-03-21,spatial,13.98596034645921,0.7482454945358923,12.571303426557915,15.55980952615409
13293,2021-04-11,2,2021-03-21,spatial,13.966426163741884,1.1610889573277816,11.839559539391153,16.475364572328075
13293,2021-04-18,3,2021-03-21,spatial,14.037032510841675,0.7568148977806026,12.604447624762232,15.63244083170547
13295,2021-03-28,0,2021-03-21,spatial,84.9125733159303,6.8081352586493065,72.42382494294236,99.55487869928996
13295,2021-04-04,1,2021-03-21,spatial,85.157841751003,7.039842332079194,72.23923442325915,100.38669525758377
13295,2021-04-11,2,2021-03-21,spatial,85.06852060965801,6.776736592190675,72.61903372456099,99.65229262294984
13295,2021-04-18,3,2021-03-21,spatial,84.67759410895394,8.811217628313077,68.92774162659258,104.02625669828163
13297,2021-03-28,0,2021-03-21,spatial,124.96850185730207,11.978258412854967,103.35240093481836,151.1055990494873
13297,2021-04-04,1,2021-03-21,spatial,125.17010982481511,6.393818731306948,113.00538285274806,138.6443370929678
13297,2021-04-11,2,2021-03-21,spatial,125.26032708868465,7.757016121633381,110.72717341674198,141.70098502660696
13297,2021-04-18,3,2021-03-21,spatial,124.46391368659805,10.154832062557055,105.82824091207122,146.38120861383356
13299,2021-03-28,0,2021-03-21,spatial,23.88821892893944,1.9839274672963432,20.249610999644013,28.180640290175077
13299,2021-04-04,1,2021-03-21,spatial,24.060463437337262,2.2229236612208654,20.02885902562492,28.90358857081129
13299,2021-04-11,2,2021-03-21,spatial,23.946907027367484,2.0216813134333402,20.234432230850306,28.340521228120664
13299,2021-04-18,3,2021-03-21,spatial,23.99773143416035,2.3587409159518606,19.768823457550152,29.131279118492106
13301,2021-03-28,0,2021-03-21,spatial,1.0015783072777706,0.06339501965666879,0.8830203405035623,1.1360543575217419
13301,2021-04-04,1,2021-03-21,spatial,0.9986914400196402,0.08640971503451764,0.8413581975666082,1.185445860340051
13301,2021-04-11,2,2021-03-21,spatial,0.9977902360721114,0.10233581911236443,0.8142671685871189,1.2226765287962382
13301,2021-04-18,3,2021-03-21,spatial,0.9993759026163979,0.10771250464013957,0.8075562370758848,1.236758691068705
13303,2021-03-28,0,2021-03-21,spatial,11.434357107649994,0.35667006195885714,10.743404138390147,12.169748133933409
13303,2021-04-04,1,2021-03-21,spatial,11.415339500328011,0.3703965849837357,10.696998267495204,12.181919885293409
13303,2021-04-11,2,2021-03-21,spatial,13.317764703768045,0.9847736491724997,11.495970450742302,15.428263100091534
13303,2021-04-18,3,2021-03-21,spatial,14.937891712341294,0.4711713612198506,14.025345650886981,15.909811733981972
13305,2021-03-28,0,2021-03-21,spatial,42.79674412154789,3.445103261785836,36.46719674349952,50.224899936453994
13305,2021-04-04,1,2021-03-21,spatial,43.681742741214116,2.8114832959249774,38.418431832811244,49.66612529145464
13305,2021-04-11,2,2021-03-21,spatial,43.28292873217529,4.1873360866193465,35.70744178918704,52.465587725242024
13305,2021-04-18,3,2021-03-21,spatial,42.79871085501585,3.5985015319724467,36.192344547593386,50.610969633163826
13307,2021-03-28,0,2021-03-21,spatial,0.9966947774341024,0.07180216641122666,0.8632514291972756,1.1507660986882613
13307,2021-04-04,1,2021-03-21,spatial,1.004770917444987,0.07333919286951318,0.8686724023074389,1.1621925525221621
13307,2021-04-11,2,2021-03-21,spatial,1.0016402903812645,0.07828212811252215,0.8571088678414177,1.1705435668187385
13307,2021-04-18,3,2021-03-21,spatial,0.9966479863724491,0.07604165550425772,0.8562383089533542,1.1600826526372698
13309,2021-03-28,0,2021-03-21,spatial,1.0002153785632415,0.06320834213433403,0.8814721395070846,1.1349545364801272
13309,2021-04-04,1,2021-03-21,spatial,1.0048991994469134,0.0853992865846267,0.8483140995025084,1.1903873832124858
13309,2021-04-11,2,2021-03-21,spatial,0.9979738623104604,0.1051715867331632,0.8106768414258818,1.228543581068752
13309,2021-04-18,3,2021-03-21,spatial,1.006998030226158,0.08881747900385903,0.8449757847984345,1.200087684313058
13311,2021-03-28,0,2021-03-21,spatial,13.041748031371567,0.9660437213382128,11.253840454081953,15.113702065332792
13311,2021-04-04,1,2021-03-21,spatial,13.035079534721596,1.525993197819657,10.332670849144293,16.444276698370707
13311,2021-04-11,2,2021-03-21,spatial,12.991454542525089,1.1082230352861508,10.963220606100274,15.394918810315886
13311,2021-04-18,3,2021-03-21,spatial,13.030077469796295,1.4197513919548619,10.501295601603637,16.167806841183086
13313,2021-03-28,0,2021-03-21,spatial,128.69442145099381,11.804339515761892,107.33834174430751,154.299515377825
13313,2021-04-04,1,2021-03-21,spatial,128.55037193819084,12.177859392169983,106.50099216387049,155.1647340526207
13313,2021-04-11,2,2021-03-21,spatial,129.83135039066292,12.068803978510369,107.84530047802906,156.2996205634119
13313,2021-04-18,3,2021-03-21,spatial,128.19627875792756,10.151328520510113,109.47749352747697,150.11565718076608
13315,2021-03-28,0,2021-03-21,spatial,8.517385398019899,0.5873463654008408,7.42331550645107,9.772702501376669
13315,2021-04-04,1,2021-03-21,spatial,8.009779413596881,0.7784888954807505,6.603435223437719,9.715634981436342
13315,2021-04-11,2,2021-03-21,spatial,8.028580399226724,0.7901505917557857,6.608057360498263,9.754470899748256
13315,2021-04-18,3,2021-03-21,spatial,8.026468155824855,0.7075212644595826,6.747619219527147,9.5476921504449
13317,2021-03-28,0,2021-03-21,spatial,9.99672289939702,0.8028292675241203,8.519635635493936,11.729899376328778
13317,2021-04-04,1,2021-03-21,spatial,9.989951638816358,0.9738760778676328,8.234662337949999,12.119395993440865
13317,2021-04-11,2,2021-03-21,spatial,10.044675817818334,1.0953058248519865,8.104466257313014,12.449371628146642
13317,2021-04-18,3,2021-03-21,spatial,10.018053700588966,0.9158797502829624,8.348815533801545,12.021034545745412
13319,2021-03-28,0,2021-03-21,spatial,0.9995121886863853,0.07861597295822449,0.8538318751955769,1.1700483951876521
13319,2021-04-04,1,2021-03-21,spatial,1.0004200194872417,0.0932274875069095,0.8313799182755099,1.2038301544098464
13319,2021-04-11,2,2021-03-21,spatial,0.9992610916375322,0.08188275198570584,0.8492876030180603,1.1757180084958792
13319,2021-04-18,3,2021-03-21,spatial,0.9955250402378136,0.11980349472133632,0.7846459342277241,1.263079387158166
13321,2021-03-28,0,2021-03-21,spatial,7.967921795973117,0.7200058805081301,6.655811998672492,9.53869757129651
13321,2021-04-04,1,2021-03-21,spatial,7.982299728404647,0.7820738774563959,6.572500188825349,9.694500893651028
13321,2021-04-11,2,2021-03-21,spatial,8.02192631085495,0.8028774866691442,6.568663648670919,9.796711352362749
13321,2021-04-18,3,2021-03-21,spatial,8.006562154730602,0.5991270891795241,6.893693623778434,9.299084211756476
15001,2021-03-28,0,2021-03-21,spatial,45.142204465868105,2.2704694915077472,40.84298163313849,49.893973029256784
15001,2021-04-04,1,2021-03-21,spatial,31.49167144186091,0.32055615407614485,30.85707116394555,32.13932278060414
15001,2021-04-11,2,2021-03-21,spatial,50.98609214583272,0.5110449227868458,49.97432561637642,52.01834262374658
15001,2021-04-18,3,2021-03-21,spatial,74.23913190531485,2.45911639962007,69.47416482802426,79.33090983817843
15003,2021-03-28,0,2021-03-21,spatial,331.90261315885226,12.960521883307875,307.01720175439,358.8051222934436
15003,2021-04-04,1,2021-03-21,spatial,284.26974646555874,3.3415934345075464,277.6616527321397,291.03510679434663
15003,2021-04-11,2,2021-03-21,spatial,265.9812537448003,2.663429024793476,260.70942551855,271.3596840733406
15003,2021-04-18,3,2021-03-21,spatial,463.0976845725057,22.143564409629835,420.88322306192543,509.54624395865295
15007,2021-03-28,0,2021-03-21,spatial,1.4358055077529923,0.014097295992582328,1.4078921417321313,1.4642722940107586
15007,2021-04-04,1,2021-03-21,spatial,1.4347839622083052,0.014391017354649968,1.406274229073971,1.463871679967961
15007,2021-04-11,2,2021-03-21,spatial,1.4357322682069384,0.014034176028773692,1.4079201877778322,1.4640937489674766
15007,2021-04-18,3,2021-03-21,spatial,1.4348131793751997,0.014425417916699403,1.406243841380857,1.4639629338303417
15009,2021-03-28,0,2021-03-21,spatial,124.37183054744715,1.3100331605612383,121.78101268962662,127.0177664981802
15009,2021-04-04,1,2021-03-21,spatial,124.39897369032884,1.277495905813233,121.86920461612449,126.98125587963031
15009,2021-04-11,2,2021-03-21,spatial,124.46080968956308,1.2354331046053366,122.01382684885851,126.95686668175806
15009,2021-04-18,3,2021-03-21,spatial,124.46631604810123,1.2687357581498142,121.95539086364096,127.02893837556856
16001,2021-03-28,0,2021-03-21,spatial,523.9009681299641,31.571309141671996,464.54847739927106,590.8365601457127
16001,2021-04-04,1,2021-03-21,spatial,522.8101956119488,35.470353962855796,456.4390848383633,598.832373727586
16001,2021-04-11,2,2021-03-21,spatial,522.5652767383332,46.82631072877688,437.6580179098036,623.9448548361527
16001,2021-04-18,3,2021-03-21,spatial,523.1303114033127,26.00112897105386,473.7313800610334,577.6803780101483
16003,2021-03-28,0,2021-03-21,spatial,1.0587862623395763,0.04733781558526271,0.968081926435702,1.1579891316083428
16003,2021-04-04,1,2021-03-21,spatial,1.0031264226815255,0.05647622488910326,0.8960352020172573,1.123016838642523
16003,2021-04-11,2,2021-03-21,spatial,0.9989306347522974,0.07302195444034791,0.8642841666721776,1.1545536196605073
16003,2021-04-18,3,2021-03-21,spatial,0.9991213286772695,0.08620548391846111,0.8416366496177109,1.1860740972618715
16005,2021-03-28,0,2021-03-21,spatial,111.06413268259706,4.412509092989937,102.5958434848043,120.23139680473041
16005,2021-04-04,1,2021-03-21,spatial,103.6332887932863,4.600031637779083,94.81832799350515,113.26774868724048
16005,2021-04-11,2,2021-03-21,spatial,115.14165263819791,2.149986509224964,110.91979961037191,119.5241987348103
16005,2021-04-18,3,2021-03-21,spatial,115.18166890736885,2.2121133197180463,110.8415467774097,119.69173327154085
16007,2021-03-28,0,2021-03-21,spatial,3.9968684989498047,0.17490859906803194,3.6616807299442415,4.3627391288536845
16007,2021-04-04,1,2021-03-21,spatial,4.000530440139734,0.3187483945860957,3.4134718735397693,4.6885530027491376
16007,2021-04-11,2,2021-03-21,spatial,3.9897499586617977,0.2774892379972263,3.472904035211584,4.583514134352411
16007,2021-04-18,3,2021-03-21,spatial,4.015260226359201,0.3332267388662076,3.402190403205091,4.738804350924583
16009,2021-03-28,0,2021-03-21,spatial,4.997196182429727,0.3208488004341727,4.398400160857147,5.677511998095183
16009,2021-04-04,1,2021-03-21,spatial,4.994951382551513,0.3921725830633332,4.26929564487676,5.843947430530657
16009,2021-04-11,2,2021-03-21,spatial,5.0048318590769485,0.40890033128480985,4.25326031572825,5.889209706964013
16009,2021-04-18,3,2021-03-21,spatial,4.987525472596745,0.3555538508315156,4.326068456986113,5.750119441505923
16011,2021-03-28,0,2021-03-21,spatial,89.03574648850308,8.230184415601858,74.04479147336545,107.0617391854838
16011,2021-04-04,1,2021-03-21,spatial,89.02131727869468,4.722394405034659,80.10977099861654,98.92419902399776
16011,2021-04-11,2,2021-03-21,spatial,89.29446883040598,7.172754336184848,76.079656839829,104.80465468569359
16011,2021-04-18,3,2021-03-21,spatial,88.93859162638667,7.425399032907883,75.31766199152989,105.02281764102993
16013,2021-03-28,0,2021-03-21,spatial,24.993334948314608,0.9793902625158721,23.111104188401473,27.02885966617464
16013,2021-04-04,1,2021-03-21,spatial,24.925909854420816,2.09845336834638,21.09457391000606,29.453118357418113
16013,2021-04-11,2,2021-03-21,spatial,25.016495572080785,2.0223441015148773,21.29586917030638,29.387156997590328
16013,2021-04-18,3,2021-03-21,spatial,24.93942903609103,1.651121966921919,21.853906171236115,28.460592617756248
16015,2021-03-28,0,2021-03-21,spatial,1.9981673927662007,0.08479997721994684,1.8354786798083231,2.175276113766152
16015,2021-04-04,1,2021-03-21,spatial,1.9961836379777784,0.16229487346860175,1.6975085691971383,2.3474103099313632
16015,2021-04-11,2,2021-03-21,spatial,1.6442721042874464,0.01608873869111229,1.6124104727033783,1.67676332962843
16015,2021-04-18,3,2021-03-21,spatial,1.748911785852442,0.08782532289967883,1.5819879265628982,1.9334486587006
16017,2021-03-28,0,2021-03-21,spatial,20.02365695654243,1.2533799973628528,17.677724138277377,22.68090817443656
16017,2021-04-04,1,2021-03-21,spatial,20.03524157045379,1.4838167657623118,17.297926782336518,23.205723427869607
16017,2021-04-11,2,2021-03-21,spatial,19.985320813438168,1.7035425981182708,16.870296211027277,23.675520750783765
16017,2021-04-18,3,2021-03-21,spatial,19.91733866509066,1.7275705389246236,16.757961243275368,23.672353321565488
16019,2021-03-28,0,2021-03-21,spatial,366.17902641907966,17.70783150799859,332.48193470100387,403.2913232107109
16019,2021-04-04,1,2021-03-21,spatial,379.036841337948,11.58370960888815,356.55685985745043,402.93412710917113
16019,2021-04-11,2,2021-03-21,spatial,379.57434212639816,12.09389178557374,356.20161319847824,404.48070941331565
16019,2021-04-18,3,2021-03-21,spatial,365.9478526727726,23.91177811459032,321.221718411819,416.9015455677418
16021,2021-03-28,0,2021-03-21,spatial,5.998960471329997,0.3623122051922699,5.3181754879987935,6.766893423842572
16021,2021-04-04,1,2021-03-21,spatial,5.992795614304075,0.4111005578376399,5.225094242567104,6.8732921565789225
16021,2021-04-11,2,2021-03-21,spatial,6.000786691930933,0.3755763367714296,5.297944493854867,6.796870175560176
16021,2021-04-18,3,2021-03-21,spatial,6.019066161698589,0.4123145094060239,5.2484158443900935,6.902874797474262
16023,2021-03-28,0,2021-03-21,spatial,0.999571844602802,0.046653945923457146,0.9110383615170604,1.096708892541994
16023,2021-04-04,1,2021-03-21,spatial,0.9989438266030104,0.06260812700252957,0.8812924278364356,1.1323015348697285
16023,2021-04-11,2,2021-03-21,spatial,1.0004598823547128,0.07536139942086031,0.8600426687314572,1.1638026956006025
16023,2021-04-18,3,2021-03-21,spatial,0.9671962973482756,0.035686516106329315,0.8983912649033009,1.0412708962669
16025,2021-03-28,0,2021-03-21,spatial,0.998943970514562,0.04943897604816922,0.9048177273273912,1.1028619644477091
16025,2021-04-04,1,2021-03-21,spatial,1.0021026874749224,0.06277648220646713,0.8842027002976786,1.1357235121611609
16025,2021-04-11,2,2021-03-21,spatial,1.002111338971418,0.05433358746519114,0.8995690253279973,1.1163425011537396
16025,2021-04-18,3,2021-03-21,spatial,0.9975754560968149,0.05260149580135935,0.8976844489216754,1.10858196530215
16027,2021-03-28,0,2021-03-21,spatial,204.09021521396983,13.95815186586867,178.03588542374916,233.95741733159733
16027,2021-04-04,1,2021-03-21,spatial,204.56747616849447,14.70690816145517,177.27042492054218,236.06787384136416
16027,2021-04-11,2,2021-03-21,spatial,203.83891003207142,6.299718794316004,191.63501981441433,216.8199804153834
16027,2021-04-18,3,2021-03-21,spatial,204.21701055159082,10.030517683877571,185.11896654315208,225.2853296310241
16029,2021-03-28,0,2021-03-21,spatial,5.872481132474142,0.15047099306711542,5.579230497502505,6.181145350904963
16029,2021-04-04,1,2021-03-21,spatial,16.970133147233707,1.30762232954859,14.555211947925962,19.78572487059361
16029,2021-04-11,2,2021-03-21,spatial,17.005949160393406,1.0186560280435049,15.085376836023373,19.171036294915726
16029,2021-04-18,3,2021-03-21,spatial,17.007359842151814,0.9665414720941092,15.1829272472285,19.051022513016264
16031,2021-03-28,0,2021-03-21,spatial,7.976816801118795,0.5340662603748433,6.978159660671568,9.11839358408825
16031,2021-04-04,1,2021-03-21,spatial,8.112587130978406,0.4275160887750337,7.3039600956398925,9.01073788683542
16031,2021-04-11,2,2021-03-21,spatial,7.985634923416108,0.8918658594430993,6.401280724552162,9.962125998550773
16031,2021-04-18,3,2021-03-21,spatial,7.980295050593396,0.7975869124986158,6.540158141587133,9.737548804755765
16033,2021-03-28,0,2021-03-21,spatial,0.9979984427654406,0.07067541588110382,0.8662885450998855,1.1497334201128129
16033,2021-04-04,1,2021-03-21,spatial,1.0151756881413658,0.056316141858450686,0.9091262900591726,1.1335957270867372
16033,2021-04-11,2,2021-03-21,spatial,1.0013104614444317,0.0689117408827475,0.8730414218591087,1.1484250518870156
16033,2021-04-18,3,2021-03-21,spatial,0.9982353802773272,0.07444475580398538,0.8604348253616289,1.1581050011761391
16035,2021-03-28,0,2021-03-21,spatial,10.996755196667616,0.9103043787526891,9.324981037872039,12.968243513236375
16035,2021-04-04,1,2021-03-21,spatial,11.052204248108296,0.7175126113528169,9.711252785779363,12.578317281656467
16035,2021-04-11,2,2021-03-21,spatial,7.44388793546308,0.2394890602564726,6.980256188745407,7.938314310737662
16035,2021-04-18,3,2021-03-21,spatial,7.440841470287922,0.24567702172172745,6.966038807477408,7.948006509312875
16037,2021-03-28,0,2021-03-21,spatial,3.9929917087510174,0.19356082550214854,3.6254393041502646,4.3978071203405085
16037,2021-04-04,1,2021-03-21,spatial,4.007366678812349,0.2782334298117993,3.491522263087889,4.599422970384558
16037,2021-04-11,2,2021-03-21,spatial,3.999324351565316,0.14620777735581394,3.71783695734696,4.302123910360244
16037,2021-04-18,3,2021-03-21,spatial,4.011104274347557,0.2247854903062584,3.587037924600708,4.4853045431573415
16039,2021-03-28,0,2021-03-21,spatial,50.749464579772045,3.383149942648552,44.449317856246154,57.942579984309454
16039,2021-04-04,1,2021-03-21,spatial,51.13316399258382,4.812342026921523,42.43182357340353,61.61885678491822
16039,2021-04-11,2,2021-03-21,spatial,44.187530674191095,1.8803225747102328,40.58625044093243,48.10835802445516
16039,2021-04-18,3,2021-03-21,spatial,51.04656353445729,4.091941013610296,43.56169762811301,59.817495427353
16041,2021-03-28,0,2021-03-21,spatial,11.047203054667358,0.7794484686737971,9.597220211144288,12.716254566018845
16041,2021-04-04,1,2021-03-21,spatial,11.054872690402618,0.8956577504379565,9.411011313442515,12.985874326433628
16041,2021-04-11,2,2021-03-21,spatial,11.032588982046656,0.9149099124935792,9.358693708434329,13.005877042121961
16041,2021-04-18,3,2021-03-21,spatial,10.990973730167594,0.8020260199906306,9.507494450488009,12.705924170277436
16043,2021-03-28,0,2021-03-21,spatial,15.963680874603538,1.2375390414511696,13.669780302034875,18.64251666343516
16043,2021-04-04,1,2021-03-21,spatial,17.30424220333228,0.9111962418934754,15.584399392545954,19.21388118266573
16043,2021-04-11,2,2021-03-21,spatial,15.90290131702363,0.2314899166602153,15.44690702952528,16.372356602884548
16043,2021-04-18,3,2021-03-21,spatial,15.89573508271786,0.2274592801619359,15.447184905320894,16.357310109812428
16045,2021-03-28,0,2021-03-21,spatial,14.97500301895534,1.1784448429082148,12.806396903937742,17.510835959548338
16045,2021-04-04,1,2021-03-21,spatial,15.004651606632711,1.0568506642489706,13.035700912348814,17.27099841813256
16045,2021-04-11,2,2021-03-21,spatial,12.37817163033359,0.7178861811161442,11.032200931102533,13.888355901679807
16045,2021-04-18,3,2021-03-21,spatial,12.363869044278015,0.6943276157656002,11.060032323577008,13.821411481609207
16047,2021-03-28,0,2021-03-21,spatial,3.0098105831302417,0.19121170856997347,2.6510387373277204,3.417135939497568
16047,2021-04-04,1,2021-03-21,spatial,2.992954665832324,0.1436584030680962,2.71936669567823,3.2940675657915786
16047,2021-04-11,2,2021-03-21,spatial,2.9913456526108213,0.1982192758486172,2.6205506326873,3.414606343330824
16047,2021-04-18,3,2021-03-21,spatial,2.999448574514508,0.14923243107394407,2.716751612556333,3.3115621279383936
16049,2021-03-28,0,2021-03-21,spatial,4.006558157598314,0.2547555359983497,3.5258315595102125,4.552829027501109
16049,2021-04-04,1,2021-03-21,spatial,4.006568150251122,0.2038329162550052,3.619611530179407,4.434892586887921
16049,2021-04-11,2,2021-03-21,spatial,4.005395747005971,0.18702634194475812,3.6488086411368794,4.396831039386832
16049,2021-04-18,3,2021-03-21,spatial,3.999087003045984,0.1851582978060307,3.6469954658593142,4.3851704800962965
16051,2021-03-28,0,2021-03-21,spatial,88.88093754203886,4.213957637723627,80.84063091203619,97.72092287290188
16051,2021-04-04,1,2021-03-21,spatial,89.19589393184955,6.883819675329156,76.52299010573392,103.9675460055712
16051,2021-04-11,2,2021-03-21,spatial,88.96618218117545,5.265307652510218,79.05930509468469,100.114484467259
16051,2021-04-18,3,2021-03-21,spatial,89.22289696051466,4.7056498760948,80.30339462707225,99.13311110938841
16053,2021-03-28,0,2021-03-21,spatial,4.003866374137544,0.2258388015471913,3.5767524527592283,4.481983630033586
16053,2021-04-04,1,2021-03-21,spatial,4.011947895150826,0.35685144874495595,3.362773645292061,4.78644345745347
16053,2021-04-11,2,2021-03-21,spatial,3.99394828809578,0.25366201584769377,3.5186196829628997,4.533488801083196
16053,2021-04-18,3,2021-03-21,spatial,4.010605159276334,0.26481442060372096,3.5156579729522304,4.5752328205314035
16055,2021-03-28,0,2021-03-21,spatial,114.79962995911494,7.444731857387325,100.90952507053196,130.60169522686908
16055,2021-04-04,1,2021-03-21,spatial,114.92097539322351,9.391993656264171,97.66289838884585,135.22873888860792
16055,2021-04-11,2,2021-03-21,spatial,114.87217888731821,11.433509376567233,94.29604383790732,139.93818770385522
16055,2021-04-18,3,2021-03-21,spatial,115.2269641618911,10.703490842121317,95.90482717387206,138.44197066217058
16057,2021-03-28,0,2021-03-21,spatial,17.980841836869626,0.5190129675243519,16.9703078644471,19.051550257367985
16057,2021-04-04,1,2021-03-21,spatial,17.943454030362144,1.0854085550964292,15.906023667806316,20.24186240784865
16057,2021-04-11,2,2021-03-21,spatial,18.36681794187143,0.2763384974687816,17.822692505190325,18.927555486445733
16057,2021-04-18,3,2021-03-21,spatial,17.980170405934203,1.2675779096127775,15.618455611923375,20.699007370461782
16059,2021-03-28,0,2021-03-21,spatial,2.0052446210891843,0.12453732063869265,1.7711165066795789,2.2703226892428066
16059,2021-04-04,1,2021-03-21,spatial,1.99469632172416,0.10412978377627954,1.7972836107143733,2.2137927437720406
16059,2021-04-11,2,2021-03-21,spatial,1.991802034646651,0.10975880863088333,1.7843310582466465,2.22339645262967
16059,2021-04-18,3,2021-03-21,spatial,1.99892989479879,0.14456816008968698,1.7313313682845743,2.3078890601279367
16061,2021-03-28,0,2021-03-21,spatial,1.0008221899213066,0.07617399948909714,0.8598974020496805,1.1648425189462426
16061,2021-04-04,1,2021-03-21,spatial,0.9993932076747024,0.06985230088565539,0.8690551287269215,1.1492789703795352
16061,2021-04-11,2,2021-03-21,spatial,1.0027182812779627,0.07153258377934991,0.8701960971007082,1.1554222720130989
16061,2021-04-18,3,2021-03-21,spatial,1.729482322700807,0.01702699286869319,1.6957529708614332,1.7638825677628691
16063,2021-03-28,0,2021-03-21,spatial,4.005542102784991,0.2980390559671486,3.4544249965588105,4.644584135758077
16063,2021-04-04,1,2021-03-21,spatial,3.9968711124186047,0.1808041449142748,3.6514055734945186,4.375021719101375
16063,2021-04-11,2,2021-03-21,spatial,4.00030992789005,0.16174000933582933,3.68960490061166,4.337179711714611
16063,2021-04-18,3,2021-03-21,spatial,4.000376622826164,0.2498877848443879,3.5325112792121165,4.530208641831526
16065,2021-03-28,0,2021-03-21,spatial,106.89957744415577,4.750664588444915,97.82609012602666,116.81464160549909
16065,2021-04-04,1,2021-03-21,spatial,106.81284623623408,4.956901723745925,97.34463356025637,117.20198334326479
16065,2021-04-11,2,2021-03-21,spatial,106.75726646374764,7.818488625024301,92.23364883064929,123.56785280974758
16065,2021-04-18,3,2021-03-21,spatial,110.62158970805672,5.658136318734143,99.87122110054442,122.52915278985144
16067,2021-03-28,0,2021-03-21,spatial,6.035889399642477,0.4901548672594587,5.135608170661866,7.093991526230695
16067,2021-04-04,1,2021-03-21,spatial,6.007862672150612,0.3667630585796632,5.3191786679804975,6.78571188155341
16067,2021-04-11,2,2021-03-21,spatial,6.010574704346999,0.3432065922884139,5.361903970991844,6.737720121804651
16067,2021-04-18,3,2021-03-21,spatial,5.997819864390437,0.2805209341359617,5.462772831078074,6.585271662958225
16069,2021-03-28,0,2021-03-21,spatial,27.932713299023572,2.3490484144211066,23.63297154229623,33.014742595913056
16069,2021-04-04,1,2021-03-21,spatial,28.10954602539104,2.547841305522337,23.492123882710022,33.634531373092145
16069,2021-04-11,2,2021-03-21,spatial,27.921451602255594,1.8984016112186897,24.384424691820456,31.97153385532258
16069,2021-04-18,3,2021-03-21,spatial,27.96230047332772,1.5541311179257666,25.02452741532477,31.244955590323826
16071,2021-03-28,0,2021-03-21,spatial,8.001701511918759,0.4057417575659306,7.2318692217748275,8.853482429281208
16071,2021-04-04,1,2021-03-21,spatial,6.69369613057224,0.09908283790755852,6.498449286406112,6.894809194274247
16071,2021-04-11,2,2021-03-21,spatial,3.3100709808853104,0.03402768312425604,3.242722020206331,3.378818730136444
16071,2021-04-18,3,2021-03-21,spatial,4.778123326213472,0.09776355991086763,4.586603194811803,4.977640652744992
16073,2021-03-28,0,2021-03-21,spatial,4.7952145904029715,0.047950810634109615,4.70031399080473,4.892031258549343
16073,2021-04-04,1,2021-03-21,spatial,4.7936704343621175,0.04790949009429726,4.698828434331618,4.890426742415455
16073,2021-04-11,2,2021-03-21,spatial,4.79391465817584,0.04797141653521008,4.698926247011549,4.890823252331142
16073,2021-04-18,3,2021-03-21,spatial,5.919474952926447,0.2579048326745773,5.426546032396238,6.4571798542084125
16075,2021-03-28,0,2021-03-21,spatial,23.98765709974023,1.5815968219245096,21.036285903705767,27.353102908406157
16075,2021-04-04,1,2021-03-21,spatial,24.23133858519232,1.4365941595763494,21.53033618459947,27.271184462517642
16075,2021-04-11,2,2021-03-21,spatial,23.99626074393397,1.2492760562756018,21.62591668826969,26.62641024614705
16075,2021-04-18,3,2021-03-21,spatial,23.87621907540909,1.4422283368617153,21.163442279212674,26.936725595763374
16077,2021-03-28,0,2021-03-21,spatial,4.993248688197512,0.3362373509869262,4.366911967341059,5.709419527723428
16077,2021-04-04,1,2021-03-21,spatial,4.987155995718688,0.2576755133372653,4.498636350619036,5.528725370791613
16077,2021-04-11,2,2021-03-21,spatial,5.005841987389483,0.29571762161491844,4.451688965208757,5.628976821730041
16077,2021-04-18,3,2021-03-21,spatial,4.9950855586978085,0.23973758383027474,4.5391797149610875,5.496781644593972
16079,2021-03-28,0,2021-03-21,spatial,12.69816562383654,0.5050624225408884,11.731830232299052,13.744096787768273
16079,2021-04-04,1,2021-03-21,spatial,12.132679333101015,0.6721211455776224,10.86371915657054,13.549863143399337
16079,2021-04-11,2,2021-03-21,spatial,12.119618682543432,0.6770068824693369,10.840745612214302,13.549359265912472
16079,2021-04-18,3,2021-03-21,spatial,11.944957315965764,0.35136166057918344,11.263808764753016,12.667296494479569
16081,2021-03-28,0,2021-03-21,spatial,18.989581866064388,0.8177463362584836,17.425372858011187,20.694203928163077
16081,2021-04-04,1,2021-03-21,spatial,19.07086532877432,1.317959717775974,16.619950281642726,21.883212538244628
16081,2021-04-11,2,2021-03-21,spatial,21.656326906947864,0.9146069074190532,19.899829069991192,23.56786550532928
16081,2021-04-18,3,2021-03-21,spatial,21.705108498587,0.9073893040408858,19.970703420250064,23.590142270989407
16083,2021-03-28,0,2021-03-21,spatial,21.969949074917515,2.063556572452541,18.231801642069186,26.47454551286399
16083,2021-04-04,1,2021-03-21,spatial,21.85582102313771,1.783629447839915,18.580957164738408,25.70787437699545
16083,2021-04-11,2,2021-03-21,spatial,22.019455800871917,1.2185073409739438,19.72117608761316,24.58557398466157
16083,2021-04-18,3,2021-03-21,spatial,21.95637685083169,1.3315934381321008,19.462501139639148,24.76981149323523
16085,2021-03-28,0,2021-03-21,spatial,4.007747665887187,0.3991964023495925,3.2884696132941698,4.8843514589555
16085,2021-04-04,1,2021-03-21,spatial,3.589309859034275,0.08967276131337086,3.4142716620780837,3.77332167421012
16085,2021-04-11,2,2021-03-21,spatial,3.990347345177808,0.3050172239004054,3.4255449270332354,4.6482741503431155
16085,2021-04-18,3,2021-03-21,spatial,3.9782856164976286,0.3399782225495121,3.3599218849019543,4.710453691661871
16087,2021-03-28,0,2021-03-21,spatial,5.008308511438723,0.436931583120434,4.208082038690141,5.960709395665023
16087,2021-04-04,1,2021-03-21,spatial,4.9927202926609775,0.3902246660080996,4.270226002983082,5.837455887190773
16087,2021-04-11,2,2021-03-21,spatial,8.40022020115499,0.4932192978420583,7.468355933575548,9.448357852182513
16087,2021-04-18,3,2021-03-21,spatial,5.006243692312056,0.2534414340044552,4.523374471309478,5.540659095500196
17001,2021-03-28,0,2021-03-21,spatial,15.021287510506715,1.4818830049230711,12.353590587233114,18.265060419477795
17001,2021-04-04,1,2021-03-21,spatial,14.99748271825922,1.0852690015771829,12.97958601508214,17.329095675557298
17001,2021-04-11,2,2021-03-21,spatial,15.006774392059805,1.111251814550571,12.94455824643168,17.397525150482586
17001,2021-04-18,3,2021-03-21,spatial,14.910867384351256,1.2450867876658849,12.627490426675813,17.607137969712923
17003,2021-03-28,0,2021-03-21,spatial,2.9979824121695144,0.1948370516710888,2.6342306508320528,3.411963390843853
17003,2021-04-04,1,2021-03-21,spatial,3.000655639584698,0.2296621054893632,2.5777319456819874,3.4929676386461095
17003,2021-04-11,2,2021-03-21,spatial,2.9935339315801675,0.2136091204271265,2.5985663417008618,3.448534392104969
17003,2021-04-18,3,2021-03-21,spatial,2.983799118837183,0.2361374929515283,2.5477776362507583,3.4944404311025568
17005,2021-03-28,0,2021-03-21,spatial,9.029724698923992,0.6266827466820414,7.861064234347263,10.37212338020391
17005,2021-04-04,1,2021-03-21,spatial,9.008405946352337,0.6584429780168238,7.787091792509192,10.421268922544336
17005,2021-04-11,2,2021-03-21,spatial,9.000228614483323,0.8368590155102811,7.483181475582759,10.824823021769113
17005,2021-04-18,3,2021-03-21,spatial,8.971871655701213,0.8688218505829317,7.399560562444192,10.878278558177819
17007,2021-03-28,0,2021-03-21,spatial,54.93770801442588,1.3784501905493602,52.2487071978377,57.76509934399333
17007,2021-04-04,1,2021-03-21,spatial,45.87686392313859,3.1851813537309344,39.942847322765424,52.69245395589537
17007,2021-04-11,2,2021-03-21,spatial,45.91745851773554,2.8932967455852694,40.498416263524724,52.06161601501749
17007,2021-04-18,3,2021-03-21,spatial,45.98968023065524,3.3507630877739967,39.77212168830285,53.17922700462737
17009,2021-03-28,0,2021-03-21,spatial,2.9911203985869754,0.16258323077460549,2.6838492121592035,3.333570752898314
17009,2021-04-04,1,2021-03-21,spatial,2.3384836251580707,0.053552415588940125,2.2337814374727873,2.4480934317903933
17009,2021-04-11,2,2021-03-21,spatial,2.4651582715143068,0.1178248428971212,2.2404313903746487,2.7124264236447773
17009,2021-04-18,3,2021-03-21,spatial,3.0071251933799936,0.2613363007758148,2.5302209108728304,3.5739179491411437
17011,2021-03-28,0,2021-03-21,spatial,17.903278894070887,1.2676755641295865,15.54207009991774,20.623211264539368
17011,2021-04-04,1,2021-03-21,spatial,17.89162022336582,1.1584066750178152,15.723927330283766,20.358150193217405
17011,2021-04-11,2,2021-03-21,spatial,17.981093196917943,1.2423787354948832,15.671742970766413,20.63074369962289
17011,2021-04-18,3,2021-03-21,spatial,18.015808850573443,1.4915175917101324,15.284133159957394,21.235706673292608
17013,2021-03-28,0,2021-03-21,spatial,8.54422028361557,0.3409411912012369,7.8894350067088945,9.253349598908915
17013,2021-04-04,1,2021-03-21,spatial,8.525654928446823,0.3278373385896396,7.8953205220494524,9.206312999700954
17013,2021-04-11,2,2021-03-21,spatial,7.995737774937418,0.5969085846673015,6.894931059513718,9.272293227261097
17013,2021-04-18,3,2021-03-21,spatial,8.00352708472553,0.6856758633676595,6.753032538572029,9.485582281746307
17015,2021-03-28,0,2021-03-21,spatial,22.93722808214696,2.007546161668872,19.283681612559093,27.28298686231064
17015,2021-04-04,1,2021-03-21,spatial,22.859272941521017,2.2434041838179346,18.816449290641998,27.77072078496942
17015,2021-04-11,2,2021-03-21,spatial,22.992720745724935,1.8126953335961609,19.66416530704643,26.88470113203578
17015,2021-04-18,3,2021-03-21,spatial,22.96386989496072,1.7075087432716252,19.80356846236277,26.628499886518235
17017,2021-03-28,0,2021-03-21,spatial,20.01132307505769,0.7636111724287145,18.54312996041216,21.595763609987426
17017,2021-04-04,1,2021-03-21,spatial,19.975858480430638,1.642048621141906,16.95966491626434,23.528467337082677
17017,2021-04-11,2,2021-03-21,spatial,19.972985563661734,1.5870803552297856,17.047769555226427,23.400137539044863
17017,2021-04-18,3,2021-03-21,spatial,20.016095482002193,1.714642242254437,16.893465619717325,23.71591995173649
17019,2021-03-28,0,2021-03-21,spatial,254.49349873175404,26.318363320049382,207.5717999222799,312.0218686785953
17019,2021-04-04,1,2021-03-21,spatial,253.5448209164561,23.78433155843558,210.3467122311779,305.61436179190923
17019,2021-04-11,2,2021-03-21,spatial,253.69260896733826,20.861032030773295,215.45584309796087,298.7152212687608
17019,2021-04-18,3,2021-03-21,spatial,254.09478785432918,23.596379193636228,211.08232268556492,305.87194793622496
17021,2021-03-28,0,2021-03-21,spatial,20.975454306760113,1.515356446822228,18.160314794049018,24.2269855101386
17021,2021-04-04,1,2021-03-21,spatial,21.14782777114721,1.7322327000451303,17.96206076100557,24.89862524065238
17021,2021-04-11,2,2021-03-21,spatial,21.002014754310693,1.37042182323325,18.43335710702761,23.928610571544947
17021,2021-04-18,3,2021-03-21,spatial,21.018050047785252,1.5093370960924888,18.21617761488111,24.2508849633924
17023,2021-03-28,0,2021-03-21,spatial,11.011948240824537,0.9676914398400716,9.250721741924867,13.108491147131453
17023,2021-04-04,1,2021-03-21,spatial,10.971201787032976,0.6870586034514561,9.682071401595246,12.431974900739064
17023,2021-04-11,2,2021-03-21,spatial,11.046372425078905,0.9703054136017008,9.275099399767097,13.15590685277267
17023,2021-04-18,3,2021-03-21,spatial,11.031616418339308,1.326345933470107,8.692691716697333,13.99987078428341
17025,2021-03-28,0,2021-03-21,spatial,3.987305596665183,0.2394867438144152,3.538861484291451,4.492576494380847
17025,2021-04-04,1,2021-03-21,spatial,4.0059307848998165,0.3098945420814873,3.432983294368292,4.674500304074732
17025,2021-04-11,2,2021-03-21,spatial,4.01620645456907,0.27329841945243344,3.51074875626844,4.59443708608379
17025,2021-04-18,3,2021-03-21,spatial,4.007815976893454,0.3487748571440481,3.369328759098849,4.767296412160883
17027,2021-03-28,0,2021-03-21,spatial,18.969530673118502,1.4118306736733433,16.33990322466159,22.022351602136634
17027,2021-04-04,1,2021-03-21,spatial,18.987530553223518,1.4708447422924251,16.291371858896138,22.12989302756147
17027,2021-04-11,2,2021-03-21,spatial,19.011703204457067,1.8005627063032636,15.76231259473871,22.930953599728102
17027,2021-04-18,3,2021-03-21,spatial,19.03813677056422,1.3508231978929626,16.53415706434937,21.92132627530305
17029,2021-03-28,0,2021-03-21,spatial,47.1288448679328,3.546716450651623,40.54726748197236,54.778734956016606
17029,2021-04-04,1,2021-03-21,spatial,46.9433735610296,3.1784349945303454,41.04098879843137,53.69462056856195
17029,2021-04-11,2,2021-03-21,spatial,46.977003616981975,2.218617589722225,42.759209756454226,51.6108431703846
17029,2021-04-18,3,2021-03-21,spatial,46.856448836855996,4.2633552666902546,39.132720412092645,56.1046299485596
17031,2021-03-28,0,2021-03-21,spatial,6368.887170234967,594.1229418124699,5290.867637870298,7666.5542522456735
17031,2021-04-04,1,2021-03-21,spatial,6372.152205889485,385.004327492684,5650.23493944336,7186.307148322298
17031,2021-04-11,2,2021-03-21,spatial,6366.464866448206,496.3866599663674,5453.652424396816,7432.060524136217
17031,2021-04-18,3,2021-03-21,spatial,6413.5842242003,248.58014011048988,5935.328121567663,6930.3771852880245
17033,2021-03-28,0,2021-03-21,spatial,22.89814870141325,2.0843584722519832,19.109055211262234,27.438573396502296
17033,2021-04-04,1,2021-03-21,spatial,22.960854736355024,2.178082268024525,19.041427872907175,27.6870439413904
17033,2021-04-11,2,2021-03-21,spatial,22.948303105561497,1.2354509026746183,20.605088367407454,25.55798868874173
17033,2021-04-18,3,2021-03-21,spatial,22.971733668011737,2.2830777306835195,18.86776910535408,27.96835941586329
17035,2021-03-28,0,2021-03-21,spatial,15.915507646473616,0.15599843033453747,15.606796206709275,16.23032557675523
17035,2021-04-04,1,2021-03-21,spatial,15.91257032155032,0.15791433639040994,15.599905473969107,16.231501829341497
17035,2021-04-11,2,2021-03-21,spatial,15.909981488334534,0.15566173873214825,15.601553126522665,16.224507195301626
17035,2021-04-18,3,2021-03-21,spatial,24.902760933366825,0.8641146677965795,23.23490373285243,26.690340929950928
17037,2021-03-28,0,2021-03-21,spatial,84.03563872746005,5.605534149246749,73.59281911475765,95.96029424175215
17037,2021-04-04,1,2021-03-21,spatial,84.19954744926245,8.409922915135372,69.06246339844719,102.65437173531231
17037,2021-04-11,2,2021-03-21,spatial,79.78741871376873,3.0835607053572165,73.86252081548149,86.18758356365143
17037,2021-04-18,3,2021-03-21,spatial,83.79891992343941,6.319221673195747,72.10418381236845,97.39045099807986
17039,2021-03-28,0,2021-03-21,spatial,15.039427539187436,1.1179988709412323,12.969722338682024,17.439415802439928
17039,2021-04-04,1,2021-03-21,spatial,15.029172063071785,0.928404194091254,13.291019345775721,16.994634273345444
17039,2021-04-11,2,2021-03-21,spatial,14.992989088552205,1.050450554126727,13.043269096917575,17.234155037295704
17039,2021-04-18,3,2021-03-21,spatial,15.026260364514785,1.3864811216128632,12.49947096960593,18.063844549199064
17041,2021-03-28,0,2021-03-21,spatial,4.009623120466775,0.2701047456080189,3.506330079900412,4.585158043260532
17041,2021-04-04,1,2021-03-21,spatial,3.9916481125260166,0.2127813133289488,3.5883316308851856,4.440296018654782
17041,2021-04-11,2,2021-03-21,spatial,3.9975073081628674,0.29578729958558825,3.450844777200431,4.630768901688963
17041,2021-04-18,3,2021-03-21,spatial,3.9848595204795134,0.3678368932771423,3.3174653977520316,4.786517263666461
17043,2021-03-28,0,2021-03-21,spatial,1267.982978841922,114.26989757356628,1060.7420898794717,1515.7132445036857
17043,2021-04-04,1,2021-03-21,spatial,1344.7892139765986,48.28165401125017,1251.6502570445125,1444.8589131424467
17043,2021-04-11,2,2021-03-21,spatial,1263.9683010042202,103.97207236009001,1073.221075142497,1488.6176790102372
17043,2021-04-18,3,2021-03-21,spatial,1267.8099054164936,107.00463781402388,1072.5421338642266,1498.6282641234234
17045,2021-03-28,0,2021-03-21,spatial,18.01802065100324,1.310382114200527,15.592988992241715,20.820194790203995
17045,2021-04-04,1,2021-03-21,spatial,17.944411762005643,1.5739279834443534,15.07729432473042,21.356743892453245
17045,2021-04-11,2,2021-03-21,spatial,18.097444692989747,1.2365914100517197,15.801787003864169,20.726611764589123
17045,2021-04-18,3,2021-03-21,spatial,17.977056744787333,1.5062370276562875,15.208647070289448,21.249396327740094
17047,2021-03-28,0,2021-03-21,spatial,2.996135098275686,0.1985739343536527,2.627169735154453,3.4169187498620825
17047,2021-04-04,1,2021-03-21,spatial,3.0039474260186534,0.1940852406370812,2.6406099198942323,3.4172787393927258
17047,2021-04-11,2,2021-03-21,spatial,2.999844973532663,0.1918409987876347,2.640425863847851,3.408188803345147
17047,2021-04-18,3,2021-03-21,spatial,3.0009029466701764,0.19847715739949295,2.6294257479559198,3.4248613037787567
17049,2021-03-28,0,2021-03-21,spatial,27.129232758295583,2.45726652632277,22.643255180520296,32.50395158232133
17049,2021-04-04,1,2021-03-21,spatial,27.00720428490688,1.8376398801584863,23.576692064465753,30.936871096773192
17049,2021-04-11,2,2021-03-21,spatial,26.98653426242491,1.8973507586081384,23.47755253445677,31.01997239397869
17049,2021-04-18,3,2021-03-21,spatial,27.007974464043613,2.480491884817271,22.497472172182054,32.42278417183097
17051,2021-03-28,0,2021-03-21,spatial,7.015451829039877,0.5604336205332622,5.980976115569107,8.228851514297657
17051,2021-04-04,1,2021-03-21,spatial,7.82238115647912,0.22263264830922352,7.3893675018371425,8.280769219019986
17051,2021-04-11,2,2021-03-21,spatial,5.965994794549188,0.1223819989281428,5.7262154916702315,6.215814605713723
17051,2021-04-18,3,2021-03-21,spatial,7.109466483437963,0.5421217451540019,6.107345047964702,8.27602064107577
17053,2021-03-28,0,2021-03-21,spatial,6.955120717874648,0.7548001366755398,5.615438647270875,8.61441237964891
17053,2021-04-04,1,2021-03-21,spatial,6.980136119047169,0.5913791117212013,5.9012115002344165,8.256321644884522
17053,2021-04-11,2,2021-03-21,spatial,6.982332247832363,0.74097072913374,5.651171229248588,8.627054754028785
17053,2021-04-18,3,2021-03-21,spatial,6.996266087102689,0.7284714410143213,5.695221992619553,8.594526995606952
17055,2021-03-28,0,2021-03-21,spatial,36.01384555865378,3.1370669271012663,30.266672563585054,42.85231781583522
17055,2021-04-04,1,2021-03-21,spatial,35.92693222584787,3.6905016357678724,29.31374529085206,44.032055486388785
17055,2021-04-11,2,2021-03-21,spatial,35.208038829521755,1.8035017039352172,31.78435516035219,39.00050801620152
17055,2021-04-18,3,2021-03-21,spatial,36.00330498955155,2.08199825420908,32.08057685846223,40.4056939465147
17057,2021-03-28,0,2021-03-21,spatial,103.30288129117977,6.018985932180923,92.0398975035171,115.94412393442518
17057,2021-04-04,1,2021-03-21,spatial,102.91482622078787,7.1702159325032975,89.55510444383505,118.26753507609894
17057,2021-04-11,2,2021-03-21,spatial,102.77505979807094,6.937880446241231,89.83832336454005,117.57468885117524
17057,2021-04-18,3,2021-03-21,spatial,103.18800864378956,10.145284166247858,84.83292066848317,125.51454133567995
17059,2021-03-28,0,2021-03-21,spatial,3.998686034581768,0.2033481795369915,3.612426794452984,4.426246097972619
17059,2021-04-04,1,2021-03-21,spatial,3.9950492110802274,0.3042058647214748,3.4330267618798005,4.64908062359916
17059,2021-04-11,2,2021-03-21,spatial,3.996266657531186,0.33457448998516376,3.389363965467344,4.7118419151226885
17059,2021-04-18,3,2021-03-21,spatial,3.9831733315982416,0.25643958082914525,3.5041298737567512,4.527705981555407
17061,2021-03-28,0,2021-03-21,spatial,7.985514933387463,0.6198608445984637,6.840817480086193,9.321758537921212
17061,2021-04-04,1,2021-03-21,spatial,7.978334615490968,0.6996473416122772,6.6997211638209775,9.500966037284817
17061,2021-04-11,2,2021-03-21,spatial,7.997684479523332,0.5303059238392444,7.004801622696228,9.131301709781797
17061,2021-04-18,3,2021-03-21,spatial,8.03483596967374,0.5246264009685606,7.056135779301348,9.149283840163733
17063,2021-03-28,0,2021-03-21,spatial,49.940461062576475,1.8915950424882892,46.29920936505802,53.86808296180051
17063,2021-04-04,1,2021-03-21,spatial,49.88264704431373,3.3348792133529246,43.670747260601814,56.978152017847826
17063,2021-04-11,2,2021-03-21,spatial,50.11190471189571,3.642532117969009,43.3520696301389,57.92579259257085
17063,2021-04-18,3,2021-03-21,spatial,49.698410147667644,4.135660531853419,42.09124713401348,58.68041788692614
17065,2021-03-28,0,2021-03-21,spatial,3.998372536028819,0.23663181269538466,3.5539384055236476,4.498384921928313
17065,2021-04-04,1,2021-03-21,spatial,4.002907860183578,0.26255290850286306,3.513196243373753,4.560881381830292
17065,2021-04-11,2,2021-03-21,spatial,3.9938125433241294,0.0967238844483268,3.805067283660748,4.191920258468489
17065,2021-04-18,3,2021-03-21,spatial,4.000900910260976,0.3729360489011921,3.324321004488511,4.81518122711799
17067,2021-03-28,0,2021-03-21,spatial,9.980620671394894,0.4764922121999308,9.074734554520251,10.976936943754072
17067,2021-04-04,1,2021-03-21,spatial,10.021128992041424,0.8936067565534959,8.388477281053426,11.971544168326346
17067,2021-04-11,2,2021-03-21,spatial,10.028372313381887,0.5478507059571335,8.992482285649787,11.183591811605933
17067,2021-04-18,3,2021-03-21,spatial,10.00218693404485,0.8934648253262973,8.371103176188653,11.951082355327895
17069,2021-03-28,0,2021-03-21,spatial,2.000645284342176,0.1405299098439816,1.7389660502513753,2.3017019528253546
17069,2021-04-04,1,2021-03-21,spatial,2.0007438063952114,0.1951077220482064,1.646883122031941,2.430637441890768
17069,2021-04-11,2,2021-03-21,spatial,2.0064671478751444,0.14473629657931694,1.738732958842068,2.3154276768200925
17069,2021-04-18,3,2021-03-21,spatial,2.0030596053052747,0.17386400903373908,1.6854233279249775,2.380557878800357
17071,2021-03-28,0,2021-03-21,spatial,2.6559732141387395,0.03292285414231716,2.590966213392353,2.722611231964468
17071,2021-04-04,1,2021-03-21,spatial,3.0311670547665286,0.17972893448385144,2.6928629485654225,3.4119722724087134
17071,2021-04-11,2,2021-03-21,spatial,2.9975914229642227,0.21377395330320711,2.60030285110751,3.45557992800784
17071,2021-04-18,3,2021-03-21,spatial,2.9965084500728616,0.2894325088635954,2.471854809873792,3.632520346863138
17073,2021-03-28,0,2021-03-21,spatial,60.16481867209885,5.312143000659203,50.47833653112487,71.71007712614639
17073,2021-04-04,1,2021-03-21,spatial,54.01137093396996,1.9700514867258068,50.20106751446226,58.11087960084675
17073,2021-04-11,2,2021-03-21,spatial,54.04762056774364,1.9966312016534515,50.20387642196597,58.185652129377836
17073,2021-04-18,3,2021-03-21,spatial,59.93802580607618,5.2748417587476615,50.30355621534481,71.41775269625893
17075,2021-03-28,0,2021-03-21,spatial,23.065290931397715,1.8376190971294883,19.680370273547823,27.032400221914703
17075,2021-04-04,1,2021-03-21,spatial,21.263813722423702,0.835645242719354,19.658272325850614,23.000483792635126
17075,2021-04-11,2,2021-03-21,spatial,22.99631622247225,1.798111724079354,19.681630175848586,26.86924584391748
17075,2021-04-18,3,2021-03-21,spatial,22.940799539398828,2.04455943569344,19.206966689607672,27.400489208513928
17077,2021-03-28,0,2021-03-21,spatial,57.944246931626395,4.259986263928935,50.05053989511432,67.08290778699558
17077,2021-04-04,1,2021-03-21,spatial,58.03673629225235,4.737817243889609,49.35196407852267,68.24982191382051
17077,2021-04-11,2,2021-03-21,spatial,34.16701119935406,1.0988258350042106,32.04272656489328,36.43212608429515
17077,2021-04-18,3,2021-03-21,spatial,60.809610932934845,5.13408982801938,51.382181227025995,71.96675371714147
17079,2021-03-28,0,2021-03-21,spatial,10.032593498660244,0.91703220427501,8.370964522316378,12.024054341769874
17079,2021-04-04,1,2021-03-21,spatial,9.988466604751922,0.8979932146720899,8.356327978018653,11.9393907678933
17079,2021-04-11,2,2021-03-21,spatial,9.983464791872963,0.6712907228356726,8.73332299454944,11.412559607926088
17079,2021-04-18,3,2021-03-21,spatial,10.013627264559807,0.5903737446008388,8.905195357989117,11.260025969399749
17081,2021-03-28,0,2021-03-21,spatial,21.021334357177487,1.2230119081840285,18.711845699983858,23.615869072532586
17081,2021-04-04,1,2021-03-21,spatial,21.038515844172725,1.5584036302564237,18.14960117141701,24.38726585477633
17081,2021-04-11,2,2021-03-21,spatial,20.96248748592833,2.0160453049833484,17.308850966847018,25.38735138683489
17081,2021-04-18,3,2021-03-21,spatial,21.053720556018824,1.783752385741581,17.78602131561326,24.921770945018462
17083,2021-03-28,0,2021-03-21,spatial,26.06242206084618,2.2039985478556696,22.035341159499563,30.82547434873061
17083,2021-04-04,1,2021-03-21,spatial,26.037430884125072,2.057805936563766,22.2401580272928,30.483048106655644
17083,2021-04-11,2,2021-03-21,spatial,26.064123802626444,2.1333200647816963,22.144993429851656,30.67684584105061
17083,2021-04-18,3,2021-03-21,spatial,25.950256777959105,2.058276165012202,22.16062475936771,30.38794411955136
17085,2021-03-28,0,2021-03-21,spatial,30.06484126322629,3.543514963506794,23.795079625571407,37.98662136905071
17085,2021-04-04,1,2021-03-21,spatial,13.039715398296487,0.1322103382834558,12.777968685809887,13.306823787836942
17085,2021-04-11,2,2021-03-21,spatial,13.0542767201566,0.12849550588207953,12.799921252546065,13.313686648855365
17085,2021-04-18,3,2021-03-21,spatial,29.86174363604964,2.3808295182574257,25.467749271467557,35.013841367763966
17087,2021-03-28,0,2021-03-21,spatial,5.011969132667867,0.4546004810451428,4.186217714460022,6.000603958090045
17087,2021-04-04,1,2021-03-21,spatial,5.008887917535084,0.3258588766766892,4.400356891141766,5.70157348394509
17087,2021-04-11,2,2021-03-21,spatial,5.004987148977793,0.32156619360058003,4.403914017437231,5.688098419326121
17087,2021-04-18,3,2021-03-21,spatial,4.999162529474119,0.41252753959515015,4.2452606744544115,5.886947330816128
17089,2021-03-28,0,2021-03-21,spatial,524.9305645110857,51.56707294748554,432.2785324693898,637.4410868470303
17089,2021-04-04,1,2021-03-21,spatial,527.4077933999996,39.8799087990522,453.5017873001718,613.3580689836265
17089,2021-04-11,2,2021-03-21,spatial,524.7265668154071,41.75299797955218,447.88965842542547,614.7450934452156
17089,2021-04-18,3,2021-03-21,spatial,525.6449208300303,40.95619228351114,449.78861677200564,614.2942984581232
17091,2021-03-28,0,2021-03-21,spatial,119.60606548844915,7.496440823673423,105.56480765433464,135.51496203611734
17091,2021-04-04,1,2021-03-21,spatial,119.95688373510538,7.020140298662039,106.75951264354387,134.78568418987422
17091,2021-04-11,2,2021-03-21,spatial,119.85614898219623,7.369898198980224,106.00078832398307,135.5225435204822
17091,2021-04-18,3,2021-03-21,spatial,119.649909641657,8.902894770999652,103.182623880092,138.74526871785454
17093,2021-03-28,0,2021-03-21,spatial,138.15546087460294,12.316104997349234,115.73393726408285,164.92078141194833
17093,2021-04-04,1,2021-03-21,spatial,138.21803837975858,9.613397641918688,120.33511676069485,158.7585290795882
17093,2021-04-11,2,2021-03-21,spatial,138.068728545614,11.775202744217644,116.51771826525372,163.60579391715686
17093,2021-04-18,3,2021-03-21,spatial,137.81303362845006,11.045928955870368,117.53877244081042,161.5844018401708
17095,2021-03-28,0,2021-03-21,spatial,34.86808606523033,1.9545502921862232,31.18227567854069,38.98956697021951
17095,2021-04-04,1,2021-03-21,spatial,45.59311068517898,2.3560777686557013,41.13273394564251,50.537164504991466
17095,2021-04-11,2,2021-03-21,spatial,25.71783345370879,0.6766339077070523,24.400740661622876,27.106019719842113
17095,2021-04-18,3,2021-03-21,spatial,37.08219681404813,3.025304300588422,31.496791408211642,43.65807623811791
17097,2021-03-28,0,2021-03-21,spatial,574.4211036263796,63.849705775809966,461.0953532178791,715.5995001654977
17097,2021-04-04,1,2021-03-21,spatial,576.0555528267001,48.84091978757361,486.76227812074285,681.729079795623
17097,2021-04-11,2,2021-03-21,spatial,579.383229195917,62.253489365024144,468.2832923244065,716.8415610287042
17097,2021-04-18,3,2021-03-21,spatial,576.6862798665204,48.314216529116834,487.99153357108713,681.5017116231193
17099,2021-03-28,0,2021-03-21,spatial,87.95120802911279,7.6875374238777425,73.8112793641712,104.79990403113285
17099,2021-04-04,1,2021-03-21,spatial,87.9939333455315,6.7652367938890965,75.5152463459918,102.53468908969296
17099,2021-04-11,2,2021-03-21,spatial,87.70201076970055,6.29343938305237,76.05065603154554,101.13841345245207
17099,2021-04-18,3,2021-03-21,spatial,88.11421922959205,6.229519017354433,76.5454547023917,101.43143914458996
17101,2021-03-28,0,2021-03-21,spatial,11.994867031091335,0.8028397482583058,10.500764668363994,13.701557899590346
17101,2021-04-04,1,2021-03-21,spatial,12.04757217589586,0.8123744843280303,10.536553760124825,13.775281618427448
17101,2021-04-11,2,2021-03-21,spatial,12.017792740345898,0.7717954815953646,10.577718548393044,13.653921844219596
17101,2021-04-18,3,2021-03-21,spatial,11.983717286768956,0.982630751078138,10.171936352368652,14.118204738448256
17103,2021-03-28,0,2021-03-21,spatial,130.99023472651731,6.656581528303553,118.36551674534442,144.96148933834635
17103,2021-04-04,1,2021-03-21,spatial,131.09504065954548,8.061096353174207,116.0066817951585,148.14586038995841
17103,2021-04-11,2,2021-03-21,spatial,130.8807379291484,12.04848921253035,108.9539667465527,157.22022861935326
17103,2021-04-18,3,2021-03-21,spatial,132.01007761064923,13.064974681334393,108.45340529473476,160.68338788819642
17105,2021-03-28,0,2021-03-21,spatial,40.41675817792935,1.6395438815561945,37.27058167909753,43.82851750686102
17105,2021-04-04,1,2021-03-21,spatial,41.867427897242926,4.226349833832384,34.265940390811444,51.155214149642255
17105,2021-04-11,2,2021-03-21,spatial,41.94723952348728,3.2204291304636428,35.99501527833603,48.88373820749089
17105,2021-04-18,3,2021-03-21,spatial,42.05611804696717,3.744339034942427,35.22462230949297,50.21252036828147
17107,2021-03-28,0,2021-03-21,spatial,69.18570778444865,4.780273450464691,60.31095132018266,79.36638465912068
17107,2021-04-04,1,2021-03-21,spatial,65.91829646958344,2.865619347492661,60.44261972764368,71.89003105807791
17107,2021-04-11,2,2021-03-21,spatial,64.21250388865593,3.408911439273432,57.74698774928827,71.40191750870108
17107,2021-04-18,3,2021-03-21,spatial,69.11556825625885,6.651518320432824,57.14104837732482,83.5994772766754
17109,2021-03-28,0,2021-03-21,spatial,27.96474630713221,1.416801938348874,25.27981295654721,30.934842649606217
17109,2021-04-04,1,2021-03-21,spatial,35.044341177981565,1.3562772665527127,32.43508556720802,37.86349957529921
17109,2021-04-11,2,2021-03-21,spatial,34.92013914480005,1.3598207879846136,32.30857191328382,37.74280463912515
17109,2021-04-18,3,2021-03-21,spatial,19.731935566233574,0.1971608625641432,19.34144724821346,20.13030753042316
17111,2021-03-28,0,2021-03-21,spatial,300.6414671030436,29.62076027517607,247.0110058367524,365.9160507269273
17111,2021-04-04,1,2021-03-21,spatial,299.9931189064579,19.618941721477157,263.31870934486267,341.7754538412178
17111,2021-04-11,2,2021-03-21,spatial,300.43831049914394,21.281646295828835,260.94956158908417,345.90277855196
17111,2021-04-18,3,2021-03-21,spatial,302.34977385862516,25.068037425279613,256.44703561981464,356.4688729250355
17113,2021-03-28,0,2021-03-21,spatial,251.72053681447147,11.502650526731749,229.76720090191682,275.7714260583878
17113,2021-04-04,1,2021-03-21,spatial,307.8775986780466,20.978981936055966,268.7004480131746,352.7668690865478
17113,2021-04-11,2,2021-03-21,spatial,297.74570626191695,7.257068020248433,283.57379694768593,312.6258721773312
17113,2021-04-18,3,2021-03-21,spatial,307.2223475033305,22.04819009932862,266.4640100212044,354.2150806705426
17115,2021-03-28,0,2021-03-21,spatial,89.07123658399473,2.4969602572792446,84.21429639723203,94.20829391222851
17115,2021-04-04,1,2021-03-21,spatial,70.65490821495305,1.4638942690399337,67.78845539824145,73.64256974931668
17115,2021-04-11,2,2021-03-21,spatial,70.71721606559487,1.4014640609190128,67.97107517593325,73.5743054692583
17115,2021-04-18,3,2021-03-21,spatial,84.98113725323151,6.077589512855394,73.70494572961086,97.98248431449869
17117,2021-03-28,0,2021-03-21,spatial,25.058536585526962,1.999033260571076,21.378995396174645,29.371364003406306
17117,2021-04-04,1,2021-03-21,spatial,25.11793068085997,2.536075978248698,20.560467576351613,30.685607676264702
17117,2021-04-11,2,2021-03-21,spatial,24.93617575642848,2.4961981172125607,20.465390582793642,30.38363029720444
17117,2021-04-18,3,2021-03-21,spatial,25.047035028996753,1.8227458007190749,21.683926342107018,28.931751281849746
17119,2021-03-28,0,2021-03-21,spatial,304.68743303676024,29.007371554358635,252.06223441695286,368.2996465744513
17119,2021-04-04,1,2021-03-21,spatial,303.37799917160993,26.28187220711121,255.20687546295414,360.64157838384574
17119,2021-04-11,2,2021-03-21,spatial,305.7549021374485,29.294936441188185,252.39413578808072,370.3971167522489
17119,2021-04-18,3,2021-03-21,spatial,304.60086982286,24.27483305436976,260.0288615383766,356.81304509018753
17121,2021-03-28,0,2021-03-21,spatial,30.12218771057633,1.029820103353572,28.128653679461543,32.257007491748716
17121,2021-04-04,1,2021-03-21,spatial,28.39059977540816,0.6028464305774744,27.208904566668547,29.623616549223517
17121,2021-04-11,2,2021-03-21,spatial,29.05214499826097,1.7478120648325104,25.771212954054157,32.75077236390627
17121,2021-04-18,3,2021-03-21,spatial,29.020486028538084,1.7661914448033502,25.70669665266821,32.76144814371394
17123,2021-03-28,0,2021-03-21,spatial,18.729785223507108,0.9512968716776488,16.918477350256367,20.735013397254075
17123,2021-04-04,1,2021-03-21,spatial,17.062717966413768,1.086931286869526,15.0319169427995,19.367878728257445
17123,2021-04-11,2,2021-03-21,spatial,17.060864137887705,1.212490071541506,14.812047863367455,19.65110346769353
17123,2021-04-18,3,2021-03-21,spatial,17.013869078501127,1.5728928811989753,14.144762133678103,20.464942307595006
17125,2021-03-28,0,2021-03-21,spatial,21.929474333532863,1.3791241454237044,19.342168194282294,24.86287161370229
17125,2021-04-04,1,2021-03-21,spatial,22.059102863246693,1.8846960843121787,18.610481332337734,26.14677237207031
17125,2021-04-11,2,2021-03-21,spatial,21.940108291309016,1.4099688511198814,19.302246870267588,24.93846209043401
17125,2021-04-18,3,2021-03-21,spatial,21.98800382385065,2.084839019767482,18.229832368278448,26.520941190822807
17127,2021-03-28,0,2021-03-21,spatial,4.011691697736728,0.3505760381650345,3.374442044285618,4.769283356027199
17127,2021-04-04,1,2021-03-21,spatial,4.0201705193423996,0.28285254504175833,3.497549431127989,4.620884228468914
17127,2021-04-11,2,2021-03-21,spatial,3.0301477084917616,0.10794273530840832,2.821656423860311,3.2540443470138207
17127,2021-04-18,3,2021-03-21,spatial,3.031303083399791,0.10936313050971144,2.8204419756958825,3.2579285312763595
17129,2021-03-28,0,2021-03-21,spatial,36.946969382496206,3.461265535494648,30.682313722723894,44.49073035649553
17129,2021-04-04,1,2021-03-21,spatial,37.00856525299713,2.421693589513329,32.498567321529656,42.14443943127275
17129,2021-04-11,2,2021-03-21,spatial,37.198135264003604,3.1000520183412963,31.495744350268488,43.93295969546796
17129,2021-04-18,3,2021-03-21,spatial,37.0130072366669,2.9664506129823005,31.54788455634855,43.42486743460177
17131,2021-03-28,0,2021-03-21,spatial,13.031015405828025,1.4066255607663722,10.513959929218597,16.15065718816635
17131,2021-04-04,1,2021-03-21,spatial,13.045488017589026,0.9093044907483446,11.349257582140465,14.99523262956572
17131,2021-04-11,2,2021-03-21,spatial,13.02889953258215,1.060518280829701,11.076802919150374,15.325019707323628
17131,2021-04-18,3,2021-03-21,spatial,12.989130562065494,1.0308253924116084,11.091684799062287,15.211170873936807
17133,2021-03-28,0,2021-03-21,spatial,33.932231062404306,1.943709446810343,30.275710966600013,38.03036388287
17133,2021-04-04,1,2021-03-21,spatial,33.944344377060425,2.120069795612733,29.976782209753498,38.43703127060709
17133,2021-04-11,2,2021-03-21,spatial,33.954201586746144,2.6261329445227206,29.101164409295265,39.61655242307583
17133,2021-04-18,3,2021-03-21,spatial,34.08515805501307,3.2571217975820734,28.19092513983521,41.211772720205715
17135,2021-03-28,0,2021-03-21,spatial,15.007306348520574,0.7768314037848013,13.53625660799984,16.63822209939806
17135,2021-04-04,1,2021-03-21,spatial,14.965089600058189,0.8952815264340748,13.283686852426314,16.859318442670446
17135,2021-04-11,2,2021-03-21,spatial,15.061300796153866,1.2070699685069382,12.846310942133494,17.65820418749348
17135,2021-04-18,3,2021-03-21,spatial,15.018623207346106,1.430378433986668,12.432019845041056,18.143394706227657
17137,2021-03-28,0,2021-03-21,spatial,19.97614553579021,1.3489255624693683,17.449202543265105,22.86903309636301
17137,2021-04-04,1,2021-03-21,spatial,20.04770558115872,1.6171019882544198,17.076818438453426,23.53544370793357
17137,2021-04-11,2,2021-03-21,spatial,19.96563634798182,1.6361839653594632,16.945848798101167,23.5235566851346
17137,2021-04-18,3,2021-03-21,spatial,20.034746007052227,1.939940168617868,16.53135612320906,24.28058802771573
17139,2021-03-28,0,2021-03-21,spatial,9.002832770838758,0.5794469031463156,7.9196330139176165,10.234186073679524
17139,2021-04-04,1,2021-03-21,spatial,9.647157264743827,0.379800523988624,8.917029949152997,10.437067478901966
17139,2021-04-11,2,2021-03-21,spatial,8.977987587800403,0.6275184681448628,7.813329274758804,10.316250383443153
17139,2021-04-18,3,2021-03-21,spatial,9.009811143295837,0.8856513686272256,7.416799998439353,10.944975846043988
17141,2021-03-28,0,2021-03-21,spatial,106.30865663168414,8.089416968301686,91.34755874756081,123.72011501768898
17141,2021-04-04,1,2021-03-21,spatial,106.76374954835285,9.111871954976431,89.96369990491766,126.7010830998552
17141,2021-04-11,2,2021-03-21,spatial,102.82314624375906,3.15275867182535,96.72042096197576,109.3109324619454
17141,2021-04-18,3,2021-03-21,spatial,106.1032579116317,7.618300240101675,91.94299556136204,122.44436099483838
17143,2021-03-28,0,2021-03-21,spatial,668.6777032571513,47.85102488028925,579.928485966058,771.0086358120859
17143,2021-04-04,1,2021-03-21,spatial,669.0924697687124,44.35625557664302,586.365703206062,763.4906520852037
17143,2021-04-11,2,2021-03-21,spatial,667.2012101552659,52.797855609815464,569.9284735414479,781.0760042685905
17143,2021-04-18,3,2021-03-21,spatial,666.7058641582511,42.12265773470922,587.7238290350192,756.3020033283608
17145,2021-03-28,0,2021-03-21,spatial,9.013611097297057,0.6858289400124241,7.743657481493519,10.491836087466883
17145,2021-04-04,1,2021-03-21,spatial,9.004667449638,0.8830733357635618,7.401261941002527,10.955433887479328
17145,2021-04-11,2,2021-03-21,spatial,9.004852594111135,0.5358315495188443,8.002611321656016,10.132613840964387
17145,2021-04-18,3,2021-03-21,spatial,9.026652075723591,0.9056547642921268,7.388744183010576,11.027644979713653
17147,2021-03-28,0,2021-03-21,spatial,12.987042238013618,1.0210553634900663,11.100702174697151,15.193927684718847
17147,2021-04-04,1,2021-03-21,spatial,12.941399493433506,1.003871756383622,11.08302923398549,15.111375898483914
17147,2021-04-11,2,2021-03-21,spatial,12.974534413879066,1.0837097203541004,10.984569759277752,15.325001064766381
17147,2021-04-18,3,2021-03-21,spatial,12.966934269664609,0.8666211824532761,11.355382820398034,14.807196464725505
17149,2021-03-28,0,2021-03-21,spatial,10.336357576952652,0.2991181018828529,9.755900724677076,10.951350467146433
17149,2021-04-04,1,2021-03-21,spatial,10.00770272943848,0.7316073452446112,8.648864976085015,11.580029772432177
17149,2021-04-11,2,2021-03-21,spatial,10.011933473991066,0.7639832960182634,8.605171461966666,11.648671073047248
17149,2021-04-18,3,2021-03-21,spatial,9.998742503591156,0.7524472838721037,8.601242663291854,11.623303232658484
17151,2021-03-28,0,2021-03-21,spatial,4.9738154557387695,0.4374894481180349,4.174487282094412,5.9261984804356524
17151,2021-04-04,1,2021-03-21,spatial,4.998227920984261,0.3159743338487236,4.406311916726869,5.6696581681544185
17151,2021-04-11,2,2021-03-21,spatial,5.0007746517204055,0.32374817567415914,4.396210448893748,5.6884781581787625
17151,2021-04-18,3,2021-03-21,spatial,5.0135522646139385,0.4321077107529075,4.224931318605487,5.949376312775669
17153,2021-03-28,0,2021-03-21,spatial,1.00314039186337,0.06509287023947427,0.8811148233467306,1.1420652781275549
17153,2021-04-04,1,2021-03-21,spatial,0.9997208926562648,0.07666731200967801,0.8577611218641521,1.1651750560125358
17153,2021-04-11,2,2021-03-21,spatial,0.9997399236504116,0.0912345007392564,0.8342093480542299,1.1981164167864935
17153,2021-04-18,3,2021-03-21,spatial,1.0064401014792397,0.08774120832582527,0.8462361067200851,1.1969728895065839
17155,2021-03-28,0,2021-03-21,spatial,0.9996595062580717,0.07469654350706884,0.8621621911692394,1.1590848435337713
17155,2021-04-04,1,2021-03-21,spatial,1.0011334297985115,0.07069242777336524,0.8697434680059591,1.1523721431998897
17155,2021-04-11,2,2021-03-21,spatial,0.997247962100846,0.07108729841715371,0.8651646378887443,1.1494962396303792
17155,2021-04-18,3,2021-03-21,spatial,0.9982001388537908,0.10346343561984374,0.8119750430313645,1.2271356438343617
17157,2021-03-28,0,2021-03-21,spatial,22.592609855096676,0.7754372368953687,21.095042946225654,24.19649115509087
17157,2021-04-04,1,2021-03-21,spatial,23.258395514395946,1.033933241942743,21.28413680727079,25.415781095678767
17157,2021-04-11,2,2021-03-21,spatial,22.95402567751824,1.5542260989395862,20.062608412067057,26.262153154883872
17157,2021-04-18,3,2021-03-21,spatial,22.992742973197927,2.0914890226967247,19.181812504956838,27.56080684736796
17159,2021-03-28,0,2021-03-21,spatial,23.96002957022441,2.06065667079412,20.15649454071276,28.481292510782385
17159,2021-04-04,1,2021-03-21,spatial,23.990886986190556,1.7239574260301211,20.790492119530665,27.683936247159906
17159,2021-04-11,2,2021-03-21,spatial,26.603411743309398,0.6835492974505676,25.271633084106863,28.005373219396162
17159,2021-04-18,3,2021-03-21,spatial,24.02993158253005,2.226339219976976,19.997705497239412,28.875193303591157
17161,2021-03-28,0,2021-03-21,spatial,166.71959834435881,17.741427801718824,134.9039405125315,206.03864028361986
17161,2021-04-04,1,2021-03-21,spatial,167.76578210544432,15.914455646162931,138.83616440059419,202.72353220765697
17161,2021-04-11,2,2021-03-21,spatial,167.28347025553882,15.912581442722152,138.57803088968168,201.9350342985669
17161,2021-04-18,3,2021-03-21,spatial,167.95226047060632,17.645479157604914,136.02512723992734,207.37316971909087
17163,2021-03-28,0,2021-03-21,spatial,232.54163232859327,19.423666525232342,197.10761742488893,274.34561622994113
17163,2021-04-04,1,2021-03-21,spatial,232.15698874345279,17.756417284903954,199.47235140839172,270.19718292727885
17163,2021-04-11,2,2021-03-21,spatial,232.86367010735938,19.459098271282066,197.1655613704974,275.02515388056537
17163,2021-04-18,3,2021-03-21,spatial,233.12735503688,16.314779820543986,202.71462586231715,268.10282403305547
17165,2021-03-28,0,2021-03-21,spatial,30.882193874935414,3.4343070879009665,24.765476266654034,38.50965304524508
17165,2021-04-04,1,2021-03-21,spatial,30.941466259837373,2.0629055873472497,27.083719150628728,35.34870262773457
17165,2021-04-11,2,2021-03-21,spatial,31.040940536409423,2.2868138091845767,26.813474179635353,35.93491775551813
17165,2021-04-18,3,2021-03-21,spatial,30.775287740713722,2.671817494713131,25.884997888039543,36.58946929879222
17167,2021-03-28,0,2021-03-21,spatial,248.870748967336,25.068240691649205,203.83139652940673,303.8621662125892
17167,2021-04-04,1,2021-03-21,spatial,249.46506396082447,15.368134449446266,220.5966599754332,282.1113345229652
17167,2021-04-11,2,2021-03-21,spatial,249.10935288431443,16.95043504972841,217.5885431671678,285.1964023067439
17167,2021-04-18,3,2021-03-21,spatial,249.10919367990243,20.68585570651686,211.18241457508427,293.8473380973103
17169,2021-03-28,0,2021-03-21,spatial,0.9968987936708478,0.06872810166622477,0.8691598001862846,1.1434113779875597
17169,2021-04-04,1,2021-03-21,spatial,0.9979124109115316,0.08402149451583966,0.8438503453952076,1.1801016439530876
17169,2021-04-11,2,2021-03-21,spatial,0.9968745060174076,0.09493862765952957,0.8248678595338318,1.2047490628487645
17169,2021-04-18,3,2021-03-21,spatial,0.8834944626962414,0.02171958056436249,0.8410743401670329,0.9280540712488088
17171,2021-03-28,0,2021-03-21,spatial,4.9749200320505365,0.5096847880495976,4.059298958186697,6.097069858671737
17171,2021-04-04,1,2021-03-21,spatial,2.72993713546222,0.08767552578360754,2.5603730100192403,2.910730871795773
17171,2021-04-11,2,2021-03-21,spatial,2.7338243699003417,0.08982168400285122,2.5600671433446904,2.919374870651477
17171,2021-04-18,3,2021-03-21,spatial,4.990033211514724,0.424734012957296,4.212009578509311,5.911769901727665
17173,2021-03-28,0,2021-03-21,spatial,7.012203551288338,0.4629720491900285,6.146141590968346,8.000303591599119
17173,2021-04-04,1,2021-03-21,spatial,6.989464785999503,0.32465277378470475,6.369577532086255,7.6696794643970945
17173,2021-04-11,2,2021-03-21,spatial,6.974839189566917,0.3427700487609901,6.324187052726067,7.692432452539244
17173,2021-04-18,3,2021-03-21,spatial,6.982928021845836,0.5173773386030489,6.0237216261964965,8.094876686569043
17175,2021-03-28,0,2021-03-21,spatial,1.9971608784303208,0.14133780790640668,1.7337002705060762,2.3006581023190718
17175,2021-04-04,1,2021-03-21,spatial,2.3219497437895047,0.047712523601213225,2.2285494009449835,2.4192645720117216
17175,2021-04-11,2,2021-03-21,spatial,2.000563208836461,0.17100746379695275,1.6885743776881583,2.370196542973463
17175,2021-04-18,3,2021-03-21,spatial,1.9948374954781247,0.13013193058601127,1.751576815259403,2.2718824539682574
17177,2021-03-28,0,2021-03-21,spatial,43.17329197262183,3.1113133521073317,37.39863464117165,49.83960397584336
17177,2021-04-04,1,2021-03-21,spatial,42.99796370585339,2.9342257503999623,37.511735814808844,49.28657239369897
17177,2021-04-11,2,2021-03-21,spatial,43.030996120007366,3.0767444136470976,37.318946107661645,49.61733436250327
17177,2021-04-18,3,2021-03-21,spatial,43.03565624939086,3.289653389163953,36.949882691277416,50.12377777461642
17179,2021-03-28,0,2021-03-21,spatial,245.10766706211567,11.209011876339417,223.79937537453412,268.4447548260189
17179,2021-04-04,1,2021-03-21,spatial,245.31611320820176,10.83543345312766,224.5654126812893,267.9842575979799
17179,2021-04-11,2,2021-03-21,spatial,263.4646337730949,11.439810118507873,241.59191608989232,287.31761547585614
17179,2021-04-18,3,2021-03-21,spatial,263.8897628687863,19.41334057184637,228.01254944845607,305.4121675117992
17181,2021-03-28,0,2021-03-21,spatial,5.973972141010858,0.5902606456127782,4.9145485240896125,7.261774498031815
17181,2021-04-04,1,2021-03-21,spatial,5.578469624562095,0.1217578656169854,5.339939864467357,5.827654269898042
17181,2021-04-11,2,2021-03-21,spatial,5.997654599641754,0.4523331806841729,5.161660731315084,6.9690478644533025
17181,2021-04-18,3,2021-03-21,spatial,5.870464136100728,0.232929380930086,5.42291782464278,6.3549458589693835
17183,2021-03-28,0,2021-03-21,spatial,52.808328404894475,4.405117279458634,44.74988291422102,62.317918334328425
17183,2021-04-04,1,2021-03-21,spatial,52.82276639221415,4.792418598134509,44.12827407426101,63.230314528750455
17183,2021-04-11,2,2021-03-21,spatial,53.085445385735476,5.017520395089737,43.96830412794444,64.09309086840261
17183,2021-04-18,3,2021-03-21,spatial,53.04220874581618,5.194855765503993,43.71156964163393,64.36455912475381
17185,2021-03-28,0,2021-03-21,spatial,15.989251387066007,1.4183677000054022,13.4165730484695,19.055250472322086
17185,2021-04-04,1,2021-03-21,spatial,16.026109091304885,1.0146937061942214,14.130305574631365,18.176264571907915
17185,2021-04-11,2,2021-03-21,spatial,16.0174009183103,1.1081842979215295,13.94443723761209,18.39852894786464
17185,2021-04-18,3,2021-03-21,spatial,13.721013307692912,0.4670413469186882,12.81819754773563,14.687416502107485
17187,2021-03-28,0,2021-03-21,spatial,7.0116469929253915,0.6057801385134848,5.902093235783999,8.329789379694395
17187,2021-04-04,1,2021-03-21,spatial,7.010144080397608,0.5000520192154297,6.080749308223817,8.081589543820218
17187,2021-04-11,2,2021-03-21,spatial,4.016361274969985,0.08217365826860683,3.855333386829272,4.1841149059083635
17187,2021-04-18,3,2021-03-21,spatial,7.026504785126465,0.6830924592477261,5.784534851896968,8.535132168702251
17189,2021-03-28,0,2021-03-21,spatial,5.999031282346723,0.5332306916032213,5.0274825649935595,7.158329414638293
17189,2021-04-04,1,2021-03-21,spatial,6.007134341834785,0.4858620790117938,5.111533184458372,7.05965542991472
17189,2021-04-11,2,2021-03-21,spatial,6.0086699011757325,0.4065424264670038,5.252708065450675,6.873428626039106
17189,2021-04-18,3,2021-03-21,spatial,5.9678836643825806,0.4746475550390575,5.0922837566427255,6.99403983235321
17191,2021-03-28,0,2021-03-21,spatial,6.00668249006342,0.4156186201442235,5.231641188751201,6.8965422579079565
17191,2021-04-04,1,2021-03-21,spatial,6.017710102789084,0.4630408219671257,5.1634017419477525,7.013367677168096
17191,2021-04-11,2,2021-03-21,spatial,5.975208381419517,0.517029072565906,5.034184849893197,7.092134330773232
17191,2021-04-18,3,2021-03-21,spatial,5.973844366738232,0.4663493268976517,5.113920629842434,6.978367303895695
17193,2021-03-28,0,2021-03-21,spatial,1.0030485163792466,0.0541029688705124,0.900769869463077,1.1169404753850376
17193,2021-04-04,1,2021-03-21,spatial,0.9971190008314096,0.07221119309718348,0.863501889783866,1.1514118423850672
17193,2021-04-11,2,2021-03-21,spatial,1.0050484837758311,0.06994144533281532,0.8750874329678386,1.154310319957733
17193,2021-04-18,3,2021-03-21,spatial,0.999410932570188,0.07741811959499995,0.8563489636839506,1.166372885936538
17195,2021-03-28,0,2021-03-21,spatial,139.0607942198947,12.950284163831098,115.49523081663872,167.43465814418715
17195,2021-04-04,1,2021-03-21,spatial,139.12986565672549,8.213287342035759,123.71611532792434,156.46401009561387
17195,2021-04-11,2,2021-03-21,spatial,139.15124016911923,9.646617098626812,121.19405837075495,159.76911657969825
17195,2021-04-18,3,2021-03-21,spatial,106.42760003570284,3.5656875465315863,99.53817718174858,113.79386653502468
17197,2021-03-28,0,2021-03-21,spatial,821.6565025011428,51.83952372247568,724.6241767113664,931.6821461386667
17197,2021-04-04,1,2021-03-21,spatial,821.6225295088989,49.37529423980981,728.8861938150129,926.1577276739156
17197,2021-04-11,2,2021-03-21,spatial,822.7944176744335,57.75841328493368,715.358652236546,946.365367413423
17197,2021-04-18,3,2021-03-21,spatial,821.6465232247998,75.62071042251769,684.7257555115099,985.9465686712488
17199,2021-03-28,0,2021-03-21,spatial,36.09885879493697,2.8212906880318505,30.89662635128877,42.17701931209205
17199,2021-04-04,1,2021-03-21,spatial,36.04659112159771,2.1673155049772044,31.972990279187325,40.639199528780274
17199,2021-04-11,2,2021-03-21,spatial,37.410191211268824,0.8645117625840789,35.71989210874372,39.180476867149096
17199,2021-04-18,3,2021-03-21,spatial,35.967390809199394,3.0990136593063347,30.27847561882648,42.7251760593032
17201,2021-03-28,0,2021-03-21,spatial,272.39743057063407,14.714903425166955,244.49697503129718,303.48171044645983
17201,2021-04-04,1,2021-03-21,spatial,270.4494169662149,21.807375967002482,230.41653966502128,317.43765982989083
17201,2021-04-11,2,2021-03-21,spatial,274.49137980612454,13.010979471344216,249.62653157378116,301.8329706896582
17201,2021-04-18,3,2021-03-21,spatial,271.67581864385517,23.144854454674547,229.0563193612257,322.22534022042333
17203,2021-03-28,0,2021-03-21,spatial,118.1435111686479,8.182811499776589,102.92136433036606,135.6170249206294
17203,2021-04-04,1,2021-03-21,spatial,118.66052482005553,5.142986460367919,108.81881401446215,129.39233236542827
17203,2021-04-11,2,2021-03-21,spatial,118.184172965483,9.6975591984376,100.38444860817025,139.1400653507041
17203,2021-04-18,3,2021-03-21,spatial,117.68538455692318,11.341248560664766,97.20692796796492,142.4780108561314
18001,2021-03-28,0,2021-03-21,spatial,18.03776909412518,1.3853945720181662,15.472704116056224,21.028070559130395
18001,2021-04-04,1,2021-03-21,spatial,15.361070287766529,0.6438801183783397,14.128991338009241,16.70058921693348
18001,2021-04-11,2,2021-03-21,spatial,15.414319271165553,0.6598850969539277,14.153271789859678,16.787725278027846
18001,2021-04-18,3,2021-03-21,spatial,17.96056293699895,1.6808338104252258,14.903908840756545,21.64410856645616
18003,2021-03-28,0,2021-03-21,spatial,520.2032967063685,40.449318762230746,445.37547222188624,607.6029929402024
18003,2021-04-04,1,2021-03-21,spatial,508.64119764217173,24.253570145149283,462.62153647975373,559.2387027796431
18003,2021-04-11,2,2021-03-21,spatial,495.9242437943944,23.514159123533176,451.0980534761373,545.2048699563985
18003,2021-04-18,3,2021-03-21,spatial,517.3160398485767,51.2850262787392,425.25073349022017,629.3131651723974
18005,2021-03-28,0,2021-03-21,spatial,67.8084447479891,4.05536756392466,60.16657838220161,76.42091843636001
18005,2021-04-04,1,2021-03-21,spatial,68.32508974689911,5.452761939095844,58.31442648498609,80.0542536438002
18005,2021-04-11,2,2021-03-21,spatial,67.99272419199514,5.394532873682656,58.070729573445504,79.60999589649937
18005,2021-04-18,3,2021-03-21,spatial,68.29101388983271,1.7253105685590708,64.92408970957106,71.83254472975398
18007,2021-03-28,0,2021-03-21,spatial,4.925583531598716,0.33569108348200016,4.298452485470779,5.6442110756749
18007,2021-04-04,1,2021-03-21,spatial,4.990764991467987,0.3871491823488532,4.27523781555878,5.826046707721447
18007,2021-04-11,2,2021-03-21,spatial,4.989170864518098,0.42584814924794656,4.209591303166343,5.913121755224383
18007,2021-04-18,3,2021-03-21,spatial,6.059867667221752,0.06168350116381174,5.937752720817546,6.18449401159695
18009,2021-03-28,0,2021-03-21,spatial,19.569164083616787,1.0677909906460912,17.545356013499976,21.82641279190124
18009,2021-04-04,1,2021-03-21,spatial,11.790308865085064,0.11649534362924005,11.559544513108785,12.025679989074082
18009,2021-04-11,2,2021-03-21,spatial,11.797933178002609,0.11881265424636228,11.562648621508618,12.0380054630125
18009,2021-04-18,3,2021-03-21,spatial,11.797875260862154,0.11861016935605627,11.56301694304028,12.037503824176344
18011,2021-03-28,0,2021-03-21,spatial,48.98535559445918,5.5027378368582225,39.15823528179686,61.27868238819936
18011,2021-04-04,1,2021-03-21,spatial,48.96682436105057,4.080212326390827,41.45990529301962,57.832980347151725
18011,2021-04-11,2,2021-03-21,spatial,48.977382379575594,4.831303560588705,40.2925125408014,59.534236846761075
18011,2021-04-18,3,2021-03-21,spatial,43.86395914366066,1.6936525342852669,40.61042516350801,47.37815238353268
18013,2021-03-28,0,2021-03-21,spatial,3.981945124235823,0.2893475633244993,3.4437108147836963,4.604302691258753
18013,2021-04-04,1,2021-03-21,spatial,4.004000126156211,0.3361393272505342,3.388965714811996,4.730651874165785
18013,2021-04-11,2,2021-03-21,spatial,4.003320840829066,0.3511746665671506,3.3611936055323506,4.768120981855206
18013,2021-04-18,3,2021-03-21,spatial,4.019971805036576,0.3684299995727069,3.351809416701081,4.821328215371566
18015,2021-03-28,0,2021-03-21,spatial,10.992380424880412,0.7990436871687348,9.513978365423826,12.70051525915061
18015,2021-04-04,1,2021-03-21,spatial,11.013195093311904,0.8653442804186976,9.411029450496367,12.888118861104202
18015,2021-04-11,2,2021-03-21,spatial,11.018269004135938,0.7765324997066759,9.575952848285027,12.677824731482975
18015,2021-04-18,3,2021-03-21,spatial,11.018284388029716,1.0560355462848696,9.109346160943456,13.327256282785251
18017,2021-03-28,0,2021-03-21,spatial,23.993807863371767,1.7518578020265312,20.743257473357627,27.753732340440067
18017,2021-04-04,1,2021-03-21,spatial,24.052535475112986,2.8202233644614334,19.075984276872898,30.32737154658661
18017,2021-04-11,2,2021-03-21,spatial,23.998483396685902,2.15136360989535,20.08159726940956,28.6793524247358
18017,2021-04-18,3,2021-03-21,spatial,24.133921759103387,2.5317366715113923,19.599025821646,29.7181188889116
18019,2021-03-28,0,2021-03-21,spatial,93.07011742911907,8.983667294421243,76.798158353832,112.78977183751442
18019,2021-04-04,1,2021-03-21,spatial,92.98531878505956,6.917430994309348,80.15783757666759,107.86555340005718
18019,2021-04-11,2,2021-03-21,spatial,93.72553153376879,7.110544638332603,80.55475684257239,109.04973965044589
18019,2021-04-18,3,2021-03-21,spatial,97.81637952600686,4.150569382151804,89.85582694384745,106.48217738349965
18021,2021-03-28,0,2021-03-21,spatial,22.053117862785193,2.207688615737456,18.060731487529463,26.92803488085199
18021,2021-04-04,1,2021-03-21,spatial,17.414863579647392,0.6387480938282175,16.18567860007475,18.737396249566483
18021,2021-04-11,2,2021-03-21,spatial,19.524748976132113,0.4984933353797952,18.552775447381645,20.54764386396824
18021,2021-04-18,3,2021-03-21,spatial,21.921459492664155,2.1680255055566606,18.02223501142806,26.664305841300717
18023,2021-03-28,0,2021-03-21,spatial,30.929793352107385,3.0180871934948668,25.487467055369425,37.53421690456011
18023,2021-04-04,1,2021-03-21,spatial,31.25942116642042,3.3492588244851578,25.293717447335354,38.63217867022525
18023,2021-04-11,2,2021-03-21,spatial,31.00835766824377,2.6782208851786864,26.117983909964472,36.81441295761333
18023,2021-04-18,3,2021-03-21,spatial,30.96320209107195,2.7700321685759506,25.948182007745427,36.947477994658286
18025,2021-03-28,0,2021-03-21,spatial,9.35472489071157,0.6883302972833019,8.07625050862303,10.835582389063218
18025,2021-04-04,1,2021-03-21,spatial,9.307295303864707,0.6905443363975811,8.030126303908236,10.787594440598216
18025,2021-04-11,2,2021-03-21,spatial,12.011513283346414,1.528628365814838,9.352154874678938,15.427081061995398
18025,2021-04-18,3,2021-03-21,spatial,13.427859847541953,0.134868863334413,13.160823464177374,13.700314465581172
18027,2021-03-28,0,2021-03-21,spatial,3.004180219833733,0.21771379778543065,2.598188423187578,3.4736121186191133
18027,2021-04-04,1,2021-03-21,spatial,3.016707077868237,0.3534591076975046,2.391168201933914,3.805889349942031
18027,2021-04-11,2,2021-03-21,spatial,3.0021383260748777,0.21897712399261415,2.5964450838167883,3.4712209339851534
18027,2021-04-18,3,2021-03-21,spatial,2.98310084401604,0.2502006762721511,2.5240046487149703,3.525702953875242
18029,2021-03-28,0,2021-03-21,spatial,27.987416793323234,2.4616494238170827,23.52200750054995,33.300537751502624
18029,2021-04-04,1,2021-03-21,spatial,28.165846212859886,2.4173218576804807,23.72598790444571,33.436537862257964
18029,2021-04-11,2,2021-03-21,spatial,27.896050028817676,2.498147581405452,23.334396728332987,33.34946329533383
18029,2021-04-18,3,2021-03-21,spatial,28.06148230839575,2.3855673815813425,23.70073270812437,33.224575756448175
18031,2021-03-28,0,2021-03-21,spatial,12.026064592846884,1.0106181565618253,10.177691828165582,14.210120726105025
18031,2021-04-04,1,2021-03-21,spatial,12.001187779568367,1.11751210438127,9.96884979557001,14.44785617940246
18031,2021-04-11,2,2021-03-21,spatial,11.575534509039302,0.7228496901443954,10.221098447320351,13.109451969429806
18031,2021-04-18,3,2021-03-21,spatial,11.577890897950823,0.7005688439369718,10.263272845097363,13.060897792353382
18033,2021-03-28,0,2021-03-21,spatial,35.04437703791546,3.0693315890921085,29.429734831996857,41.73018781808191
18033,2021-04-04,1,2021-03-21,spatial,33.6898053983666,1.5143614918390385,30.80018083798241,36.85052999364664
18033,2021-04-11,2,2021-03-21,spatial,35.11073366131066,3.3846246261199155,29.003309305978046,42.50423995517648
18033,2021-04-18,3,2021-03-21,spatial,34.604731824413854,2.8659299516977264,29.332394503951324,40.82474291276453
18035,2021-03-28,0,2021-03-21,spatial,64.0476470944238,6.245780416919247,52.77926635325832,77.72182869833712
18035,2021-04-04,1,2021-03-21,spatial,64.33353437000693,5.9974305374506605,53.4202843176687,77.47625639588667
18035,2021-04-11,2,2021-03-21,spatial,63.93300183050145,6.367649489570872,52.41291925465718,77.98513765660384
18035,2021-04-18,3,2021-03-21,spatial,61.1053844389811,3.776995014584117,54.01866101095536,69.12181711942875
18037,2021-03-28,0,2021-03-21,spatial,26.02778501554953,2.5708622149850093,21.38370501730456,31.68045912845545
18037,2021-04-04,1,2021-03-21,spatial,26.085045438912555,2.094537231564145,22.225903929202172,30.61425972673848
18037,2021-04-11,2,2021-03-21,spatial,25.94674600662172,2.104310818870435,22.087011613080488,30.480974073171314
18037,2021-04-18,3,2021-03-21,spatial,25.418307111301235,1.2075210140621686,23.121801784939326,27.942906111463426
18039,2021-03-28,0,2021-03-21,spatial,183.58171472600515,1.8475612979485856,179.924095049025,187.31368898955571
18039,2021-04-04,1,2021-03-21,spatial,230.33446071158696,6.578577070859088,217.5639694733537,243.85454962842743
18039,2021-04-11,2,2021-03-21,spatial,228.1703723308049,21.115130584953192,189.91150203226908,274.1367334387783
18039,2021-04-18,3,2021-03-21,spatial,227.628124446274,21.372553447147688,188.9091732237157,274.2829379575283
18041,2021-03-28,0,2021-03-21,spatial,7.961491826930021,0.6135553584811317,6.828315547052736,9.282721583895194
18041,2021-04-04,1,2021-03-21,spatial,7.982515601185178,0.5669357473028005,6.933109661522675,9.190761207312306
18041,2021-04-11,2,2021-03-21,spatial,7.471774165375693,0.4387866918723276,6.644500865080827,8.402047093073332
18041,2021-04-18,3,2021-03-21,spatial,7.485697285559134,0.4566732770282832,6.6296266756242135,8.452310604013213
18043,2021-03-28,0,2021-03-21,spatial,50.89448525154051,4.656318657268912,42.40100586164864,61.08932032110427
18043,2021-04-04,1,2021-03-21,spatial,50.973397645891296,4.659290881562269,42.51905744972496,61.10876918281646
18043,2021-04-11,2,2021-03-21,spatial,50.79644535968689,4.576669308587073,42.48153509105345,60.73883289879179
18043,2021-04-18,3,2021-03-21,spatial,50.81143289287277,5.1373252135584035,41.61989449639572,62.03287499564654
18045,2021-03-28,0,2021-03-21,spatial,13.090463164873647,1.1908077338914098,10.91835558436656,15.694691801050679
18045,2021-04-04,1,2021-03-21,spatial,13.034400953055705,1.1077295920094894,11.016487228897018,15.421940285953529
18045,2021-04-11,2,2021-03-21,spatial,12.840595907175295,0.9235853989514496,11.13291955358837,14.810212402749505
18045,2021-04-18,3,2021-03-21,spatial,12.965257905658447,1.0318862001025624,11.070445142367818,15.1843860295111
18047,2021-03-28,0,2021-03-21,spatial,10.913592565565665,0.2774257583779341,10.373523518362148,11.481778826291766
18047,2021-04-04,1,2021-03-21,spatial,10.903689196017996,0.2856676112160645,10.348075602753942,11.489135047652642
18047,2021-04-11,2,2021-03-21,spatial,10.91496984148826,0.2668271621651853,10.394826014539284,11.461141001683087
18047,2021-04-18,3,2021-03-21,spatial,10.551992546763174,0.5090303612964673,9.581081614399466,11.621291957225912
18049,2021-03-28,0,2021-03-21,spatial,11.497512870125881,0.258586400856762,10.992143469761775,12.026116886334195
18049,2021-04-04,1,2021-03-21,spatial,11.511980362132293,0.2547853186865991,11.01414748329511,12.03231498934603
18049,2021-04-11,2,2021-03-21,spatial,20.157615337032155,0.1989290238006765,19.763706479834664,20.55937516023832
18049,2021-04-18,3,2021-03-21,spatial,20.14992724799537,0.20625639477392815,19.74172932431912,20.56656544264062
18051,2021-03-28,0,2021-03-21,spatial,31.10197962902715,3.2338001131047034,25.291444969385577,38.247444462558114
18051,2021-04-04,1,2021-03-21,spatial,30.985581256243435,3.538765052011227,24.683685743245547,38.89638912819121
18051,2021-04-11,2,2021-03-21,spatial,31.107369259736682,3.403408100735879,25.046628571507373,38.634677697197695
18051,2021-04-18,3,2021-03-21,spatial,38.742076607168116,0.38106193534554816,37.98773425109326,39.511398334910886
18053,2021-03-28,0,2021-03-21,spatial,61.027438270270146,4.7981357036208765,52.17269874164712,71.38500234143831
18053,2021-04-04,1,2021-03-21,spatial,61.20639071888925,7.05176500264758,48.74016070391837,76.86109792683065
18053,2021-04-11,2,2021-03-21,spatial,60.91847498390256,5.665172676373682,50.56897442144948,73.38611543583662
18053,2021-04-18,3,2021-03-21,spatial,60.85517512381588,6.588766630579782,49.067553534772394,75.47456664465386
18055,2021-03-28,0,2021-03-21,spatial,4.998592734690893,0.41999882714869297,4.2313235602413535,5.904991422088129
18055,2021-04-04,1,2021-03-21,spatial,5.01052734246139,0.4976157839483542,4.111078235957836,6.106763921437249
18055,2021-04-11,2,2021-03-21,spatial,4.992324028396213,0.3280215309144715,4.378353581831318,5.692390698623663
18055,2021-04-18,3,2021-03-21,spatial,4.982946515077504,0.4572206178430166,4.154035168661284,5.977261858407641
18057,2021-03-28,0,2021-03-21,spatial,291.63636845553987,28.729598867889013,240.0925684411007,354.2457476221314
18057,2021-04-04,1,2021-03-21,spatial,289.3018257266331,24.60080619083015,244.3322572804248,342.548083091232
18057,2021-04-11,2,2021-03-21,spatial,288.11107592120345,20.303331002846736,250.35706538821557,331.55841613559954
18057,2021-04-18,3,2021-03-21,spatial,290.2486591366988,21.156570104418762,250.93006577962385,335.7281395073561
18059,2021-03-28,0,2021-03-21,spatial,54.819880006286105,5.145480792254252,45.50438408189714,66.04241117723784
18059,2021-04-04,1,2021-03-21,spatial,47.947284978353395,2.8753442310755783,42.542728071181045,54.03842774137385
18059,2021-04-11,2,2021-03-21,spatial,47.87353925486347,2.8418588777751626,42.51641703055371,53.90566564299002
18059,2021-04-18,3,2021-03-21,spatial,54.869657993062674,3.8712941711966478,47.64086801847826,63.195308849283116
18061,2021-03-28,0,2021-03-21,spatial,44.20599191150033,3.7903075379715534,37.292329446627825,52.401385214522676
18061,2021-04-04,1,2021-03-21,spatial,43.943151344629456,4.119637968260838,36.45483945222694,52.9696627145357
18061,2021-04-11,2,2021-03-21,spatial,43.982259727697524,4.594318796846807,35.73785041290135,54.12858211685591
18061,2021-04-18,3,2021-03-21,spatial,50.40400660550471,3.2592799884403463,44.3261706653415,57.31521229453329
18063,2021-03-28,0,2021-03-21,spatial,119.86600693035541,8.917156661331044,103.33556890869451,139.04079465728972
18063,2021-04-04,1,2021-03-21,spatial,119.97582970729681,10.850427547873645,100.23669715101902,143.60209507170455
18063,2021-04-11,2,2021-03-21,spatial,120.29245211802687,13.427450490265727,96.41577289095108,150.08202084252406
18063,2021-04-18,3,2021-03-21,spatial,119.55899666336431,12.749866679856193,96.80904392952309,147.6551477314107
18065,2021-03-28,0,2021-03-21,spatial,25.02756762252733,1.95348989883872,21.417587597873574,29.24601747221839
18065,2021-04-04,1,2021-03-21,spatial,25.110154115548305,2.022890044064713,21.39482794763697,29.47066652042077
18065,2021-04-11,2,2021-03-21,spatial,23.392565949377147,1.2013052055654123,21.112132337738164,25.9193213144942
18065,2021-04-18,3,2021-03-21,spatial,27.26792077812675,0.9397564996486734,25.45115288144369,29.214374178872962
18067,2021-03-28,0,2021-03-21,spatial,103.91589243782181,8.946280051542185,87.52688518996733,123.37366601944065
18067,2021-04-04,1,2021-03-21,spatial,104.15797442499078,11.327022255405426,83.91761705233091,129.28016806711378
18067,2021-04-11,2,2021-03-21,spatial,103.85606066030014,10.203950066106485,85.48628653319255,126.17323518536429
18067,2021-04-18,3,2021-03-21,spatial,105.80138201188896,5.762504713372411,94.9196625811532,117.93059658271764
18069,2021-03-28,0,2021-03-21,spatial,59.02666919497863,5.731830531754849,48.71245682655592,71.5247783263938
18069,2021-04-04,1,2021-03-21,spatial,55.53117223442392,2.807012338794749,50.193045342547904,61.43701918630619
18069,2021-04-11,2,2021-03-21,spatial,59.13890925560397,5.757925211171384,48.73037049674039,71.7706545690332
18069,2021-04-18,3,2021-03-21,spatial,58.97564339705273,4.954506057942059,49.903771938009044,69.69666578343805
18071,2021-03-28,0,2021-03-21,spatial,59.15031034529317,5.123589297212112,49.76456513224992,70.30623506196629
18071,2021-04-04,1,2021-03-21,spatial,58.88467710192547,2.821304276923549,53.513105617445774,64.79543949823797
18071,2021-04-11,2,2021-03-21,spatial,61.12895303975437,1.8571788009618604,57.52837280463459,64.95488604251737
18071,2021-04-18,3,2021-03-21,spatial,51.14790503259113,3.6315433638087256,44.38094330568222,58.9466558023343
18073,2021-03-28,0,2021-03-21,spatial,36.00608731688592,3.807516845478023,29.244140101611414,44.33155905308278
18073,2021-04-04,1,2021-03-21,spatial,35.97488271163277,2.7104926062204884,30.945538282808265,41.82160847512939
18073,2021-04-11,2,2021-03-21,spatial,36.036550786677495,2.475564543832633,31.415959278397736,41.3367289247078
18073,2021-04-18,3,2021-03-21,spatial,35.784992567992994,3.667426365380287,29.198017603603226,43.85796701942133
18075,2021-03-28,0,2021-03-21,spatial,14.052562433819487,1.1166047026997694,11.99578092412733,16.461997114269625
18075,2021-04-04,1,2021-03-21,spatial,14.007828667266564,1.319789381754894,11.614153200140144,16.894840337488166
18075,2021-04-11,2,2021-03-21,spatial,13.999295618001796,1.3719299873617512,11.521078182669095,17.010584833545618
18075,2021-04-18,3,2021-03-21,spatial,12.085111700266516,0.11973354301554673,11.847992364744027,12.32697661441091
18077,2021-03-28,0,2021-03-21,spatial,22.963083671161773,2.439580802774458,18.624978607102555,28.31161435469739
18077,2021-04-04,1,2021-03-21,spatial,23.01448316362868,2.5777838062780614,18.43653416903384,28.729176017181157
18077,2021-04-11,2,2021-03-21,spatial,22.936803282881414,2.4381616755564517,18.577106192838322,28.319639204108963
18077,2021-04-18,3,2021-03-21,spatial,23.013105037417013,2.11864739692454,19.175806009605264,27.61829167430601
18079,2021-03-28,0,2021-03-21,spatial,12.029093441503479,0.839024653624468,10.466965663345873,13.824358814048836
18079,2021-04-04,1,2021-03-21,spatial,12.009811867461627,0.9525373246787492,10.258994871556352,14.05942618138191
18079,2021-04-11,2,2021-03-21,spatial,11.970813485571473,1.1394447918466817,9.915812261603762,14.451703171229944
18079,2021-04-18,3,2021-03-21,spatial,12.031604991967635,1.1746140946463328,9.92363404177048,14.587349560999515
18081,2021-03-28,0,2021-03-21,spatial,187.85270362532435,15.81655484545925,158.89567639545896,222.0868374764189
18081,2021-04-04,1,2021-03-21,spatial,188.3595056668037,19.93849211754158,152.80716172673132,232.18351138862943
18081,2021-04-11,2,2021-03-21,spatial,188.00132963815216,15.914961954007756,158.86462859666054,222.48187188004496
18081,2021-04-18,3,2021-03-21,spatial,188.8002570825357,8.833347129883652,171.96879269957057,207.27910288179044
18083,2021-03-28,0,2021-03-21,spatial,8.166635972379094,0.3409159196182117,7.513025718269419,8.877108319112581
18083,2021-04-04,1,2021-03-21,spatial,8.164893709950105,0.33677410269641805,7.520094049861932,8.864980790500454
18083,2021-04-11,2,2021-03-21,spatial,9.351093632745089,0.5864060229112062,8.258962324231048,10.587643906767315
18083,2021-04-18,3,2021-03-21,spatial,8.970400569922374,0.8530735998451529,7.428279252596214,10.832668461775947
18085,2021-03-28,0,2021-03-21,spatial,80.66345156492062,6.008076459604387,69.56826570696576,93.52816765295329
18085,2021-04-04,1,2021-03-21,spatial,81.33208279192527,5.911280148102766,70.38753832652195,93.978392319768
18085,2021-04-11,2,2021-03-21,spatial,69.0217091995506,1.7523926989628524,65.61086227591518,72.60987244449194
18085,2021-04-18,3,2021-03-21,spatial,81.18511358260383,8.259566165381376,66.37705111670064,99.29670807207592
18087,2021-03-28,0,2021-03-21,spatial,16.985453388830006,1.563273674832252,14.150835730242813,20.38788608135205
18087,2021-04-04,1,2021-03-21,spatial,13.075607958759127,0.8212250405424442,11.538105923063386,14.817988726330904
18087,2021-04-11,2,2021-03-21,spatial,14.113587428954535,0.14038411727441885,13.83564323010318,14.397115248053273
18087,2021-04-18,3,2021-03-21,spatial,14.1042766660667,0.1388300227914882,13.829224746449965,14.384799142411806
18089,2021-03-28,0,2021-03-21,spatial,373.6519004434169,39.20115014774617,303.4835012014041,460.04393040240564
18089,2021-04-04,1,2021-03-21,spatial,375.03355644773336,24.49228438283999,329.2657210983936,427.1631070268779
18089,2021-04-11,2,2021-03-21,spatial,375.1458996438408,28.39363972668723,322.73986710132664,436.06154790725617
18089,2021-04-18,3,2021-03-21,spatial,354.6883541230384,22.808275001991497,312.0141865930356,403.19906579952254
18091,2021-03-28,0,2021-03-21,spatial,164.44127778085658,5.8527854707356335,153.1467952447841,176.56872150004588
18091,2021-04-04,1,2021-03-21,spatial,96.30750477489654,0.9860132702640021,94.35491865479419,98.3004978246086
18091,2021-04-11,2,2021-03-21,spatial,96.34362869354048,0.954057421561803,94.45455082193148,98.27048785968685
18091,2021-04-18,3,2021-03-21,spatial,96.38487412529436,0.9807990664267044,94.44303794765146,98.36663625007687
18093,2021-03-28,0,2021-03-21,spatial,17.007237040334587,1.4061694933409052,14.429643699266286,20.04527053989809
18093,2021-04-04,1,2021-03-21,spatial,16.986266798144374,1.734765895299245,13.875966410166154,20.79374158230517
18093,2021-04-11,2,2021-03-21,spatial,16.53861368602622,0.5582889131679433,15.457933458933567,17.694845393291278
18093,2021-04-18,3,2021-03-21,spatial,18.164732222985922,0.9253385957558704,16.407215892226482,20.110511064166133
18095,2021-03-28,0,2021-03-21,spatial,59.06549520194136,6.193662315454389,47.968107067752406,72.73025634559455
18095,2021-04-04,1,2021-03-21,spatial,59.08904459114683,5.7938560737679365,48.67447006104503,71.73196105300498
18095,2021-04-11,2,2021-03-21,spatial,58.94791382540102,5.197735044970794,49.450850172593576,70.26889390655461
18095,2021-04-18,3,2021-03-21,spatial,57.584709747985414,3.1561511994550964,51.60733927698797,64.2544034088258
18097,2021-03-28,0,2021-03-21,spatial,747.4991609893318,62.41581280762078,633.2154671258654,882.408950330789
18097,2021-04-04,1,2021-03-21,spatial,747.1231680474556,55.866816585847644,643.2234945783104,867.8057206215876
18097,2021-04-11,2,2021-03-21,spatial,751.948760467555,61.205287605101226,639.2095887991147,884.5720531679788
18097,2021-04-18,3,2021-03-21,spatial,656.9282917212751,40.03427361214621,581.7765705700572,741.7878310929076
18099,2021-03-28,0,2021-03-21,spatial,35.855547574547444,3.1518413000173635,30.085613023624088,42.732062360209476
18099,2021-04-04,1,2021-03-21,spatial,34.496856739863404,2.162555464455173,30.441621217178675,39.09230446173167
18099,2021-04-11,2,2021-03-21,spatial,34.447485260655476,2.0720658465043216,30.560470762061897,38.82889272295411
18099,2021-04-18,3,2021-03-21,spatial,38.81112486515329,2.4510849399790207,34.2265576275225,44.0097841474791
18101,2021-03-28,0,2021-03-21,spatial,4.8212632127475885,0.23386135573376984,4.376055649763996,5.311764937872028
18101,2021-04-04,1,2021-03-21,spatial,4.596764609480921,0.11569157225183373,4.3712003063004685,4.833968565686644
18101,2021-04-11,2,2021-03-21,spatial,4.6012573016773946,0.1141074666848874,4.3782774916235585,4.835593174883184
18101,2021-04-18,3,2021-03-21,spatial,4.984925432111459,0.485093654727349,4.107222130424514,6.050191777950714
18103,2021-03-28,0,2021-03-21,spatial,20.976012463070358,1.7257217172286117,17.799029459691496,24.720061273414466
18103,2021-04-04,1,2021-03-21,spatial,20.960612160522754,1.9540956800633136,17.40247257797524,25.2462551039958
18103,2021-04-11,2,2021-03-21,spatial,20.96707391117573,1.938237147316416,17.464540497383357,25.17204437543445
18103,2021-04-18,3,2021-03-21,spatial,20.970714021135105,1.9317415549566777,17.468709430032543,25.17477597973952
18105,2021-03-28,0,2021-03-21,spatial,168.6765947036279,14.438679124659748,142.22668707252276,200.04539363490986
18105,2021-04-04,1,2021-03-21,spatial,168.24703747069313,16.385898434493278,138.66751241426266,204.13624737926207
18105,2021-04-11,2,2021-03-21,spatial,136.12851669918078,3.4877801050963777,129.3367875967435,143.27689285508214
18105,2021-04-18,3,2021-03-21,spatial,165.6798731630627,11.213616705415077,144.80530585311843,189.5636365643392
18107,2021-03-28,0,2021-03-21,spatial,54.15487272922281,4.061578953610903,46.585673857488054,62.953908304299844
18107,2021-04-04,1,2021-03-21,spatial,54.28394105709362,4.217886692736046,46.50293085133851,63.36689328486047
18107,2021-04-11,2,2021-03-21,spatial,53.819261082395116,4.210770366610827,46.114087920371006,62.8118866507055
18107,2021-04-18,3,2021-03-21,spatial,54.09009477354513,5.053963464807664,44.90869721415884,65.14859112164727
18109,2021-03-28,0,2021-03-21,spatial,29.861412670634106,2.36904271363618,25.50117251623241,34.96717518060417
18109,2021-04-04,1,2021-03-21,spatial,29.9750316264082,2.389938054595476,25.590701127895237,35.11050816910818
18109,2021-04-11,2,2021-03-21,spatial,30.01951303029926,2.408258964239037,25.582399000306268,35.226217938572475
18109,2021-04-18,3,2021-03-21,spatial,29.862966919339147,3.1109504868833655,24.29221800069406,36.711213162999954
18111,2021-03-28,0,2021-03-21,spatial,4.695557770067235,0.04590314746660107,4.604663653407258,4.788246098219138
18111,2021-04-04,1,2021-03-21,spatial,4.693131846518769,0.04646299943995425,4.6011883416245585,4.7869126176721695
18111,2021-04-11,2,2021-03-21,spatial,12.003541728497932,1.0700673979455757,10.055492187763491,14.328986720622973
18111,2021-04-18,3,2021-03-21,spatial,11.977578379301336,1.3331776404166495,9.614978521547544,14.920718076572086
18113,2021-03-28,0,2021-03-21,spatial,42.04150056525728,3.30838991502586,35.96571138433782,49.14368996878025
18113,2021-04-04,1,2021-03-21,spatial,42.2608910691254,3.9296007067395338,35.162224630454375,50.79265981395341
18113,2021-04-11,2,2021-03-21,spatial,35.497719708439284,0.9949714828440696,33.56319778343848,37.54374397306981
18113,2021-04-18,3,2021-03-21,spatial,42.062513351821636,3.5413275015163626,35.567972786983574,49.742925751440296
18115,2021-03-28,0,2021-03-21,spatial,1.4486600995831145,0.06267936273749053,1.3286969910169195,1.5794542309589952
18115,2021-04-04,1,2021-03-21,spatial,1.0041408964321858,0.0937489769419959,0.8344828069297825,1.2082920480978547
18115,2021-04-11,2,2021-03-21,spatial,0.9959190306929832,0.06172143262999584,0.8799503145469093,1.1271712723998082
18115,2021-04-18,3,2021-03-21,spatial,0.9954432092118176,0.11014790412497076,0.7991651664515949,1.2399278952130623
18117,2021-03-28,0,2021-03-21,spatial,6.958030114322753,0.6500521248188189,5.780816590528491,8.374973036014657
18117,2021-04-04,1,2021-03-21,spatial,7.365164069969484,0.1879663855477246,6.999345584343161,7.750101937945676
18117,2021-04-11,2,2021-03-21,spatial,7.353497505821951,0.18060714905640446,7.001245944299969,7.723471793210418
18117,2021-04-18,3,2021-03-21,spatial,7.009023255075459,0.8468495023573537,5.5165867895411385,8.905217821158374
18119,2021-03-28,0,2021-03-21,spatial,10.875295433818797,0.3499199578535265,10.197646223261561,11.597975472325466
18119,2021-04-04,1,2021-03-21,spatial,11.008309997429379,0.9311005015172517,9.306715675307329,13.021015493255828
18119,2021-04-11,2,2021-03-21,spatial,11.001354314808005,1.2668656089753485,8.755945751728746,13.822584126454752
18119,2021-04-18,3,2021-03-21,spatial,13.686827597819176,0.13784766896684394,13.41386348847297,13.96534636373805
18121,2021-03-28,0,2021-03-21,spatial,6.975972208674286,0.5849419195590378,5.903456262688383,8.243338493717369
18121,2021-04-04,1,2021-03-21,spatial,5.842177432254141,0.20901257742688667,5.439758420598802,6.274366343309502
18121,2021-04-11,2,2021-03-21,spatial,6.972512276344102,0.530586384444158,5.99286103704254,8.11230681693915
18121,2021-04-18,3,2021-03-21,spatial,6.019225703731157,0.28738988567816703,5.4729336665714845,6.620046994860577
18123,2021-03-28,0,2021-03-21,spatial,14.992738792868892,1.4867990369292268,12.308807303271944,18.261900684028397
18123,2021-04-04,1,2021-03-21,spatial,15.07303585439903,1.4710832825066495,12.4325062966734,18.274385264441033
18123,2021-04-11,2,2021-03-21,spatial,15.010868270803954,1.4080316212563893,12.480754530320382,18.05388974649153
18123,2021-04-18,3,2021-03-21,spatial,11.772427922243672,0.4199406441236037,10.963240369565456,12.641340927738476
18125,2021-03-28,0,2021-03-21,spatial,3.993867475643553,0.3652445125142016,3.329348098024838,4.791021227989483
18125,2021-04-04,1,2021-03-21,spatial,4.0081808700852815,0.3897532130385217,3.3026808019264333,4.864385888562618
18125,2021-04-11,2,2021-03-21,spatial,3.9273418472039388,0.1989681779988373,3.550779999236356,4.343838251909833
18125,2021-04-18,3,2021-03-21,spatial,4.0184223867632385,0.3904425368947441,3.312520316677209,4.874753038386715
18127,2021-03-28,0,2021-03-21,spatial,137.4698041539688,5.509094156701771,126.87190880599407,148.9529654907951
18127,2021-04-04,1,2021-03-21,spatial,137.4443597089545,5.34356042284729,127.19351501256529,148.52134571434917
18127,2021-04-11,2,2021-03-21,spatial,160.52534150130822,11.631330557950205,138.99236159986697,185.39425452956903
18127,2021-04-18,3,2021-03-21,spatial,156.8840901433561,7.8635469354613665,141.92550394235437,173.4192731850757
18129,2021-03-28,0,2021-03-21,spatial,11.007988434153047,1.170319240063407,8.909524800133703,13.600703975214126
18129,2021-04-04,1,2021-03-21,spatial,11.046112634562977,1.074396901166972,9.109794535972133,13.394001791548753
18129,2021-04-11,2,2021-03-21,spatial,10.951596521401438,1.14900595896165,8.89034847572518,13.490749737769859
18129,2021-04-18,3,2021-03-21,spatial,11.025531508287155,0.8976658367621984,9.368518213237596,12.975621360106535
18131,2021-03-28,0,2021-03-21,spatial,2.9976290784097137,0.2287318541672223,2.573184257647703,3.49208575523538
18131,2021-04-04,1,2021-03-21,spatial,2.9979997163581045,0.24679268996569745,2.5446025990358407,3.5321831010818197
18131,2021-04-11,2,2021-03-21,spatial,3.1715975802587284,0.11921586070187845,2.941946176250861,3.4191758137200154
18131,2021-04-18,3,2021-03-21,spatial,2.9972282160393466,0.2419630266513081,2.552557102266399,3.519363767042123
18133,2021-03-28,0,2021-03-21,spatial,33.97295434414217,3.341471994112108,27.92546683372045,41.33007457821617
18133,2021-04-04,1,2021-03-21,spatial,34.193502816002635,3.0832871589123685,28.602095868054505,40.87797062920299
18133,2021-04-11,2,2021-03-21,spatial,33.998774880557285,2.782464234316897,28.86882903946372,40.040304087106335
18133,2021-04-18,3,2021-03-21,spatial,34.00686629968041,2.9058437654354634,28.709756712592014,40.28132202935443
18135,2021-03-28,0,2021-03-21,spatial,21.02803124536979,1.7917652532169892,17.73637621066822,24.93057729516829
18135,2021-04-04,1,2021-03-21,spatial,21.043420412696413,1.1990983455776287,18.782866064574357,23.576036859501677
18135,2021-04-11,2,2021-03-21,spatial,20.980620676896415,1.3332900617186296,18.479201547646696,23.820641971615416
18135,2021-04-18,3,2021-03-21,spatial,20.850026395894837,1.216428812567431,18.560788473289136,23.421612790594693
18137,2021-03-28,0,2021-03-21,spatial,8.957889293158082,0.7670236576312881,7.561457125757648,10.61221127805256
18137,2021-04-04,1,2021-03-21,spatial,9.032570056012943,0.8727064757532647,7.458876108881865,10.938286227817793
18137,2021-04-11,2,2021-03-21,spatial,8.988106341466462,0.7372655627676638,7.63035763203759,10.58745336736422
18137,2021-04-18,3,2021-03-21,spatial,9.013981732151363,0.8405403474877802,7.489292042493338,10.849071742234807
18139,2021-03-28,0,2021-03-21,spatial,1.8351270188837825,0.045379282345532616,1.7465674655993682,1.928176976708764
18139,2021-04-04,1,2021-03-21,spatial,2.003483687077795,0.18854563569168747,1.6609690551804108,2.4166295403684384
18139,2021-04-11,2,2021-03-21,spatial,1.9964710961886942,0.18532650430619568,1.6612630122369774,2.3993171512015232
18139,2021-04-18,3,2021-03-21,spatial,1.9975046804551453,0.1842132005797706,1.6628812111775595,2.399464809404335
18141,2021-03-28,0,2021-03-21,spatial,543.9692202751205,5.398438545960606,533.2918982251572,554.8603186950945
18141,2021-04-04,1,2021-03-21,spatial,554.103009386381,41.43189048868257,477.56224504024124,642.9112606780135
18141,2021-04-11,2,2021-03-21,spatial,557.6262376014901,42.89665375111022,478.38563499210403,649.9923871391453
18141,2021-04-18,3,2021-03-21,spatial,556.6596019915264,49.64775077323032,466.4981420906055,664.2468308677212
18143,2021-03-28,0,2021-03-21,spatial,12.025372022482953,0.9762870232370896,10.233763874768442,14.13063405104095
18143,2021-04-04,1,2021-03-21,spatial,12.030171211359749,0.9733173432803841,10.237976064150269,14.136096672603493
18143,2021-04-11,2,2021-03-21,spatial,11.979205245247128,0.9170414760723532,10.288957669216273,13.94712301490954
18143,2021-04-18,3,2021-03-21,spatial,12.019227895195865,1.1815314191110704,9.875280166480144,14.628631974108858
18145,2021-03-28,0,2021-03-21,spatial,15.91912729808388,1.5741179558577003,13.076736969902644,19.379346278499483
18145,2021-04-04,1,2021-03-21,spatial,16.075469673405248,1.2955156324897368,13.695398937246484,18.86916375380361
18145,2021-04-11,2,2021-03-21,spatial,15.974540996554033,1.4310754564844008,13.375525041659596,19.07857517785505
18145,2021-04-18,3,2021-03-21,spatial,15.973629093008036,1.5271030320789356,13.200878437593571,19.328776308882226
18147,2021-03-28,0,2021-03-21,spatial,14.953814719956537,1.3055656672383966,12.570770396468998,17.788613396486856
18147,2021-04-04,1,2021-03-21,spatial,15.000224742416904,1.532885380898566,12.2375075096488,18.38664794653709
18147,2021-04-11,2,2021-03-21,spatial,14.931986134639336,0.7649965012850883,13.476856205759065,16.544230087561672
18147,2021-04-18,3,2021-03-21,spatial,14.092774434353693,0.6202087146442032,12.908104047890632,15.386170619691287
18149,2021-03-28,0,2021-03-21,spatial,17.687929995173555,0.906323889143187,15.963816830906485,19.5982496434341
18149,2021-04-04,1,2021-03-21,spatial,17.72108841027212,0.911056497540804,15.993939015573945,19.63474877194982
18149,2021-04-11,2,2021-03-21,spatial,18.061673966033844,0.7971322404959109,16.53966492758596,19.723740951438888
18149,2021-04-18,3,2021-03-21,spatial,18.01527350962069,1.7705546870298674,14.826017835905946,21.89057663484251
18151,2021-03-28,0,2021-03-21,spatial,28.87545455923692,2.613586840656504,24.108022621890697,34.58566009662908
18151,2021-04-04,1,2021-03-21,spatial,29.035427460042907,2.597933411404064,24.279306971094538,34.72323360757803
18151,2021-04-11,2,2021-03-21,spatial,28.940086080159613,2.1589372308051193,24.936858234381837,33.5859703919037
18151,2021-04-18,3,2021-03-21,spatial,29.556474238788425,2.3580067297901386,25.197872015021886,34.66900573617367
18153,2021-03-28,0,2021-03-21,spatial,4.9867669771908485,0.4159464405338368,4.223215313398571,5.888367757595841
18153,2021-04-04,1,2021-03-21,spatial,4.95588236493699,0.4778783793611587,4.092824172743232,6.00093455728187
18153,2021-04-11,2,2021-03-21,spatial,5.0122510921472285,0.6159853810979264,3.936722927227944,6.381617775783191
18153,2021-04-18,3,2021-03-21,spatial,4.998730122759072,0.4347688742865506,4.202917713321192,5.945227707166714
18155,2021-03-28,0,2021-03-21,spatial,2.9988436880412728,0.2740998919171173,2.500573986946109,3.596399671536213
18155,2021-04-04,1,2021-03-21,spatial,3.007348594334985,0.22249479611532572,2.594776452731149,3.4855201334701253
18155,2021-04-11,2,2021-03-21,spatial,3.007167203239101,0.18086092207479448,2.6670463513011047,3.3906627021406166
18155,2021-04-18,3,2021-03-21,spatial,2.9809842710657386,0.2987157447131151,2.44607615725456,3.6328661305113035
18157,2021-03-28,0,2021-03-21,spatial,197.54759557841945,15.052610022568155,169.74088229403438,229.90956563554008
18157,2021-04-04,1,2021-03-21,spatial,196.9936125093361,16.563083511833636,166.72437541060708,232.75830707961126
18157,2021-04-11,2,2021-03-21,spatial,196.6351725046249,19.552551682388803,161.4065169510159,239.55284951510268
18157,2021-04-18,3,2021-03-21,spatial,196.80444085823456,18.861759039695304,162.62340657047707,238.16982289530893
18159,2021-03-28,0,2021-03-21,spatial,22.792194742775262,0.2258456971953651,22.34484864820279,23.2484967506985
18159,2021-04-04,1,2021-03-21,spatial,22.788388048982025,0.2358060453360969,22.3217007392466,23.264832547365952
18159,2021-04-11,2,2021-03-21,spatial,22.786766195323967,0.23025967771682698,22.33074601082233,23.252098850110844
18159,2021-04-18,3,2021-03-21,spatial,22.791946066966034,0.2293248169095251,22.338012401850204,23.255104177328764
18161,2021-03-28,0,2021-03-21,spatial,0.9985372974794364,0.07393332947147963,0.8621135602551373,1.1565491838017927
18161,2021-04-04,1,2021-03-21,spatial,0.9412442707146108,0.05639076943207912,0.8354575040153306,1.060425901850326
18161,2021-04-11,2,2021-03-21,spatial,1.0009700692003634,0.08026399605414196,0.8540423827785856,1.1731748911280178
18161,2021-04-18,3,2021-03-21,spatial,0.9996340728809344,0.08207441798908965,0.8488771214422814,1.1771648150520562
18163,2021-03-28,0,2021-03-21,spatial,110.31375676433399,10.383409678935449,91.34923099449742,133.21540640220246
18163,2021-04-04,1,2021-03-21,spatial,110.16196816993288,9.486193319762306,92.81242339270473,130.75468549857084
18163,2021-04-11,2,2021-03-21,spatial,110.24340527605791,9.261592768012315,93.27539983159691,130.29811106469398
18163,2021-04-18,3,2021-03-21,spatial,96.78823812445809,4.040093148792743,89.05468447005421,105.19337747344329
18165,2021-03-28,0,2021-03-21,spatial,10.956458049202476,0.526962723312952,9.953590590308698,12.060368757864563
18165,2021-04-04,1,2021-03-21,spatial,12.251341809124305,0.431697539932513,11.41746705066236,13.146118614398782
18165,2021-04-11,2,2021-03-21,spatial,11.972256753105937,1.2212097016220125,9.786333544164645,14.64643843533801
18165,2021-04-18,3,2021-03-21,spatial,11.939488221695779,1.1870199656074685,9.798015413590765,14.549005383098313
18167,2021-03-28,0,2021-03-21,spatial,77.12845684224594,7.071437114644799,64.24190217117679,92.59997997903649
18167,2021-04-04,1,2021-03-21,spatial,77.07336629013777,5.498415950253492,66.90519466075044,88.78688450746843
18167,2021-04-11,2,2021-03-21,spatial,77.04959643962296,6.841912998409301,64.58342442349168,91.92204291585004
18167,2021-04-18,3,2021-03-21,spatial,77.12397704057247,7.086881170020299,64.26602530357991,92.55446881080748
18169,2021-03-28,0,2021-03-21,spatial,25.941205286200162,2.586575422282812,21.296711265097247,31.598593948336863
18169,2021-04-04,1,2021-03-21,spatial,25.89182412742311,2.5802087482963643,21.26030793060153,31.53230700297019
18169,2021-04-11,2,2021-03-21,spatial,25.945880374956232,2.3174014379269785,21.720873818093214,30.992708399732123
18169,2021-04-18,3,2021-03-21,spatial,26.005397123986725,2.3689929883268857,21.684763976029743,31.186905254021443
18171,2021-03-28,0,2021-03-21,spatial,8.622383661293554,0.3191920611955711,8.007727183411053,9.284219891576411
18171,2021-04-04,1,2021-03-21,spatial,8.600115117529015,0.3108859795354382,8.00056220138446,9.24459783863093
18171,2021-04-11,2,2021-03-21,spatial,8.63488311154729,0.3316124773240856,7.998152013519138,9.322304230284082
18171,2021-04-18,3,2021-03-21,spatial,9.045114552072883,0.779681404773799,7.623978749228959,10.731154945623997
18173,2021-03-28,0,2021-03-21,spatial,34.89493569624002,3.3949223219420896,28.75104186948024,42.3517360787294
18173,2021-04-04,1,2021-03-21,spatial,35.114282294808056,3.530072077423169,28.78825621226047,42.83041015017609
18173,2021-04-11,2,2021-03-21,spatial,34.9462203204402,3.237896246195356,29.03717512927662,42.05775214867367
18173,2021-04-18,3,2021-03-21,spatial,34.993381665281824,3.0346901825266337,29.47189144154269,41.549310223300154
18175,2021-03-28,0,2021-03-21,spatial,29.08468385204905,2.4431045183668787,24.619785168307672,34.359310164191406
18175,2021-04-04,1,2021-03-21,spatial,29.073231542171907,2.163632588016893,25.07762547631897,33.70545561033755
18175,2021-04-11,2,2021-03-21,spatial,28.981078900488058,1.6554767677861522,25.85879825758774,32.480354495586894
18175,2021-04-18,3,2021-03-21,spatial,26.138801311249647,0.5889823522991878,24.989792415181647,27.340640635890626
18177,2021-03-28,0,2021-03-21,spatial,41.13358178549418,3.9917890584482922,33.926410839781425,49.87181103519404
18177,2021-04-04,1,2021-03-21,spatial,40.959270784751745,3.2580314885588817,34.97851823032742,47.96263387063762
18177,2021-04-11,2,2021-03-21,spatial,41.200576292180465,3.879665138311829,34.185383339034836,49.655359133255494
18177,2021-04-18,3,2021-03-21,spatial,40.97413463962232,3.971595886872939,33.813450866735394,49.65123838092273
18179,2021-03-28,0,2021-03-21,spatial,40.49493305441909,0.4049272328612405,39.69310162066722,41.312962104933106
18179,2021-04-04,1,2021-03-21,spatial,40.507203421449425,0.4011016171518175,39.71337350454126,41.316901190452974
18179,2021-04-11,2,2021-03-21,spatial,40.482703263625616,0.4024031782211013,39.6861945008347,41.295198094548844
18179,2021-04-18,3,2021-03-21,spatial,40.49689651903189,0.3964496592751877,39.71218510542905,41.29711380321333
18181,2021-03-28,0,2021-03-21,spatial,8.622789771466026,0.3454082299652235,7.960271847436843,9.340447772124788
18181,2021-04-04,1,2021-03-21,spatial,8.640609529026776,0.4351489971423205,7.813844428448838,9.554852763805213
18181,2021-04-11,2,2021-03-21,spatial,8.962349302297646,0.6690253392105677,7.724250200244353,10.398899949389794
18181,2021-04-18,3,2021-03-21,spatial,8.988220890327549,0.8736028682644695,7.418236527414553,10.890474370123286
18183,2021-03-28,0,2021-03-21,spatial,34.097925839974764,3.274726659560625,28.17871516920794,41.26052375372015
18183,2021-04-04,1,2021-03-21,spatial,33.87020338140605,3.207648786132957,28.094514007202648,40.83326292114191
18183,2021-04-11,2,2021-03-21,spatial,34.09678837120767,1.2045067716677134,31.773286155323024,36.59020258551861
18183,2021-04-18,3,2021-03-21,spatial,33.83995443086368,2.8957810209567425,28.546909312455,40.114413204910605
19001,2021-03-28,0,2021-03-21,spatial,2.0018473451960213,0.11208456363401492,1.7908795071333432,2.23766745752928
19001,2021-04-04,1,2021-03-21,spatial,1.9850307519601464,0.09923618431203103,1.7956443254818644,2.194391745798581
19001,2021-04-11,2,2021-03-21,spatial,1.9981559114709841,0.1452553575249776,1.7289922312133532,2.3092220858300423
19001,2021-04-18,3,2021-03-21,spatial,1.9988099398635173,0.13903184689499712,1.7389012164640565,2.297566496515117
19003,2021-03-28,0,2021-03-21,spatial,1.0001177401517392,0.07928626597140848,0.8535553646450461,1.1718460636495125
19003,2021-04-04,1,2021-03-21,spatial,1.0030669382133128,0.06072481866545984,0.8887801702886253,1.1320496520640109
19003,2021-04-11,2,2021-03-21,spatial,0.999608419136158,0.06639894561186797,0.8759599339579492,1.1407108394707202
19003,2021-04-18,3,2021-03-21,spatial,1.0011987397996478,0.06742459043196329,0.8750972823863676,1.1454714084391702
19005,2021-03-28,0,2021-03-21,spatial,9.02652643309199,0.6100136925381083,7.8925920387092505,10.323374000290187
19005,2021-04-04,1,2021-03-21,spatial,9.006365102194506,0.6834256478979843,7.74336103230854,10.475375229901196
19005,2021-04-11,2,2021-03-21,spatial,8.993779183293391,0.7150317044924225,7.675868192259425,10.537969382982817
19005,2021-04-18,3,2021-03-21,spatial,8.986455524924681,0.4603116260544906,8.113866967276834,9.952884762239664
19007,2021-03-28,0,2021-03-21,spatial,4.0073529659708145,0.2784540813562103,3.4904128174345077,4.600853433055674
19007,2021-04-04,1,2021-03-21,spatial,4.006463651844299,0.3213936885237943,3.4139341255960085,4.701833838327861
19007,2021-04-11,2,2021-03-21,spatial,3.977123851674393,0.23702976476048196,3.5300254905863575,4.480849833446947
19007,2021-04-18,3,2021-03-21,spatial,3.998765399056695,0.24267928251875856,3.5427355338817508,4.513496580190049
19009,2021-03-28,0,2021-03-21,spatial,1.999620635863529,0.10056604254872513,1.8085198394896345,2.2109144727434327
19009,2021-04-04,1,2021-03-21,spatial,2.002966459278556,0.12486150375463903,1.7687647677990164,2.2681787369538684
19009,2021-04-11,2,2021-03-21,spatial,1.9973113117190344,0.17417212224528378,1.6785956469680212,2.3765416544040447
19009,2021-04-18,3,2021-03-21,spatial,1.996699511893808,0.153787338548419,1.7117591194440336,2.3290712434421583
19011,2021-03-28,0,2021-03-21,spatial,17.955757803010485,1.127489198018436,15.841927303002686,20.35164232948237
19011,2021-04-04,1,2021-03-21,spatial,17.965889621004475,1.3137444307053825,15.535467908422165,20.776534815480712
19011,2021-04-11,2,2021-03-21,spatial,17.9878831593939,1.1000297242441797,15.933641222832026,20.306967882040514
19011,2021-04-18,3,2021-03-21,spatial,18.048210635799066,1.3360761869769116,15.569716671445162,20.921248217160766
19013,2021-03-28,0,2021-03-21,spatial,95.86255580745909,8.956933875449336,79.72221644181715,115.27062362403058
19013,2021-04-04,1,2021-03-21,spatial,96.13806312849249,6.157690036969545,84.59048555342432,109.26201831836936
19013,2021-04-11,2,2021-03-21,spatial,95.98598136515704,5.7255378490618165,85.19762613696226,108.1404381363997
19013,2021-04-18,3,2021-03-21,spatial,96.02148813581684,8.174292525299963,81.03711006854036,113.77659168766664
19015,2021-03-28,0,2021-03-21,spatial,20.973502831733246,1.2015521924075494,18.712054969646555,23.50825827234256
19015,2021-04-04,1,2021-03-21,spatial,20.8945719887238,1.5552577142519042,18.02585525195541,24.21982937783779
19015,2021-04-11,2,2021-03-21,spatial,21.00544275495973,1.3282709122090086,18.514000248176966,23.832160495694982
19015,2021-04-18,3,2021-03-21,spatial,20.972501952749127,1.324530524386644,18.48318077386172,23.79708576892137
19017,2021-03-28,0,2021-03-21,spatial,13.056948844181333,1.276608242156695,10.750275617680604,15.858562066927785
19017,2021-04-04,1,2021-03-21,spatial,12.988534966680625,1.006028942554173,11.138867472247405,15.145349471210425
19017,2021-04-11,2,2021-03-21,spatial,12.993733509474096,1.034445189060896,11.084680025955553,15.231572776109564
19017,2021-04-18,3,2021-03-21,spatial,12.962983365910578,0.924852421854104,11.249951084661179,14.936859412125633
19019,2021-03-28,0,2021-03-21,spatial,16.995530434349995,1.2093566995142495,14.743993511765735,19.59089676175017
19019,2021-04-04,1,2021-03-21,spatial,17.556227309692858,0.5930529904755519,16.41076040781117,18.781647509941017
19019,2021-04-11,2,2021-03-21,spatial,17.0061742457266,1.4120579784873597,14.422174903313618,20.053144856090068
19019,2021-04-18,3,2021-03-21,spatial,16.890635706793386,1.4792839711664747,14.187417077465255,20.108915740043532
19021,2021-03-28,0,2021-03-21,spatial,13.959168704367798,1.100273966617866,11.936241268653488,16.324937350984282
19021,2021-04-04,1,2021-03-21,spatial,13.968802777858038,1.2786820351165284,11.637951882688155,16.766476869263663
19021,2021-04-11,2,2021-03-21,spatial,14.000039571124328,1.2848490668558892,11.65425452712248,16.817987588730062
19021,2021-04-18,3,2021-03-21,spatial,15.401038671794671,0.7044127562126515,14.054042760482128,16.877136081943874
19023,2021-03-28,0,2021-03-21,spatial,3.9948442625583733,0.26599359724459143,3.4984945023014937,4.561613766034796
19023,2021-04-04,1,2021-03-21,spatial,3.987644938409694,0.2888093560842598,3.451770280340378,4.606712168938551
19023,2021-04-11,2,2021-03-21,spatial,4.016285151323122,0.3450068936140447,3.385051852947455,4.765228752018464
19023,2021-04-18,3,2021-03-21,spatial,3.989048191622405,0.32841213268206904,3.385630172074636,4.7000128975502244
19025,2021-03-28,0,2021-03-21,spatial,5.0025970470169865,0.3710690311268995,4.315549196533516,5.799024892341698
19025,2021-04-04,1,2021-03-21,spatial,5.000710707039059,0.3200179186128937,4.402479349744454,5.680232793584063
19025,2021-04-11,2,2021-03-21,spatial,4.840071634681405,0.22070373609003324,4.4182619472409135,5.3021513229827
19025,2021-04-18,3,2021-03-21,spatial,4.985078793677549,0.3712763876294326,4.29998889302697,5.779319713935305
19027,2021-03-28,0,2021-03-21,spatial,18.002150507949608,1.2269374586022357,15.704163673486258,20.636401253128728
19027,2021-04-04,1,2021-03-21,spatial,18.004847373510863,1.2375438755100998,15.70841639853304,20.63699616300563
19027,2021-04-11,2,2021-03-21,spatial,17.915881871439744,1.3854115828025713,15.355273155938521,20.903491587008823
19027,2021-04-18,3,2021-03-21,spatial,17.987573161646782,1.2947475358254186,15.58397273191767,20.761893890055656
19029,2021-03-28,0,2021-03-21,spatial,5.989511839367671,0.3506954704846785,5.330552886689229,6.7299308038957975
19029,2021-04-04,1,2021-03-21,spatial,6.016127330512828,0.5076578771384487,5.08725112797643,7.11460612940889
19029,2021-04-11,2,2021-03-21,spatial,6.013556667568992,0.4737904125940338,5.137300007269046,7.039274276934317
19029,2021-04-18,3,2021-03-21,spatial,6.00129322694929,0.43716587794830464,5.189481811486816,6.940099552157168
19031,2021-03-28,0,2021-03-21,spatial,15.001565100238716,1.0629844299144184,13.030396415770502,17.270921641672327
19031,2021-04-04,1,2021-03-21,spatial,15.042016384185429,1.1105921768595872,12.988796615566688,17.419801356419285
19031,2021-04-11,2,2021-03-21,spatial,15.05492948872233,1.1235614664583478,12.97322548457064,17.470666965587114
19031,2021-04-18,3,2021-03-21,spatial,14.986026232477768,0.991577045043967,13.138829369787171,17.09292174513944
19033,2021-03-28,0,2021-03-21,spatial,32.954121275429465,2.9013643222474617,27.657471440460572,39.265126292312615
19033,2021-04-04,1,2021-03-21,spatial,33.072306099722226,1.4829383245661267,30.245874469757656,36.16286352862351
19033,2021-04-11,2,2021-03-21,spatial,32.988548702625444,1.9031503326806416,29.388861428913827,37.02914276341568
19033,2021-04-18,3,2021-03-21,spatial,33.058932317248356,2.7255557335759915,28.086063365362342,38.912288694194096
19035,2021-03-28,0,2021-03-21,spatial,24.04415807357357,1.7463237254196726,20.79412746055448,27.802154168943314
19035,2021-04-04,1,2021-03-21,spatial,23.961252188547697,1.739666594164169,20.735166265967294,27.68926947962421
19035,2021-04-11,2,2021-03-21,spatial,24.051643670733565,1.9803075384383315,20.408771701948144,28.34475154664591
19035,2021-04-18,3,2021-03-21,spatial,23.94159352596473,2.588914053889591,19.350174704612066,29.622466427959203
19037,2021-03-28,0,2021-03-21,spatial,0.9981938101178164,0.06488559107427759,0.8764818137119849,1.1368072525517805
19037,2021-04-04,1,2021-03-21,spatial,0.9953541421886491,0.06508352450102248,0.8741961000527283,1.133303921525553
19037,2021-04-11,2,2021-03-21,spatial,1.0725810931141802,0.04031222620582962,0.9951413635919544,1.1560470134147989
19037,2021-04-18,3,2021-03-21,spatial,1.0005665765521687,0.06575790299931729,0.8775345105578225,1.1408479804138258
19039,2021-03-28,0,2021-03-21,spatial,4.996588040905406,0.3657133915352087,4.317442042441891,5.782565650006628
19039,2021-04-04,1,2021-03-21,spatial,5.003977964698036,0.3740539311392607,4.314064169481058,5.804224157888582
19039,2021-04-11,2,2021-03-21,spatial,5.001337991451504,0.2425459663721517,4.539612597633417,5.5100256171145725
19039,2021-04-18,3,2021-03-21,spatial,5.020904697214639,0.3126162335940696,4.434537966681739,5.684805084074112
19041,2021-03-28,0,2021-03-21,spatial,63.78090491734211,4.871227555831684,54.77734692705192,74.26434576125925
19041,2021-04-04,1,2021-03-21,spatial,64.07340028467965,4.9410066925818255,54.924909287932884,74.74569693905259
19041,2021-04-11,2,2021-03-21,spatial,64.058783197187,5.147013209275172,54.599897744746784,75.15632582112337
19041,2021-04-18,3,2021-03-21,spatial,48.23964038384102,1.7662754054318002,44.83682826289073,51.900702938176
19043,2021-03-28,0,2021-03-21,spatial,6.000467592628567,0.5201707611364579,5.047911300837572,7.132774168240927
19043,2021-04-04,1,2021-03-21,spatial,5.995767670830627,0.5354690196210845,5.0180863005588,7.163932186374417
19043,2021-04-11,2,2021-03-21,spatial,6.009079805844985,0.5511487972620283,5.006919727703426,7.2118272464448925
19043,2021-04-18,3,2021-03-21,spatial,6.023514330852659,0.4805247520873751,5.139260523749405,7.05991158189367
19045,2021-03-28,0,2021-03-21,spatial,72.93123508062378,4.649040533454111,64.22892734165015,82.81260906152566
19045,2021-04-04,1,2021-03-21,spatial,72.87931813406131,5.933979099317013,61.95413780570138,85.73107785541538
19045,2021-04-11,2,2021-03-21,spatial,72.87478107472478,4.451341317347119,64.51292116966626,82.32046573619043
19045,2021-04-18,3,2021-03-21,spatial,73.08350292197294,4.6702187758062585,64.34671547100413,83.0065429175305
19047,2021-03-28,0,2021-03-21,spatial,12.004420205641464,0.6773636873802559,10.727850773543436,13.43289606796184
19047,2021-04-04,1,2021-03-21,spatial,11.928021288399105,0.8949533179185574,10.268411235494245,13.855862274457696
19047,2021-04-11,2,2021-03-21,spatial,11.941644917486473,1.143867431878599,9.873761546677883,14.44260960335938
19047,2021-04-18,3,2021-03-21,spatial,11.984762447923856,0.8885526965957969,10.335434859842527,13.89728955587982
19049,2021-03-28,0,2021-03-21,spatial,154.49238504812314,8.580727147714025,138.2822460556592,172.60275790032088
19049,2021-04-04,1,2021-03-21,spatial,155.2037473543203,8.854210651127483,138.47692103325278,173.95103106776423
19049,2021-04-11,2,2021-03-21,spatial,149.9002182858456,3.182394684549968,143.67685100730654,156.39315091198281
19049,2021-04-18,3,2021-03-21,spatial,155.05994214140702,12.994406377831659,131.25325685455365,183.18467848413115
19051,2021-03-28,0,2021-03-21,spatial,6.986895125225344,0.5631885138417897,5.945237096419464,8.211060837304144
19051,2021-04-04,1,2021-03-21,spatial,6.994614447195167,0.5439447327027848,5.990935292069229,8.166442947510639
19051,2021-04-11,2,2021-03-21,spatial,7.0083889325101065,0.5057728041157911,6.068413527441501,8.093963143286071
19051,2021-04-18,3,2021-03-21,spatial,6.9821037794116565,0.5817803031109988,5.9154374166644965,8.2411104627936
19053,2021-03-28,0,2021-03-21,spatial,3.0051328909712733,0.19412015439506647,2.6436447167352006,3.416050437953735
19053,2021-04-04,1,2021-03-21,spatial,3.001605706037921,0.2274321381986875,2.58101141455746,3.4907388490043543
19053,2021-04-11,2,2021-03-21,spatial,2.9980095971280045,0.2174861179655579,2.596365188051672,3.4617863410872167
19053,2021-04-18,3,2021-03-21,spatial,2.9937618359620237,0.19912292937706896,2.622738878240655,3.4172711606253623
19055,2021-03-28,0,2021-03-21,spatial,36.072270095566466,3.5111492897100174,29.745450224730764,43.744796599705104
19055,2021-04-04,1,2021-03-21,spatial,36.14868690841703,2.906829138688336,30.78640021255041,42.44496128748622
19055,2021-04-11,2,2021-03-21,spatial,35.940538707571186,2.4369811351734945,31.410848113501572,41.12344620313488
19055,2021-04-18,3,2021-03-21,spatial,36.047529054744814,2.6458507968188005,31.13830887938655,41.73072969331631
19057,2021-03-28,0,2021-03-21,spatial,17.014244346233607,0.9148536664438222,15.276491337430194,18.949672688521886
19057,2021-04-04,1,2021-03-21,spatial,17.102899873417726,1.3586217798648508,14.605365437405824,20.027515595810172
19057,2021-04-11,2,2021-03-21,spatial,16.95222803572785,1.41165381644555,14.373363179398945,19.993792113122865
19057,2021-04-18,3,2021-03-21,spatial,17.027344990357072,1.2086097382408911,14.784291497081295,19.61071164471263
19059,2021-03-28,0,2021-03-21,spatial,81.77023173070256,5.262320233604608,71.92605118257822,92.96173899940659
19059,2021-04-04,1,2021-03-21,spatial,82.0516307985154,4.702388443090363,73.20372003119402,91.96896160232019
19059,2021-04-11,2,2021-03-21,spatial,81.91214698489647,6.7123231233437135,69.58018780273835,96.42974581639784
19059,2021-04-18,3,2021-03-21,spatial,81.79430804883242,6.121111162579372,70.46943116154286,94.93916325009843
19061,2021-03-28,0,2021-03-21,spatial,111.58644887196114,7.422114100142077,97.65359288306688,127.50719358339032
19061,2021-04-04,1,2021-03-21,spatial,112.53568422572613,9.071800831428614,95.81290251616623,132.17719003988572
19061,2021-04-11,2,2021-03-21,spatial,111.78737641659932,6.219013915714006,100.04731271887077,124.90507927205336
19061,2021-04-18,3,2021-03-21,spatial,111.94603651125463,7.883376810884773,97.28203685142759,128.82044307643682
19063,2021-03-28,0,2021-03-21,spatial,36.09565275460016,2.8450543887532995,30.834701179939266,42.25421677276785
19063,2021-04-04,1,2021-03-21,spatial,36.050030666673095,2.506019710977697,31.384918015546866,41.408574348491115
19063,2021-04-11,2,2021-03-21,spatial,35.935593052536525,2.5858232344991277,31.13521321080148,41.476088160832255
19063,2021-04-18,3,2021-03-21,spatial,35.952330994541896,2.0754507181201265,32.04261812797621,40.33909148056048
19065,2021-03-28,0,2021-03-21,spatial,9.006063926446537,0.6817542825906717,7.752170937946556,10.462770764021146
19065,2021-04-04,1,2021-03-21,spatial,9.016087844206968,0.6230586066122409,7.857348046524228,10.345709459875073
19065,2021-04-11,2,2021-03-21,spatial,8.992787660291143,0.53010954109819,7.991975335113836,10.118928864528677
19065,2021-04-18,3,2021-03-21,spatial,9.002994846388642,0.5095522336566202,8.039702528416393,10.081705873770174
19067,2021-03-28,0,2021-03-21,spatial,8.996630923331388,0.5189352673272616,8.016666121412406,10.096387543751463
19067,2021-04-04,1,2021-03-21,spatial,8.979140369551613,0.6272244329602155,7.816751228787953,10.314382460987316
19067,2021-04-11,2,2021-03-21,spatial,9.007219550523974,0.776027805144115,7.580346774201112,10.702677126521241
19067,2021-04-18,3,2021-03-21,spatial,8.99791279169396,0.7747899247723755,7.579290606941132,10.682059681520087
19069,2021-03-28,0,2021-03-21,spatial,6.000147602720559,0.4070237757875891,5.2429837590759805,6.866657023705562
19069,2021-04-04,1,2021-03-21,spatial,6.002638850984767,0.4878372971945318,5.1033548676306415,7.060389510416376
19069,2021-04-11,2,2021-03-21,spatial,5.987799459693324,0.32033668979550844,5.380180831434814,6.664040390616761
19069,2021-04-18,3,2021-03-21,spatial,5.9959910842342286,0.3211337373222333,5.388062921896674,6.672510993906653
19071,2021-03-28,0,2021-03-21,spatial,12.00148089709217,0.6283130445720386,10.811752123207985,13.322127818125665
19071,2021-04-04,1,2021-03-21,spatial,12.01008720960616,0.7296258811413129,10.641863183041751,13.554223757753382
19071,2021-04-11,2,2021-03-21,spatial,11.98438082186452,1.238515948366084,9.766086938179297,14.706543633355201
19071,2021-04-18,3,2021-03-21,spatial,11.998002960636141,0.9009994313966352,10.333141777821057,13.931104221603807
19073,2021-03-28,0,2021-03-21,spatial,5.996518043959734,0.2786944701795526,5.467012325698311,6.577308868046434
19073,2021-04-04,1,2021-03-21,spatial,5.993954052060777,0.4173523116109383,5.2177794208307,6.885589113787406
19073,2021-04-11,2,2021-03-21,spatial,6.017157927381296,0.3488531162489275,5.35904447862024,6.7560905059644805
19073,2021-04-18,3,2021-03-21,spatial,6.000468102469449,0.4411048670207476,5.1838844756631355,6.945682840308162
19075,2021-03-28,0,2021-03-21,spatial,4.9922179278634085,0.3218423289529021,4.389366202753982,5.6778675298597925
19075,2021-04-04,1,2021-03-21,spatial,4.996479113792958,0.3477387203862609,4.350667613504556,5.7381546356421325
19075,2021-04-11,2,2021-03-21,spatial,4.995261652813691,0.36155006501812864,4.32401831750861,5.7707061228288365
19075,2021-04-18,3,2021-03-21,spatial,4.9947140397396295,0.32908136134589044,4.380257845392147,5.695365254585546
19077,2021-03-28,0,2021-03-21,spatial,26.07298036135489,1.7833874647262673,22.748423632286592,29.8834027320805
19077,2021-04-04,1,2021-03-21,spatial,26.01824538459093,1.8683337658302095,22.560309666318478,30.00619685213991
19077,2021-04-11,2,2021-03-21,spatial,25.968410987437984,2.455134438517727,21.514720422280234,31.34404519215304
19077,2021-04-18,3,2021-03-21,spatial,26.079819701079103,1.5829557291861118,23.110549668560797,29.43058496640033
19079,2021-03-28,0,2021-03-21,spatial,5.9818389323314225,0.3751231736060881,5.279289052975543,6.777881766520827
19079,2021-04-04,1,2021-03-21,spatial,5.986712025431116,0.3321826585913956,5.35962127567227,6.687174155033174
19079,2021-04-11,2,2021-03-21,spatial,6.0054536175145055,0.6569197964837101,4.834350326241717,7.460252302434148
19079,2021-04-18,3,2021-03-21,spatial,6.017770300264491,0.5485862950428322,5.015456971820283,7.220390801917741
19081,2021-03-28,0,2021-03-21,spatial,8.967515232684176,0.6251825936120345,7.8042859457302045,10.304123914426688
19081,2021-04-04,1,2021-03-21,spatial,8.979373003625758,0.5128177855909796,8.01548107443118,10.059176584602556
19081,2021-04-11,2,2021-03-21,spatial,8.992871055426564,0.7259007850012896,7.655202032658253,10.564284191915224
19081,2021-04-18,3,2021-03-21,spatial,9.011876228343974,0.6428266679371009,7.813055995388553,10.394641124154942
19083,2021-03-28,0,2021-03-21,spatial,13.9569182560058,0.9316695386673818,12.219297540080685,15.941633843179314
19083,2021-04-04,1,2021-03-21,spatial,13.991548351172268,0.8406097847685423,12.409837800925693,15.77485768980709
19083,2021-04-11,2,2021-03-21,spatial,14.003530119508744,1.270841879853421,11.69364678412656,16.769692075373893
19083,2021-04-18,3,2021-03-21,spatial,13.96447281120192,1.1178077215387472,11.907358879942947,16.376973505289367
19085,2021-03-28,0,2021-03-21,spatial,8.99290831596333,0.61136742665124,7.854807069450895,10.295911696399688
19085,2021-04-04,1,2021-03-21,spatial,9.014271170640454,0.6444766641290591,7.816903076382568,10.39504826193175
19085,2021-04-11,2,2021-03-21,spatial,8.975992829909616,0.6664834582275251,7.742483548160353,10.406021114727745
19085,2021-04-18,3,2021-03-21,spatial,9.00395262389642,0.6166840137346749,7.853397246971903,10.323069151331989
19087,2021-03-28,0,2021-03-21,spatial,15.044660744948294,1.1512814647149054,12.923596327634682,17.513841441069992
19087,2021-04-04,1,2021-03-21,spatial,15.014451737676954,1.1140782772761313,12.95661230141079,17.399128393961753
19087,2021-04-11,2,2021-03-21,spatial,15.050799827627303,1.1012569632746405,13.007676111397686,17.414838247149866
19087,2021-04-18,3,2021-03-21,spatial,14.995439001268394,1.0910795422868649,12.972974038011467,17.333202870976294
19089,2021-03-28,0,2021-03-21,spatial,4.973168276952328,0.3921332017000584,4.25127655578252,5.817641451070586
19089,2021-04-04,1,2021-03-21,spatial,4.998883048222411,0.2977015583234296,4.4377562838192635,5.630960812543599
19089,2021-04-11,2,2021-03-21,spatial,4.9987465742865655,0.4129870745154139,4.2424551858257535,5.889860050243077
19089,2021-04-18,3,2021-03-21,spatial,4.999589586603201,0.3469454627725277,4.351431361963214,5.744292844181252
19091,2021-03-28,0,2021-03-21,spatial,14.014612421281605,1.070999652589813,12.029780288132972,16.326928390578562
19091,2021-04-04,1,2021-03-21,spatial,14.072778732259662,1.001685928669759,12.206162752538875,16.22484520829013
19091,2021-04-11,2,2021-03-21,spatial,13.987466342200296,1.0400248362577644,12.068037151700564,16.212181999010188
19091,2021-04-18,3,2021-03-21,spatial,14.00884931602381,1.0469270015569834,12.060380269114873,16.272112054511823
19093,2021-03-28,0,2021-03-21,spatial,9.021007778055633,0.5663739690888658,7.9578437466529826,10.226210003930717
19093,2021-04-04,1,2021-03-21,spatial,9.013067567582773,0.7015629079430145,7.7186028921695575,10.524623187989745
19093,2021-04-11,2,2021-03-21,spatial,9.004814301288699,0.5549006341735226,7.961355466225836,10.185034564112163
19093,2021-04-18,3,2021-03-21,spatial,9.012574821001756,0.6841188758570853,7.7502896469623135,10.480447648300622
19095,2021-03-28,0,2021-03-21,spatial,6.989942387532146,0.4543364411926555,6.14026232089709,7.957199876418353
19095,2021-04-04,1,2021-03-21,spatial,7.0345157156649565,0.5446464001779217,6.026892403037519,8.210601425205034
19095,2021-04-11,2,2021-03-21,spatial,6.9861886503287405,0.3933108526594393,6.241776737023996,7.81938122978308
19095,2021-04-18,3,2021-03-21,spatial,7.010995316365026,0.4753007644464105,6.123247796243431,8.027448334893126
19097,2021-03-28,0,2021-03-21,spatial,14.012176341217167,1.042305857803181,12.077198382668533,16.25717153898265
19097,2021-04-04,1,2021-03-21,spatial,14.032567199519846,1.0646210140061283,12.061382223883891,16.32590183727983
19097,2021-04-11,2,2021-03-21,spatial,14.005633587291856,1.5462099425325324,11.259257135840855,17.421910683348866
19097,2021-04-18,3,2021-03-21,spatial,14.004518107152714,0.964307395425982,12.207146234222845,16.066533786883436
19099,2021-03-28,0,2021-03-21,spatial,75.81984168893138,5.212367020100058,66.1178871271348,86.94543403482973
19099,2021-04-04,1,2021-03-21,spatial,76.11959500551134,4.723742171897642,67.24249800076204,86.16861235192958
19099,2021-04-11,2,2021-03-21,spatial,76.21814204260433,5.048109594907638,66.80424685609259,86.9586208933782
19099,2021-04-18,3,2021-03-21,spatial,76.03776253745954,4.860027461542242,66.92470525515742,86.39173395922467
19101,2021-03-28,0,2021-03-21,spatial,5.996481556438589,0.3493215176147389,5.3375444198439785,6.7367666155664985
19101,2021-04-04,1,2021-03-21,spatial,6.007868476294232,0.4035012922790318,5.255202366855209,6.868333721285301
19101,2021-04-11,2,2021-03-21,spatial,5.9976861511091935,0.4232214555206566,5.211797447872262,6.90207927821386
19101,2021-04-18,3,2021-03-21,spatial,6.0172976378192375,0.54709339203534,5.02204524822159,7.209785868601426
19103,2021-03-28,0,2021-03-21,spatial,154.694440300721,13.163138932173656,130.5850676092328,183.25502523430458
19103,2021-04-04,1,2021-03-21,spatial,153.40289519899974,9.684606182519227,135.22971846381105,174.01831877460313
19103,2021-04-11,2,2021-03-21,spatial,153.51719886377919,11.49802257901294,132.24976397193635,178.20470630089142
19103,2021-04-18,3,2021-03-21,spatial,154.01309203008145,15.6253102428151,125.80026091423638,188.553126553826
19105,2021-03-28,0,2021-03-21,spatial,11.985989598213804,0.8024429182268566,10.493012694227577,13.691391675102231
19105,2021-04-04,1,2021-03-21,spatial,12.027101474971616,0.7359828191780965,10.646251762223695,13.587051397989
19105,2021-04-11,2,2021-03-21,spatial,12.00677167717628,1.0760039496064278,10.043107417672184,14.35437859144763
19105,2021-04-18,3,2021-03-21,spatial,11.95562815307493,0.8960492698556014,10.303178742499446,13.873101506528144
19107,2021-03-28,0,2021-03-21,spatial,4.004586359178052,0.2583803806354776,3.5220361012638235,4.553250292454535
19107,2021-04-04,1,2021-03-21,spatial,3.9951896072613953,0.1870422724981072,3.638481277650599,4.3868688004562095
19107,2021-04-11,2,2021-03-21,spatial,3.9875171183130425,0.2519762117465725,3.515438810301226,4.522989483488437
19107,2021-04-18,3,2021-03-21,spatial,4.004319422470413,0.288821821785163,3.4697098113601736,4.621301177601368
19109,2021-03-28,0,2021-03-21,spatial,29.00402982407672,2.439959712663207,24.52757417326469,34.2974702713522
19109,2021-04-04,1,2021-03-21,spatial,28.915503190139923,1.979447194443415,25.230845366090477,33.138260435090075
19109,2021-04-11,2,2021-03-21,spatial,29.00482297682271,2.3708949593339086,24.65131678760661,34.12717313096126
19109,2021-04-18,3,2021-03-21,spatial,28.968149985870237,2.3463024186526638,24.65184880608573,34.04019391019121
19111,2021-03-28,0,2021-03-21,spatial,8.00757463470436,0.4644661609115251,7.1319908561298755,8.990652515384129
19111,2021-04-04,1,2021-03-21,spatial,7.979889069453469,0.5402064403842509,6.972648810505655,9.132631126472145
19111,2021-04-11,2,2021-03-21,spatial,8.024317030760372,0.5708262098294558,6.9689034478301775,9.239568935368046
19111,2021-04-18,3,2021-03-21,spatial,7.976821825743222,0.6590855307271352,6.768778060051329,9.400468721997203
19113,2021-03-28,0,2021-03-21,spatial,117.49230813775898,10.398391076796573,98.61636337611648,139.98125664894832
19113,2021-04-04,1,2021-03-21,spatial,117.06603843768632,10.592836280453957,97.86175341653828,140.03895165420005
19113,2021-04-11,2,2021-03-21,spatial,116.7266545045824,10.303066463710607,98.06649638575716,138.93747991399653
19113,2021-04-18,3,2021-03-21,spatial,127.85936200611873,7.869958605499925,113.03781437190932,144.62431482286615
19115,2021-03-28,0,2021-03-21,spatial,6.010325879639161,0.39236805261057056,5.275986566036635,6.846874366967338
19115,2021-04-04,1,2021-03-21,spatial,6.004397179824796,0.32503575191264183,5.390318012426167,6.688433856773638
19115,2021-04-11,2,2021-03-21,spatial,6.007216230335902,0.3852684355970292,5.284236149652503,6.8291131993380345
19115,2021-04-18,3,2021-03-21,spatial,6.014643419934523,0.3884769502595684,5.289064882644012,6.839760198002574
19117,2021-03-28,0,2021-03-21,spatial,1.9984402774357382,0.17562695315625101,1.6788641705509626,2.378848517070188
19117,2021-04-04,1,2021-03-21,spatial,1.9946711101011558,0.1711953024819114,1.6825984704802994,2.364624066451487
19117,2021-04-11,2,2021-03-21,spatial,1.994112737254948,0.12154935969417212,1.7657721011983387,2.2519812189714536
19117,2021-04-18,3,2021-03-21,spatial,2.0042044007655244,0.1867384631610382,1.6665562891465011,2.410260791194188
19119,2021-03-28,0,2021-03-21,spatial,15.846027133307585,0.7051170916193582,14.49838332659451,17.31893620504098
19119,2021-04-04,1,2021-03-21,spatial,14.969925965569734,1.1309976807591569,12.872404226877636,17.409232919109233
19119,2021-04-11,2,2021-03-21,spatial,15.016786647616684,1.2011463870969483,12.806812192084005,17.608119634909976
19119,2021-04-18,3,2021-03-21,spatial,15.746525084162394,0.3915278521328725,14.983081304352867,16.548869167126554
19121,2021-03-28,0,2021-03-21,spatial,18.019415392257628,1.33813060870952,15.539505279386635,20.89508805080489
19121,2021-04-04,1,2021-03-21,spatial,18.005712654531873,1.3773576597902346,15.455754911983762,20.976373528425537
19121,2021-04-11,2,2021-03-21,spatial,17.98867643533188,1.4600345566230557,15.305232098490446,21.142605209298356
19121,2021-04-18,3,2021-03-21,spatial,17.972156989243782,1.4182577988928686,15.352479709906001,21.038844079214996
19123,2021-03-28,0,2021-03-21,spatial,15.045062076897073,0.9978600892884656,13.185271113025012,17.167177751398963
19123,2021-04-04,1,2021-03-21,spatial,15.035117764493036,0.9223296660067876,13.302683610209932,16.99317016144584
19123,2021-04-11,2,2021-03-21,spatial,14.980782470160605,0.9755906153962479,13.156913604228833,17.05748400948213
19123,2021-04-18,3,2021-03-21,spatial,15.016114176788372,0.9130088434581944,13.307053469408837,16.944674152599006
19125,2021-03-28,0,2021-03-21,spatial,25.030820336825762,1.6209783529758348,21.987083559251506,28.495910567039257
19125,2021-04-04,1,2021-03-21,spatial,24.94117554669446,2.0606998188491046,21.15688951414169,29.40234845180009
19125,2021-04-11,2,2021-03-21,spatial,24.957023589925967,1.5263049747797819,22.085404519117688,28.20202029484964
19125,2021-04-18,3,2021-03-21,spatial,25.098275919474982,2.1869466698536386,21.097247483194586,29.858087157193154
19127,2021-03-28,0,2021-03-21,spatial,18.029501753054475,1.4417307011946132,15.372078553697634,21.14632268680432
19127,2021-04-04,1,2021-03-21,spatial,17.984527464918038,1.1841547091310234,15.757176939796105,20.52672438547718
19127,2021-04-11,2,2021-03-21,spatial,17.89610669843828,1.4669581407162728,15.211106611650267,21.05505162369913
19127,2021-04-18,3,2021-03-21,spatial,18.01825683444648,1.4036275977454522,15.429944563120124,21.040748268665688
19129,2021-03-28,0,2021-03-21,spatial,18.034026288590788,1.3801013831938311,15.49493331246845,20.989190312673443
19129,2021-04-04,1,2021-03-21,spatial,18.015720551250727,1.1414227953460718,15.885141890174465,20.432060929938167
19129,2021-04-11,2,2021-03-21,spatial,17.948747806644242,1.5630259042890022,15.102772571347874,21.331020268271512
19129,2021-04-18,3,2021-03-21,spatial,17.945070526630854,1.5033439582106758,15.195313824890759,21.1924255014898
19131,2021-03-28,0,2021-03-21,spatial,12.017775590224314,0.7054096928982782,10.684961345240248,13.516841612284189
19131,2021-04-04,1,2021-03-21,spatial,12.007304845929275,0.8508348663021199,10.424467017851578,13.830478758883373
19131,2021-04-11,2,2021-03-21,spatial,11.951469439557572,0.7999680290211851,10.454069390552311,13.66335122031672
19131,2021-04-18,3,2021-03-21,spatial,11.920347814757257,1.006288878283904,10.08359982754941,14.091663141626372
19133,2021-03-28,0,2021-03-21,spatial,7.970959854222189,0.5137871858542787,7.010331441802068,9.063223547286274
19133,2021-04-04,1,2021-03-21,spatial,7.965646292150158,0.434728472530765,7.142223716970219,8.884000749077929
19133,2021-04-11,2,2021-03-21,spatial,7.999711842311768,0.7023243535292379,6.718823896107567,9.524790432012631
19133,2021-04-18,3,2021-03-21,spatial,7.99149703354587,0.5562734639466974,6.953820163876939,9.18402019783706
19135,2021-03-28,0,2021-03-21,spatial,0.9992741440980034,0.07584179308512988,0.8592029258631645,1.1621804174603392
19135,2021-04-04,1,2021-03-21,spatial,1.0022787113157092,0.06332913806820442,0.8832764817033649,1.1373138943079502
19135,2021-04-11,2,2021-03-21,spatial,1.0016111162046368,0.06411536994239958,0.8813663855613004,1.1382608238068803
19135,2021-04-18,3,2021-03-21,spatial,1.0014976109519431,0.07690782161554334,0.8589803126106844,1.1676605971259764
19137,2021-03-28,0,2021-03-21,spatial,6.011096058608631,0.6414830093522811,4.86345345280496,7.429551074449088
19137,2021-04-04,1,2021-03-21,spatial,6.001135802828799,0.4694835908870569,5.136105203270354,7.011856163121887
19137,2021-04-11,2,2021-03-21,spatial,5.98595421039227,0.3704141639261306,5.2915063207913455,6.771540207393029
19137,2021-04-18,3,2021-03-21,spatial,5.991208236046416,0.4984050841887183,5.08131015531747,7.064039594219135
19139,2021-03-28,0,2021-03-21,spatial,71.77505229981705,4.561129079993153,63.20517978804714,81.50689785104784
19139,2021-04-04,1,2021-03-21,spatial,71.84152654150178,4.963964725030124,62.58644200035091,82.46522363077241
19139,2021-04-11,2,2021-03-21,spatial,71.83257143641933,5.485479309399363,61.73244555162841,83.58519208270981
19139,2021-04-18,3,2021-03-21,spatial,72.09635918998805,4.931357293215269,62.8932752865805,82.64611732759994
19141,2021-03-28,0,2021-03-21,spatial,30.012825444755826,1.6925454382329643,26.81464314037498,33.59245493075716
19141,2021-04-04,1,2021-03-21,spatial,30.066236132503864,2.3932691987410686,25.677369308055237,35.205263605095794
19141,2021-04-11,2,2021-03-21,spatial,32.33166976406692,1.0140861874358984,30.367466749214124,34.422919710934764
19141,2021-04-18,3,2021-03-21,spatial,29.92616874041133,2.6551814528289728,25.08730730019928,35.698353943009984
19143,2021-03-28,0,2021-03-21,spatial,18.992548547246585,1.5967441478571622,16.073540921281854,22.44165750944885
19143,2021-04-04,1,2021-03-21,spatial,19.102477629788197,1.6021293186048546,16.154051805758222,22.589047997635237
19143,2021-04-11,2,2021-03-21,spatial,18.982127471043167,1.1399431218085685,16.840314267946262,21.3963443670861
19143,2021-04-18,3,2021-03-21,spatial,18.966134765912212,1.3927953719789596,16.381564405265642,21.958480830018786
19145,2021-03-28,0,2021-03-21,spatial,19.025712516612643,1.1419722392647296,16.885851061867516,21.436748164990462
19145,2021-04-04,1,2021-03-21,spatial,19.035589972323415,1.0947396970015169,16.969282380666876,21.35350673445389
19145,2021-04-11,2,2021-03-21,spatial,18.967752296081112,0.9463560983436564,17.166676550208162,20.957791457958574
19145,2021-04-18,3,2021-03-21,spatial,18.990975354368864,1.1065934900943173,16.905178684635825,21.334122024869615
19147,2021-03-28,0,2021-03-21,spatial,20.04568077987932,1.3209184646635768,17.574980619127174,22.863713288622627
19147,2021-04-04,1,2021-03-21,spatial,20.01779110637459,1.3392567974231415,17.52314735434944,22.86757924677205
19147,2021-04-11,2,2021-03-21,spatial,19.96732962471179,1.5093014837106686,17.176245834460044,23.211955405412745
19147,2021-04-18,3,2021-03-21,spatial,19.944545600415452,1.2372035138392934,17.623427786244267,22.571369431180536
19149,2021-03-28,0,2021-03-21,spatial,48.15360780425814,2.8718067083951806,42.761421309685566,54.22574539263742
19149,2021-04-04,1,2021-03-21,spatial,48.033054469192116,3.4555129080892013,41.62538635876585,55.42709686235772
19149,2021-04-11,2,2021-03-21,spatial,47.74750160546694,3.5900668726915406,41.11998010928777,55.44321528134993
19149,2021-04-18,3,2021-03-21,spatial,47.95366638327596,3.604222824372593,41.25345674510717,55.74209535474304
19151,2021-03-28,0,2021-03-21,spatial,4.015336767281914,0.2718326635877708,3.5098252495828035,4.593655868366217
19151,2021-04-04,1,2021-03-21,spatial,4.004168265325425,0.2679361643159208,3.5034634389992965,4.576432372195348
19151,2021-04-11,2,2021-03-21,spatial,3.9442726122322487,0.15591999988900046,3.645336295477034,4.2677232437808765
19151,2021-04-18,3,2021-03-21,spatial,4.001199506227281,0.29978611226798496,3.4476240026940594,4.643661105771146
19153,2021-03-28,0,2021-03-21,spatial,802.3059579491635,55.8519785851729,698.2479621802532,921.8714339685457
19153,2021-04-04,1,2021-03-21,spatial,802.5463703679789,50.515337569098094,708.0600938792517,909.6412609021496
19153,2021-04-11,2,2021-03-21,spatial,801.9332405528937,46.05701551351397,715.2703285583274,899.0963229243238
19153,2021-04-18,3,2021-03-21,spatial,798.5712430091282,66.5997816577963,676.2805160801503,942.9756070121124
19155,2021-03-28,0,2021-03-21,spatial,150.00064032964883,10.681355062736733,130.13720734347007,172.8959193040012
19155,2021-04-04,1,2021-03-21,spatial,149.95293253082173,10.08033168791516,131.1446872103549,171.45858099860362
19155,2021-04-11,2,2021-03-21,spatial,149.8663764290177,10.85354738750862,129.71654640466298,173.14622849962532
19155,2021-04-18,3,2021-03-21,spatial,150.05361594629832,12.297084397740404,127.41920381192922,176.7087455027026
19157,2021-03-28,0,2021-03-21,spatial,0.9986337976441024,0.05799474816919267,0.8892238227429782,1.1215055605694604
19157,2021-04-04,1,2021-03-21,spatial,0.9972541332423828,0.061263885104750074,0.8821099520333817,1.127428393678729
19157,2021-04-11,2,2021-03-21,spatial,0.9991239144247082,0.07398814904042067,0.8618036726383249,1.1583248343782455
19157,2021-04-18,3,2021-03-21,spatial,0.9998231701232584,0.06431402285678445,0.8791131916329642,1.1371076910567868
19159,2021-03-28,0,2021-03-21,spatial,9.994230002960327,0.6131988525764668,8.845985732596459,11.291520964589488
19159,2021-04-04,1,2021-03-21,spatial,10.032993743609232,0.5522329114220145,8.987368245204703,11.200271393465004
19159,2021-04-11,2,2021-03-21,spatial,10.015945775292606,0.6909562822447739,8.727430705818398,11.494696796242804
19159,2021-04-18,3,2021-03-21,spatial,7.2401035187907015,0.17630221368898766,6.895853305137228,7.601539163217793
19161,2021-03-28,0,2021-03-21,spatial,14.986897167702676,1.0212595756124498,13.086555843623502,17.163193234279095
19161,2021-04-04,1,2021-03-21,spatial,14.977410861397832,1.2441152056417857,12.700048781688347,17.663147596295786
19161,2021-04-11,2,2021-03-21,spatial,14.983093218028634,0.8941209621879055,13.300748824324007,16.87822883848385
19161,2021-04-18,3,2021-03-21,spatial,15.023035205436974,0.998440241663884,13.163603361618462,17.14512209034305
19163,2021-03-28,0,2021-03-21,spatial,398.66629648200944,27.05113085589998,348.2121817432524,456.4309472316766
19163,2021-04-04,1,2021-03-21,spatial,397.8774768960503,33.080214836539696,336.9390086645983,469.8372184585826
19163,2021-04-11,2,2021-03-21,spatial,398.2158900080747,27.525977931916643,347.0695384913488,456.89948978013166
19163,2021-04-18,3,2021-03-21,spatial,397.4643304150895,32.877691383171914,337.06913382299786,468.6809858872243
19165,2021-03-28,0,2021-03-21,spatial,27.04824187509109,1.7812802544005475,23.71801560373141,30.846062366968514
19165,2021-04-04,1,2021-03-21,spatial,27.009532862422013,1.9221066804685965,23.437026824255646,31.126596001983447
19165,2021-04-11,2,2021-03-21,spatial,27.076361405486374,1.5666741253401657,24.11992187951569,30.395179164453946
19165,2021-04-18,3,2021-03-21,spatial,27.035885540942306,1.10480623983446,24.91715914524529,29.334768972746698
19167,2021-03-28,0,2021-03-21,spatial,46.9586847117873,3.063692592220601,41.243015679894576,53.4664605269399
19167,2021-04-04,1,2021-03-21,spatial,47.11342495693433,3.2445928318784394,41.059643738312566,54.05976791516858
19167,2021-04-11,2,2021-03-21,spatial,46.829671618195846,3.714326184011401,39.98726803479917,54.84291004725725
19167,2021-04-18,3,2021-03-21,spatial,46.98329620678371,4.173916397245187,39.35908839068141,56.08438133889819
19169,2021-03-28,0,2021-03-21,spatial,136.87544408683686,8.301729007940782,121.28699538134451,154.4674029978524
19169,2021-04-04,1,2021-03-21,spatial,137.7377055916977,11.948798318687151,115.95355019929592,163.61444310292782
19169,2021-04-11,2,2021-03-21,spatial,137.44771044518782,8.65663905201396,121.22028225599304,155.8474601364839
19169,2021-04-18,3,2021-03-21,spatial,137.5130425039231,10.066560784854703,118.8683083881238,159.08224080166218
19171,2021-03-28,0,2021-03-21,spatial,5.024269801882058,0.4083305285347087,4.275176431635485,5.904618779077394
19171,2021-04-04,1,2021-03-21,spatial,5.012387938478247,0.23961029500146436,4.556159254932878,5.5143008485932175
19171,2021-04-11,2,2021-03-21,spatial,5.003257495561941,0.2396665236821019,4.54699688750523,5.505300792196323
19171,2021-04-18,3,2021-03-21,spatial,5.014642222308389,0.3600727754469899,4.348081055084865,5.78338726881604
19173,2021-03-28,0,2021-03-21,spatial,0.9962925450597288,0.06504317103778323,0.8750580792340945,1.134323376809887
19173,2021-04-04,1,2021-03-21,spatial,1.0029014590541545,0.07931967719474924,0.8561626886096703,1.174789966853493
19173,2021-04-11,2,2021-03-21,spatial,0.9987159051635806,0.08837442303427398,0.8365533583607729,1.1923130177627663
19173,2021-04-18,3,2021-03-21,spatial,0.9949036839852352,0.07027610445202212,0.8643370175962672,1.1451937383870618
19175,2021-03-28,0,2021-03-21,spatial,11.028962678726664,0.6378243073358381,9.830347177027004,12.37372552344918
19175,2021-04-04,1,2021-03-21,spatial,10.99970068459086,0.7379514279709505,9.618597766402221,12.579111642782161
19175,2021-04-11,2,2021-03-21,spatial,10.969785787477582,0.7467482877255023,9.577257719280624,12.564786680104499
19175,2021-04-18,3,2021-03-21,spatial,10.770829398920997,0.5041872248845202,9.809539276857594,11.826321569897818
19177,2021-03-28,0,2021-03-21,spatial,4.002364234739087,0.3073553967175544,3.4339864685265398,4.6648172945166015
19177,2021-04-04,1,2021-03-21,spatial,4.0133497980445,0.2726600150430459,3.5047090466216844,4.5958099195109865
19177,2021-04-11,2,2021-03-21,spatial,3.991791271182113,0.27264276201687704,3.4834284554541584,4.574343281756375
19177,2021-04-18,3,2021-03-21,spatial,4.000726313750666,0.2456818494038822,3.539366602484253,4.522224690232044
19179,2021-03-28,0,2021-03-21,spatial,24.00862567018559,1.5264643920120742,21.14637608534643,27.25829259087687
19179,2021-04-04,1,2021-03-21,spatial,24.016526198259587,1.2766815970928576,21.595686845705295,26.708737478585693
19179,2021-04-11,2,2021-03-21,spatial,23.938654213943572,1.538182345118002,21.06455915265026,27.204897165040283
19179,2021-04-18,3,2021-03-21,spatial,24.044538983648515,2.0321952543843502,20.32646316131108,28.442717768854703
19181,2021-03-28,0,2021-03-21,spatial,80.02388062041148,6.112045345503723,68.7454580145514,93.15264825487623
19181,2021-04-04,1,2021-03-21,spatial,80.07575817661595,5.784067231856582,69.3961718939675,92.39885821594251
19181,2021-04-11,2,2021-03-21,spatial,80.01218309031947,5.5169007950991285,69.72677868776314,91.81478856992328
19181,2021-04-18,3,2021-03-21,spatial,79.92038289554269,6.386069234659551,68.18906861060108,93.66996400325009
19183,2021-03-28,0,2021-03-21,spatial,18.863085743097752,1.4001848396934609,16.270795921265314,21.86838341979445
19183,2021-04-04,1,2021-03-21,spatial,19.04145802033624,1.5417646452567997,16.200904579817824,22.380054258939676
19183,2021-04-11,2,2021-03-21,spatial,19.067579968770442,1.7580137734531183,15.880282633960006,22.894592888917177
19183,2021-04-18,3,2021-03-21,spatial,18.985216265254095,1.6583935170697,15.960147050682735,22.583653865711092
19185,2021-03-28,0,2021-03-21,spatial,9.975632399448424,0.6107257557994988,8.829000795435455,11.271178253871367
19185,2021-04-04,1,2021-03-21,spatial,10.00700846055498,0.6479786774453797,8.793286620093589,11.388258185601273
19185,2021-04-11,2,2021-03-21,spatial,10.080627149771148,0.9283237978081612,8.393048777985483,12.10752450280576
19185,2021-04-18,3,2021-03-21,spatial,10.002071326760912,0.8707041863271227,8.411910359574945,11.892831301006387
19187,2021-03-28,0,2021-03-21,spatial,24.944093762127515,1.9123782715662905,21.410469990933816,29.06091336982703
19187,2021-04-04,1,2021-03-21,spatial,25.03337293487278,1.4448737374261984,22.310097764315753,28.089063845285253
19187,2021-04-11,2,2021-03-21,spatial,24.96784654770667,1.82730067414932,21.58455316142712,28.88145779843472
19187,2021-04-18,3,2021-03-21,spatial,25.006494256573795,2.189157051901621,20.993784955978228,29.78618464061145
19189,2021-03-28,0,2021-03-21,spatial,8.005593657052707,0.45856238970660607,7.1436422142227505,8.971548109484328
19189,2021-04-04,1,2021-03-21,spatial,8.14340110953934,0.3568816355496777,7.462635392369973,8.886268475430144
19189,2021-04-11,2,2021-03-21,spatial,10.638316950110722,0.10410798722444356,10.432187727048367,10.848519073097043
19189,2021-04-18,3,2021-03-21,spatial,7.972453562932488,0.5803824158927572,6.894071352660647,9.2195181282226
19191,2021-03-28,0,2021-03-21,spatial,19.937944792629217,1.371422976631329,17.38946991882371,22.85990570210668
19191,2021-04-04,1,2021-03-21,spatial,19.976476441488625,1.3121402267280402,17.51579618561867,22.78284165837678
19191,2021-04-11,2,2021-03-21,spatial,20.02314589728231,1.4704003843540272,17.288014279220913,23.191001878436733
19191,2021-04-18,3,2021-03-21,spatial,20.04668860060676,1.285436821552075,17.636295727320835,22.78651538072988
19193,2021-03-28,0,2021-03-21,spatial,184.42722669172483,10.941329127570182,163.73602454044882,207.73316098680704
19193,2021-04-04,1,2021-03-21,spatial,184.47437447491356,12.325469194311562,161.61211591472613,210.57081423194046
19193,2021-04-11,2,2021-03-21,spatial,183.3122589411207,14.598946210971427,156.4344050209002,214.8081444974137
19193,2021-04-18,3,2021-03-21,spatial,184.28840215511718,12.844395088384893,160.49012746219503,211.6156034388241
19195,2021-03-28,0,2021-03-21,spatial,3.9790634524525337,0.3227963422003736,3.3880788514710467,4.6731338474513615
19195,2021-04-04,1,2021-03-21,spatial,4.010160809768589,0.32206434158690617,3.4178979084068284,4.705052681839705
19195,2021-04-11,2,2021-03-21,spatial,4.003622514207374,0.23447698030964054,3.5626945827974814,4.49912078168709
19195,2021-04-18,3,2021-03-21,spatial,4.000346777700361,0.3298740749969009,3.397749642718708,4.709815620509653
19197,2021-03-28,0,2021-03-21,spatial,6.018187036733699,0.4294495611114728,5.223075515692071,6.934338801017794
19197,2021-04-04,1,2021-03-21,spatial,6.017996349012067,0.39736184608524217,5.275202648801736,6.865381762148822
19197,2021-04-11,2,2021-03-21,spatial,5.999777906767903,0.4363864336595423,5.190442727795225,6.935311074288848
19197,2021-04-18,3,2021-03-21,spatial,5.987892368816127,0.4612937701631656,5.135189355652513,6.982187517790267
20001,2021-03-28,0,2021-03-21,spatial,17.023977642205967,0.6112269923425836,15.845481612831955,18.290123446145717
20001,2021-04-04,1,2021-03-21,spatial,17.055123403182595,1.282304037663646,14.683279147847555,19.81010041210221
20001,2021-04-11,2,2021-03-21,spatial,17.00018236352804,1.197257452382927,14.77309844383614,19.563005113107707
20001,2021-04-18,3,2021-03-21,spatial,16.987664412262173,0.8120789019039059,15.441384091167706,18.688787253773686
20003,2021-03-28,0,2021-03-21,spatial,4.998750561144728,0.22475821435492702,4.568934139639273,5.4690013926349925
20003,2021-04-04,1,2021-03-21,spatial,5.002515808405417,0.22982631381792776,4.5634280592918826,5.4838520708989344
20003,2021-04-11,2,2021-03-21,spatial,5.007898707069099,0.2875272418615939,4.466263232311176,5.615219738691176
20003,2021-04-18,3,2021-03-21,spatial,4.992040643174244,0.3500857793448746,4.338508829562438,5.744017302280534
20005,2021-03-28,0,2021-03-21,spatial,4.98853384728534,0.16714902501466833,4.6654202196458705,5.334025398338161
20005,2021-04-04,1,2021-03-21,spatial,4.998039337513823,0.18850839825268764,4.6360124864979095,5.388336914986622
20005,2021-04-11,2,2021-03-21,spatial,5.010471535628881,0.2561620960655409,4.523362743550692,5.550035766010836
20005,2021-04-18,3,2021-03-21,spatial,4.9997444405830125,0.202170161857648,4.611554503945331,5.420611303575538
20007,2021-03-28,0,2021-03-21,spatial,1.000168464407088,0.010399930711599769,0.9795807639920148,1.0211888534007465
20007,2021-04-04,1,2021-03-21,spatial,0.9968879657856836,0.07324556377089124,0.8611687999904187,1.1539963086672145
20007,2021-04-11,2,2021-03-21,spatial,1.0018516690278974,0.03959080810773993,0.9257107431675919,1.0842552861593733
20007,2021-04-18,3,2021-03-21,spatial,0.9971770188025956,0.06510509217977116,0.875803610884686,1.135370983254551
20009,2021-03-28,0,2021-03-21,spatial,9.411336936489226,0.2710187944111731,8.884220014076892,9.969728664056458
20009,2021-04-04,1,2021-03-21,spatial,11.03899246241703,0.6661967741896924,9.789946186732315,12.447397795755824
20009,2021-04-11,2,2021-03-21,spatial,10.996240637155182,0.42410411356790095,10.181843795400832,11.875777175529025
20009,2021-04-18,3,2021-03-21,spatial,10.998295409073425,0.7804830764690832,9.55624721020298,12.657950264837933
20011,2021-03-28,0,2021-03-21,spatial,7.994833480275997,0.21211748027200394,7.5820787355724715,8.430057851742433
20011,2021-04-04,1,2021-03-21,spatial,8.015451768046471,0.35725140145360706,7.332528715719483,8.76197960304547
20011,2021-04-11,2,2021-03-21,spatial,8.002317960175219,0.3062684753996144,7.412863044932831,8.63864506164273
20011,2021-04-18,3,2021-03-21,spatial,7.975141600024653,0.5657505722845175,6.927715169470209,9.180932238775595
20013,2021-03-28,0,2021-03-21,spatial,7.9969347083765925,0.4975068282672087,7.06727022457749,9.048891962223152
20013,2021-04-04,1,2021-03-21,spatial,7.991158534418213,0.3917884854595779,7.246620014495648,8.812193076836726
20013,2021-04-11,2,2021-03-21,spatial,8.04631457634224,0.4891282971990436,7.126231394125497,9.085191692600468
20013,2021-04-18,3,2021-03-21,spatial,8.030096207858628,0.6545926675165519,6.828577646559387,9.443027295729047
20015,2021-03-28,0,2021-03-21,spatial,45.95397331461028,1.5896326342601952,42.88373244097049,49.24402665525359
20015,2021-04-04,1,2021-03-21,spatial,45.9852134570916,1.5611048672062453,42.968661116976,49.21353846556858
20015,2021-04-11,2,2021-03-21,spatial,46.03030632080689,3.4760841787520187,39.62971960577973,53.464650294379176
20015,2021-04-18,3,2021-03-21,spatial,45.968669191702205,2.6552488962770666,40.95188005791465,51.60003751397378
20017,2021-03-28,0,2021-03-21,spatial,0.9999619451266564,0.01792555712099858,0.9647355695799608,1.0364745773153634
20017,2021-04-04,1,2021-03-21,spatial,0.999256626537306,0.02848625227034253,0.9439059178336952,1.0578531046508846
20017,2021-04-11,2,2021-03-21,spatial,0.9999846014771524,0.029891281807677327,0.941998248040561,1.0615404065468734
20017,2021-04-18,3,2021-03-21,spatial,0.9992172962117212,0.02041662619428108,0.9592323397324044,1.040868998773743
20019,2021-03-28,0,2021-03-21,spatial,1.0014321420912031,0.08688340618471231,0.8431610408457777,1.1894125637107205
20019,2021-04-04,1,2021-03-21,spatial,1.0011788757603513,0.07311258696157012,0.8662031607259261,1.1571871204311108
20019,2021-04-11,2,2021-03-21,spatial,0.9981676799799208,0.08269378517071706,0.8459103059620512,1.177830214780709
20019,2021-04-18,3,2021-03-21,spatial,1.0021007151608459,0.05627510398562823,0.8958636693412096,1.120936005881722
20021,2021-03-28,0,2021-03-21,spatial,7.011675352643528,0.19887100527000376,6.624716880976387,7.421236580245035
20021,2021-04-04,1,2021-03-21,spatial,7.002330973002187,0.3915646084404147,6.264838112193595,7.82664103642692
20021,2021-04-11,2,2021-03-21,spatial,6.995521736955827,0.4458161354522141,6.161916347631058,7.941900151084554
20021,2021-04-18,3,2021-03-21,spatial,7.009845573465091,0.4523034505499143,6.160738804138311,7.975980888983807
20023,2021-03-28,0,2021-03-21,spatial,1.0012858268423992,0.03855736734157316,0.9270965348048784,1.0814119882849889
20023,2021-04-04,1,2021-03-21,spatial,0.9991096569715106,0.03347844912653865,0.9344672048866208,1.0682237979393228
20023,2021-04-11,2,2021-03-21,spatial,1.00001381048104,0.076577026492853,0.8586452766102476,1.1646574533091354
20023,2021-04-18,3,2021-03-21,spatial,0.9988890914244356,0.0421949833618266,0.9180568656275248,1.086838358629034
20025,2021-03-28,0,2021-03-21,spatial,1.0007233893618679,0.040111524718011736,0.9238084983929,1.0840420972074505
20025,2021-04-04,1,2021-03-21,spatial,0.9991801828859144,0.024160804725401632,0.9520343868692606,1.0486606908758964
20025,2021-04-11,2,2021-03-21,spatial,1.0030161033744072,0.056502564270523185,0.8965556773694265,1.122118044670905
20025,2021-04-18,3,2021-03-21,spatial,1.000837842026798,0.057337001722391964,0.8927854180690652,1.1219676819983286
20027,2021-03-28,0,2021-03-21,spatial,0.9994703148723764,0.04948115509799225,0.9052669597294756,1.1034766038623616
20027,2021-04-04,1,2021-03-21,spatial,1.0015771979753871,0.057330054259540075,0.8936971140135775,1.1224797168685805
20027,2021-04-11,2,2021-03-21,spatial,1.0026840918365505,0.055627204753688764,0.8974819801671597,1.1202179099293257
20027,2021-04-18,3,2021-03-21,spatial,1.0005483772765429,0.026552287218364737,0.9488016975410976,1.0551172683029058
20029,2021-03-28,0,2021-03-21,spatial,0.9998258785062804,0.05835277076628063,0.8900489417884171,1.1231424929534866
20029,2021-04-04,1,2021-03-21,spatial,0.9986299641055068,0.05211064476622717,0.899783829296172,1.1083348830456787
20029,2021-04-11,2,2021-03-21,spatial,1.0015185993156788,0.054697284640074895,0.8982786920655145,1.1166239538297813
20029,2021-04-18,3,2021-03-21,spatial,1.0016224782621124,0.03909125782251207,0.9264317250883566,1.0829158391183689
20031,2021-03-28,0,2021-03-21,spatial,1.0001837228544892,0.03803405073955128,0.9269434882180736,1.0792108604011443
20031,2021-04-04,1,2021-03-21,spatial,1.0001045870052354,0.07242631365866363,0.8659723780310653,1.1550128044765782
20031,2021-04-11,2,2021-03-21,spatial,0.9499698333070986,0.035280764799885136,0.882143473894757,1.0230112344527549
20031,2021-04-18,3,2021-03-21,spatial,1.0018425139727225,0.0481125813529177,0.9102300719958304,1.102675525323428
20033,2021-03-28,0,2021-03-21,spatial,5.0028145246693985,0.16753736400044314,4.678785864225305,5.349283744659503
20033,2021-04-04,1,2021-03-21,spatial,5.003772636984124,0.21288313852609744,4.596181892116829,5.447508647465564
20033,2021-04-11,2,2021-03-21,spatial,4.997599912263417,0.2545243068116501,4.515041541124428,5.531733131481948
20033,2021-04-18,3,2021-03-21,spatial,5.011745894354519,0.294673203091891,4.458837654268459,5.6332162902442136
20035,2021-03-28,0,2021-03-21,spatial,11.997289083410935,0.840761980198359,10.432289736336193,13.797061717869903
20035,2021-04-04,1,2021-03-21,spatial,11.97097173418407,0.8616153719252965,10.3739649228962,13.813827724089355
20035,2021-04-11,2,2021-03-21,spatial,11.98272627484376,0.8568557640777522,10.391080018305141,13.81817180936798
20035,2021-04-18,3,2021-03-21,spatial,11.990905100615823,0.4051522578178184,11.207683339077828,12.828860414948606
20037,2021-03-28,0,2021-03-21,spatial,16.994942117354892,0.9303909816327643,15.236920940290485,18.955802074716075
20037,2021-04-04,1,2021-03-21,spatial,16.951182577535786,1.0075915712043078,15.053144138035258,19.088543107144986
20037,2021-04-11,2,2021-03-21,spatial,17.06455506780249,1.181309638309719,14.859053047580572,19.59741571213236
20037,2021-04-18,3,2021-03-21,spatial,17.022046589390445,0.7509830532619233,15.585286855915331,18.59125679046488
20039,2021-03-28,0,2021-03-21,spatial,0.9999907331688292,0.009677659384338757,0.980817125865464,1.0195391577621145
20039,2021-04-04,1,2021-03-21,spatial,0.9991439939665382,0.04167903700238193,0.9193748840223079,1.0858342315289775
20039,2021-04-11,2,2021-03-21,spatial,1.1019570960978522,0.03562756431503448,1.03305495534363,1.175454834575078
20039,2021-04-18,3,2021-03-21,spatial,0.999849959276302,0.06817865087640616,0.8735885273386835,1.1443601990863221
20041,2021-03-28,0,2021-03-21,spatial,1.999832556945095,0.11964773863652428,1.7747907995799623,2.253409391554246
20041,2021-04-04,1,2021-03-21,spatial,2.0098172890948494,0.1401477889752495,1.7490998192747509,2.309396805734881
20041,2021-04-11,2,2021-03-21,spatial,2.002639956263522,0.1598947840883849,1.7080130440877372,2.3480890900134987
20041,2021-04-18,3,2021-03-21,spatial,2.0053209880014347,0.1414598489999562,1.74283865139895,2.3073347964203137
20043,2021-03-28,0,2021-03-21,spatial,1.0026552782408982,0.03873972311393956,0.9283037741514236,1.0829618870216366
20043,2021-04-04,1,2021-03-21,spatial,0.9986931170785804,0.0605507639278008,0.88458750250076,1.1275175596314444
20043,2021-04-11,2,2021-03-21,spatial,0.9990099639276456,0.03883345185206236,0.9243740512537258,1.079672137781348
20043,2021-04-18,3,2021-03-21,spatial,1.0017398789819465,0.05323563640337957,0.9011285293758406,1.1135845247711984
20045,2021-03-28,0,2021-03-21,spatial,57.97604787462463,1.9475116688371965,54.211309927849186,62.00223037654462
20045,2021-04-04,1,2021-03-21,spatial,58.10490519427254,2.5855363831081037,53.1613338087621,63.508188484897175
20045,2021-04-11,2,2021-03-21,spatial,57.930512760989245,2.235348701098546,53.634283501659525,62.570879848656865
20045,2021-04-18,3,2021-03-21,spatial,57.963128502481354,3.0450457482004496,52.187967629533176,64.37737314556578
20047,2021-03-28,0,2021-03-21,spatial,1.0009097988799531,0.05620424452030644,0.8944754010668621,1.120008917292766
20047,2021-04-04,1,2021-03-21,spatial,0.9997425830605104,0.014158014185601019,0.9718307972521999,1.0284560184864409
20047,2021-04-11,2,2021-03-21,spatial,0.9991589486056516,0.06021303435893671,0.8860897674512045,1.126656283877837
20047,2021-04-18,3,2021-03-21,spatial,0.9999454832299198,0.04376349345954559,0.9164098482907312,1.0910958358827043
20049,2021-03-28,0,2021-03-21,spatial,0.9997096795116648,0.033645641680488496,0.9346826699393036,1.0692606971885077
20049,2021-04-04,1,2021-03-21,spatial,1.0549187980109411,0.01534296431772298,1.0246540111775555,1.0860775034862082
20049,2021-04-11,2,2021-03-21,spatial,1.0028953139716938,0.07189000231301365,0.8696051285196109,1.1566157762875937
20049,2021-04-18,3,2021-03-21,spatial,1.0004598562984186,0.06172733664812555,0.8848032158536359,1.1312345006555948
20051,2021-03-28,0,2021-03-21,spatial,3.9914295052667654,0.18771742797753194,3.632892409131732,4.385351312763417
20051,2021-04-04,1,2021-03-21,spatial,3.9888282700782938,0.20965146388926031,3.5904664804284216,4.431388248547941
20051,2021-04-11,2,2021-03-21,spatial,4.021751259070218,0.32832561731585075,3.417495614421413,4.73284680207885
20051,2021-04-18,3,2021-03-21,spatial,4.004159094498372,0.1949249769296744,3.63231853714906,4.414064980831296
20053,2021-03-28,0,2021-03-21,spatial,0.9994510327133788,0.044516095604896534,0.9143907049841304,1.092424016721797
20053,2021-04-04,1,2021-03-21,spatial,1.0020596457736364,0.04079458346242633,0.923688820606714,1.087079881543266
20053,2021-04-11,2,2021-03-21,spatial,0.9995486140574984,0.038920751058837036,0.924772390358693,1.0803711727128276
20053,2021-04-18,3,2021-03-21,spatial,1.002467555596488,0.057564102256316564,0.8942552135638698,1.1237744938814629
20055,2021-03-28,0,2021-03-21,spatial,5.98300530212353,0.3283951177544279,5.359837389424543,6.67862657846072
20055,2021-04-04,1,2021-03-21,spatial,6.006481945203083,0.2089424002313396,5.603031142871281,6.43898354981523
20055,2021-04-11,2,2021-03-21,spatial,6.001528324768961,0.2278015871712315,5.563682978505472,6.473830800956143
20055,2021-04-18,3,2021-03-21,spatial,5.9884077637523365,0.4118910985639067,5.221829059411042,6.867522306257559
20057,2021-03-28,0,2021-03-21,spatial,39.00734424341282,2.695728344195648,34.00479380158243,44.74583536081621
20057,2021-04-04,1,2021-03-21,spatial,38.94845738003015,1.2357604320995659,36.55450331401865,41.49919147450875
20057,2021-04-11,2,2021-03-21,spatial,39.06033435621615,1.8651115982232644,35.5089987804238,42.96684706470877
20057,2021-04-18,3,2021-03-21,spatial,38.97819041162477,1.6057966139550304,35.89677117206025,42.32412214687996
20059,2021-03-28,0,2021-03-21,spatial,6.007835527360963,0.2312099062717388,5.563142419163864,6.488075444461742
20059,2021-04-04,1,2021-03-21,spatial,6.005956296103222,0.2762751716548101,5.47945232382779,6.583050439884733
20059,2021-04-11,2,2021-03-21,spatial,6.012692348194099,0.2641736195260553,5.5061313793692985,6.5658566392894455
20059,2021-04-18,3,2021-03-21,spatial,5.9920018022898605,0.4170557445929358,5.214952520592086,6.884834609111363
20061,2021-03-28,0,2021-03-21,spatial,29.961915128752647,1.4783424771011235,27.148257375800966,33.06718165206327
20061,2021-04-04,1,2021-03-21,spatial,29.99822880076127,1.6049180276335722,26.961851386186247,33.376555574513645
20061,2021-04-11,2,2021-03-21,spatial,30.036030181779708,1.5469227841066162,27.101663887084012,33.2881078017771
20061,2021-04-18,3,2021-03-21,spatial,29.985640717082802,1.6962738903607808,26.772625925542034,33.584253248620016
20063,2021-03-28,0,2021-03-21,spatial,1.0045377625287368,0.06464215629695197,0.8834271684792675,1.1422516222625347
20063,2021-04-04,1,2021-03-21,spatial,0.999114853937175,0.07582675947985743,0.8592791628265221,1.1617068521414071
20063,2021-04-11,2,2021-03-21,spatial,1.000030231093123,0.07052070097169534,0.8685047409526065,1.1514738100373103
20063,2021-04-18,3,2021-03-21,spatial,0.9972040595994688,0.043890875165253515,0.9132415830149122,1.08888595852016
20065,2021-03-28,0,2021-03-21,spatial,1.0008524347966399,0.08409044858917339,0.8472879795497384,1.1822492711045942
20065,2021-04-04,1,2021-03-21,spatial,0.999988884294534,0.010071636706730428,0.9800495310258109,1.0203339087014889
20065,2021-04-11,2,2021-03-21,spatial,1.003484912155399,0.08186857101632472,0.8539178483532489,1.1792492344145968
20065,2021-04-18,3,2021-03-21,spatial,1.0005558593288315,0.07439274793501156,0.8627331469517824,1.160395924480699
20067,2021-03-28,0,2021-03-21,spatial,1.0015306451806376,0.06469370986004176,0.8803595088485437,1.139379563864642
20067,2021-04-04,1,2021-03-21,spatial,0.9992072817380556,0.05615285179782243,0.8933927333061397,1.1175546371230964
20067,2021-04-11,2,2021-03-21,spatial,0.9999723961341728,0.043053949676222704,0.9176604433259072,1.0896675347650226
20067,2021-04-18,3,2021-03-21,spatial,0.9983693922644241,0.0724133420086884,0.8647293927744274,1.152662846595807
20069,2021-03-28,0,2021-03-21,spatial,1.0007263982879833,0.02138689208668905,0.9588549464244658,1.044426300312494
20069,2021-04-04,1,2021-03-21,spatial,1.0001215171683522,0.009900016818091452,0.9805243187241158,1.0201103940029443
20069,2021-04-11,2,2021-03-21,spatial,1.000209415727931,0.0770709865509609,0.8577382190451367,1.166345224099388
20069,2021-04-18,3,2021-03-21,spatial,0.9985041431142708,0.07900674028453679,0.8527711916613328,1.1691418912428675
20071,2021-03-28,0,2021-03-21,spatial,2.000260534342768,0.05097226272407962,1.9009610542789668,2.1047470679333875
20071,2021-04-04,1,2021-03-21,spatial,2.0015334816925323,0.062183603894582926,1.8810854858339925,2.1296938966918253
20071,2021-04-11,2,2021-03-21,spatial,1.9965643038037524,0.1150735193802442,1.780080259771072,2.2393760041673727
20071,2021-04-18,3,2021-03-21,spatial,1.9998470110216688,0.03684029837352546,1.9275242939233332,2.0748833517173697
20073,2021-03-28,0,2021-03-21,spatial,1.000495637108684,0.017656132237837782,0.9658167743323052,1.0364196879532594
20073,2021-04-04,1,2021-03-21,spatial,0.9969061289206108,0.09198036172997427,0.8306006574029752,1.1965098041059143
20073,2021-04-11,2,2021-03-21,spatial,0.9978903732245424,0.06271062490554233,0.8804025685481114,1.131056669469269
20073,2021-04-18,3,2021-03-21,spatial,1.002029864393734,0.0564207748188971,0.895419764909624,1.1213331316606203
20075,2021-03-28,0,2021-03-21,spatial,0.9996380223547304,0.05262883567446587,0.8998922927416899,1.1104397535096064
20075,2021-04-04,1,2021-03-21,spatial,1.000452636052314,0.05329796566971303,0.8994790791226065,1.1127612639533022
20075,2021-04-11,2,2021-03-21,spatial,0.9975766551321891,0.04513238919197038,0.9114861284959599,1.09179849451668
20075,2021-04-18,3,2021-03-21,spatial,1.0004966681504934,0.054065550668359136,0.8982457632272556,1.1143872022104802
20077,2021-03-28,0,2021-03-21,spatial,8.991124903149299,0.474254453725887,8.093660133014536,9.988104972962585
20077,2021-04-04,1,2021-03-21,spatial,8.994580763736872,0.5750719281123912,7.918071142015686,10.217448374022844
20077,2021-04-11,2,2021-03-21,spatial,9.026763283461609,0.4588454075152743,8.15466928421271,9.992122615370702
20077,2021-04-18,3,2021-03-21,spatial,8.993205868410335,0.9441410562627284,7.292107254385646,11.091135795207661
20079,2021-03-28,0,2021-03-21,spatial,27.95543738214797,1.2190638673914405,25.623474857421602,30.499629093079076
20079,2021-04-04,1,2021-03-21,spatial,28.016019607578546,2.0043944879608797,24.29383149077953,32.30850411348761
20079,2021-04-11,2,2021-03-21,spatial,28.00016819580813,1.7848173911397842,24.649077281122995,31.806846562729678
20079,2021-04-18,3,2021-03-21,spatial,28.040980790031266,1.7010605979011224,24.844566038359357,31.648635055765556
20081,2021-03-28,0,2021-03-21,spatial,4.013778246836192,0.27123520706150084,3.5075106110289087,4.593119622822611
20081,2021-04-04,1,2021-03-21,spatial,3.997023097881464,0.1862156383061923,3.640338433030311,4.388656148021639
20081,2021-04-11,2,2021-03-21,spatial,4.0117691882044175,0.27120119469225273,3.5019184186150136,4.595850072884199
20081,2021-04-18,3,2021-03-21,spatial,3.991919936553424,0.2711159502557329,3.487060976599081,4.569872705637184
20083,2021-03-28,0,2021-03-21,spatial,1.0042251997170604,0.060068000693081526,0.8912463866706248,1.1315257675422885
20083,2021-04-04,1,2021-03-21,spatial,1.0000619471134573,0.024190775370181543,0.9527669144438048,1.049704689470877
20083,2021-04-11,2,2021-03-21,spatial,1.0034507502761172,0.06730364383420298,0.8776783858843165,1.1472464451943565
20083,2021-04-18,3,2021-03-21,spatial,0.9954306649699702,0.09654489717818107,0.8215541575670811,1.2061069859312958
20085,2021-03-28,0,2021-03-21,spatial,15.015027496953499,0.2741911420820717,14.477394972563514,15.572625542200635
20085,2021-04-04,1,2021-03-21,spatial,15.011870523988028,0.7062436663748995,13.663619941387616,16.49315903074617
20085,2021-04-11,2,2021-03-21,spatial,15.016121712791412,0.8037692583511202,13.493166376609757,16.710970946318387
20085,2021-04-18,3,2021-03-21,spatial,15.00903573772024,0.6885712009408665,13.693561366896748,16.450881384351995
20087,2021-03-28,0,2021-03-21,spatial,15.003481408942143,0.8468236988429911,13.404201162036152,16.793574765650433
20087,2021-04-04,1,2021-03-21,spatial,15.003258672365297,0.9853214758245374,13.162098163501401,17.101967178310705
20087,2021-04-11,2,2021-03-21,spatial,14.986596865635985,0.8370478165949072,13.405555679526238,16.754104863859528
20087,2021-04-18,3,2021-03-21,spatial,15.01014522418785,0.7781356916311077,13.535145755148278,16.645883518876165
20089,2021-03-28,0,2021-03-21,spatial,3.003551410231105,0.08507969234533175,2.8382892754507068,3.1784360924482287
20089,2021-04-04,1,2021-03-21,spatial,2.9950138509695874,0.22398921632984364,2.5816281451236383,3.4745933431362115
20089,2021-04-11,2,2021-03-21,spatial,2.9947404964849618,0.2387507046483575,2.5526273828866493,3.513427263772813
20089,2021-04-18,3,2021-03-21,spatial,2.9972590739364904,0.12644404151037805,2.754997527719772,3.2608239629637894
20091,2021-03-28,0,2021-03-21,spatial,356.28021743252253,19.70998787175916,318.95986690212686,397.9672883821332
20091,2021-04-04,1,2021-03-21,spatial,356.14548993609566,22.485468990818337,314.1007887984274,403.81818360609185
20091,2021-04-11,2,2021-03-21,spatial,357.6079010180675,28.767714889835577,304.7640987297087,419.61442113287126
20091,2021-04-18,3,2021-03-21,spatial,356.60216707344216,22.72141406303201,313.9307064314752,405.0738043659098
20093,2021-03-28,0,2021-03-21,spatial,0.9980176350290388,0.06046935248588544,0.8847229751369832,1.1258204294680343
20093,2021-04-04,1,2021-03-21,spatial,0.9996504045677694,0.053436443087691014,0.8986311038931979,1.1120257545317191
20093,2021-04-11,2,2021-03-21,spatial,1.0008295905475426,0.06682970540308666,0.8766068702061923,1.1426557369781452
20093,2021-04-18,3,2021-03-21,spatial,1.0006212713622182,0.044722742053648144,0.9150424852476432,1.0942037608576938
20095,2021-03-28,0,2021-03-21,spatial,8.998097959761902,0.4693952173838793,8.108079838213731,9.98581273359891
20095,2021-04-04,1,2021-03-21,spatial,3.765692626112812,0.07342365926028055,3.621889175681328,3.915205647255308
20095,2021-04-11,2,2021-03-21,spatial,8.994293257664783,0.5732810126135957,7.922347240030361,10.211280666430897
20095,2021-04-18,3,2021-03-21,spatial,9.003283305346725,0.6544655961206576,7.788279653079845,10.407832523615225
20097,2021-03-28,0,2021-03-21,spatial,1.0004295926371676,0.0096928720792184,0.9812350046342776,1.0199996586925741
20097,2021-04-04,1,2021-03-21,spatial,0.9996332180736139,0.044371871944532064,0.9150356051181946,1.0920521180671816
20097,2021-04-11,2,2021-03-21,spatial,1.0020236779486529,0.060970308505617965,0.8874169305194491,1.1314314801071297
20097,2021-04-18,3,2021-03-21,spatial,0.997814393586845,0.08611147582937234,0.8398672890688275,1.1854653431650564
20099,2021-03-28,0,2021-03-21,spatial,21.978932353021737,1.1027762875999467,19.88443092642268,24.294055442984355
20099,2021-04-04,1,2021-03-21,spatial,21.94170490631595,1.3824786562793598,19.353993613022233,24.87540420969841
20099,2021-04-11,2,2021-03-21,spatial,22.02718110105087,1.0992662417317949,19.938314136595906,24.33489130196496
20099,2021-04-18,3,2021-03-21,spatial,21.942659064879592,1.268012880628069,19.548598984949493,24.62991272204393
20101,2021-03-28,0,2021-03-21,spatial,0.999894470122135,0.010184007588861023,0.9797435004506371,1.0204598968209209
20101,2021-04-04,1,2021-03-21,spatial,0.999824748037538,0.009843116959569909,0.9803229182733412,1.019714532991869
20101,2021-04-11,2,2021-03-21,spatial,1.0037367560593813,0.07734730234783127,0.8609081182334657,1.1702613253687473
20101,2021-04-18,3,2021-03-21,spatial,0.9970300323285456,0.059782048025907385,0.8847238038704544,1.1235923358411375
20103,2021-03-28,0,2021-03-21,spatial,49.06913899050785,3.19025472751632,43.13073058806941,55.825170787526716
20103,2021-04-04,1,2021-03-21,spatial,49.2810086758753,3.441310502894769,42.852940048364026,56.67330674093186
20103,2021-04-11,2,2021-03-21,spatial,48.98121742139263,3.339227572861081,42.77209804435529,56.09169925669237
20103,2021-04-18,3,2021-03-21,spatial,48.81675802982,2.7426678672922384,43.645930022417076,54.60018524792618
20105,2021-03-28,0,2021-03-21,spatial,0.9986815784026376,0.04179717722046476,0.9187334226719872,1.0855868203206431
20105,2021-04-04,1,2021-03-21,spatial,1.00042165781595,0.009793860491764866,0.9810381828889644,1.0201881138611002
20105,2021-04-11,2,2021-03-21,spatial,0.9982425712062112,0.05236094046404477,0.8992118181442392,1.1081796422837322
20105,2021-04-18,3,2021-03-21,spatial,1.0006063592361198,0.06975438259715924,0.8707345994059309,1.1498487447574182
20107,2021-03-28,0,2021-03-21,spatial,3.0057210541791446,0.09545743474228917,2.8206394536293167,3.2029471345269886
20107,2021-04-04,1,2021-03-21,spatial,2.9931456046780625,0.1946696154637477,2.6282058894226767,3.4087590499888725
20107,2021-04-11,2,2021-03-21,spatial,3.0039183045910316,0.23194879853154984,2.5750556450858637,3.5042058985704667
20107,2021-04-18,3,2021-03-21,spatial,3.0008545023667965,0.12887096928968286,2.754482891417476,3.269262543773133
20109,2021-03-28,0,2021-03-21,spatial,1.0009632157046462,0.04325804227751417,0.9183851317986929,1.0909664415314222
20109,2021-04-04,1,2021-03-21,spatial,0.998941579724418,0.04834991963717022,0.9068719602239368,1.1003585108706029
20109,2021-04-11,2,2021-03-21,spatial,0.9968748745816368,0.060238646208500474,0.8835192901096036,1.1247739881818253
20109,2021-04-18,3,2021-03-21,spatial,0.9991499319798391,0.051070969626070016,0.9020997070703688,1.1066410716586608
20111,2021-03-28,0,2021-03-21,spatial,15.986762062886749,0.9539270524758474,14.198662811240494,18.000044416367547
20111,2021-04-04,1,2021-03-21,spatial,16.012662919192476,1.1560256334200394,13.867353953030687,18.489855716680893
20111,2021-04-11,2,2021-03-21,spatial,16.011631962870364,0.3159032560161888,15.392185453798781,16.656007613989566
20111,2021-04-18,3,2021-03-21,spatial,16.06302241108103,1.2457898006704142,13.775501520107179,18.730402563004752
20113,2021-03-28,0,2021-03-21,spatial,17.979939147270255,0.8280671408587816,16.401851274242638,19.709861181781076
20113,2021-04-04,1,2021-03-21,spatial,17.957629104710442,0.8229675393912363,16.386845429944152,19.67898241555833
20113,2021-04-11,2,2021-03-21,spatial,17.95922264187651,1.0631346705163336,15.956157857040653,20.21374323256472
20113,2021-04-18,3,2021-03-21,spatial,17.965492363307632,0.9538085508821622,16.161968550002925,19.97027248614504
20115,2021-03-28,0,2021-03-21,spatial,2.9989961688908324,0.13091030829631467,2.7488615984746114,3.2718919082767925
20115,2021-04-04,1,2021-03-21,spatial,3.0088796403478604,0.16207709427701605,2.701994023746792,3.3506205456168217
20115,2021-04-11,2,2021-03-21,spatial,2.9980348094262466,0.13325929635009562,2.744349632959006,3.2751704121752963
20115,2021-04-18,3,2021-03-21,spatial,2.9864982596518903,0.16621326249648702,2.6721638994340204,3.3378086788736634
20117,2021-03-28,0,2021-03-21,spatial,1.0018809985034247,0.027978455108208226,0.9474672989162336,1.0594197143377746
20117,2021-04-04,1,2021-03-21,spatial,1.00103451483517,0.06069537483460024,0.8868028393360703,1.129980707596191
20117,2021-04-11,2,2021-03-21,spatial,1.0016446676492885,0.07145735656212948,0.8692819571471768,1.1541618136454517
20117,2021-04-18,3,2021-03-21,spatial,0.9984290288996835,0.04225635024529471,0.9175065949324424,1.086488676218143
20119,2021-03-28,0,2021-03-21,spatial,1.0002990349691652,0.02104875816631771,0.9591350358147376,1.0432297038448657
20119,2021-04-04,1,2021-03-21,spatial,0.999752764303542,0.027490242159246416,0.9462832669203411,1.0562435421535488
20119,2021-04-11,2,2021-03-21,spatial,1.222207338556814,0.035022142881155564,1.154267690232681,1.29414588233082
20119,2021-04-18,3,2021-03-21,spatial,0.9998266134803412,0.0794508535212641,0.8533178092964576,1.1714899725903531
20121,2021-03-28,0,2021-03-21,spatial,8.007998758749903,0.33286192260300684,7.369380016084764,8.701959185192111
20121,2021-04-04,1,2021-03-21,spatial,7.987004493895287,0.36022162443939804,7.300669482779484,8.737861772262669
20121,2021-04-11,2,2021-03-21,spatial,8.001645126027581,0.3996246766228092,7.240803908346742,8.842433179149552
20121,2021-04-18,3,2021-03-21,spatial,7.987515837107372,0.3023643138933509,7.406284754212644,8.614360825345239
20123,2021-03-28,0,2021-03-21,spatial,0.9991703166330032,0.012206248945726705,0.9750683649050559,1.0238680256411619
20123,2021-04-04,1,2021-03-21,spatial,0.999381476106332,0.045884655339279504,0.9119006546062294,1.0952545430683454
20123,2021-04-11,2,2021-03-21,spatial,1.0022963001053793,0.08848501338573668,0.8413103364384622,1.1940871634333166
20123,2021-04-18,3,2021-03-21,spatial,0.994852564558571,0.0961309398766346,0.8221505063998145,1.2038326529077827
20125,2021-03-28,0,2021-03-21,spatial,15.033184889138276,0.8277455403173031,13.468728934343009,16.77935973117416
20125,2021-04-04,1,2021-03-21,spatial,14.995754842990838,0.6891243999399259,13.681613068415071,16.436122128772723
20125,2021-04-11,2,2021-03-21,spatial,15.04172429834974,0.8284512453300363,13.478969082952045,16.78566576383993
20125,2021-04-18,3,2021-03-21,spatial,14.994195269928904,1.0147371013633402,13.107590952395789,17.15234268518769
20127,2021-03-28,0,2021-03-21,spatial,1.0026501847951197,0.05231847021365864,0.9035004357731884,1.1126805846079924
20127,2021-04-04,1,2021-03-21,spatial,0.9983010782084916,0.04376097818260018,0.9145778064800321,1.0896886363205185
20127,2021-04-11,2,2021-03-21,spatial,1.000697115948459,0.04831938042520925,0.9086478464508818,1.1020713049383706
20127,2021-04-18,3,2021-03-21,spatial,0.9990094768275796,0.07536100728687316,0.8593583098662324,1.1613548427159164
20129,2021-03-28,0,2021-03-21,spatial,1.0001197450844577,0.009631722250793149,0.9810357998740864,1.019574927475816
20129,2021-04-04,1,2021-03-21,spatial,0.9999846008182198,0.01016019971742128,0.9798811695135009,1.0205004780018856
20129,2021-04-11,2,2021-03-21,spatial,1.0041434176150548,0.06821121868550567,0.8769491891241828,1.149786117194138
20129,2021-04-18,3,2021-03-21,spatial,0.9971600877481464,0.07676622533769815,0.8555503874174349,1.1622088601927598
20131,2021-03-28,0,2021-03-21,spatial,9.006257430841043,0.42494202440250173,8.197937172705593,9.894278426606878
20131,2021-04-04,1,2021-03-21,spatial,8.884181851892562,0.34281089986379043,8.225545926023052,9.595556074617676
20131,2021-04-11,2,2021-03-21,spatial,8.991738837122,0.817910295177543,7.50853071730123,10.767934547928212
20131,2021-04-18,3,2021-03-21,spatial,8.980036909983085,0.7036724566095195,7.678329132778463,10.502423315041977
20133,2021-03-28,0,2021-03-21,spatial,21.013798251357827,0.6739030299823258,19.70978112947117,22.404090337081126
20133,2021-04-04,1,2021-03-21,spatial,21.032699331681357,1.1547335558610676,18.84872767383913,23.469724261065
20133,2021-04-11,2,2021-03-21,spatial,21.03193291169554,1.068547852202386,19.00248659712613,23.278122036352887
20133,2021-04-18,3,2021-03-21,spatial,20.96087015000116,0.713693713476098,19.581598277788686,22.437293994718065
20135,2021-03-28,0,2021-03-21,spatial,1.000118686279203,0.049457716479206375,0.9060083485592983,1.1040046024248895
20135,2021-04-04,1,2021-03-21,spatial,1.0016558886810394,0.040937733809991335,0.9231356398809484,1.0868549279050637
20135,2021-04-11,2,2021-03-21,spatial,0.9995692582816328,0.0612127973900379,0.8842394490242782,1.1299413334297648
20135,2021-04-18,3,2021-03-21,spatial,1.0005136842364333,0.051033786374247915,0.9036508460484414,1.1077593040738434
20137,2021-03-28,0,2021-03-21,spatial,0.9996544406234406,0.05101364627303389,0.9026926323910238,1.1070313025722007
20137,2021-04-04,1,2021-03-21,spatial,0.9998194778346328,0.009992460467579487,0.9800350211365229,1.0200033332464598
20137,2021-04-11,2,2021-03-21,spatial,1.000130200893297,0.00972430264821592,0.9808754780665171,1.0197628966222716
20137,2021-04-18,3,2021-03-21,spatial,0.9996868188764192,0.06745595743134923,0.8740000508014224,1.1434481438746713
20139,2021-03-28,0,2021-03-21,spatial,4.000193020047237,0.23782189048331856,3.5531730220947613,4.503452012646708
20139,2021-04-04,1,2021-03-21,spatial,4.006033629169134,0.18571615065609465,3.65180147268934,4.394627023964524
20139,2021-04-11,2,2021-03-21,spatial,3.993047870403269,0.1900931278238719,3.631271023948909,4.390867877989714
20139,2021-04-18,3,2021-03-21,spatial,3.991809533399597,0.1933204956951658,3.6242091686461375,4.396695281495696
20141,2021-03-28,0,2021-03-21,spatial,0.9999271685250516,0.031972921528771764,0.9382551339724092,1.0656529403908694
20141,2021-04-04,1,2021-03-21,spatial,0.999438182223512,0.010232474257325031,0.9791948078268576,1.0201000578251236
20141,2021-04-11,2,2021-03-21,spatial,0.9997077569885788,0.010108556453703848,0.9796976440240784,1.02012657219228
20141,2021-04-18,3,2021-03-21,spatial,0.9982414362445899,0.06187492297469194,0.8821429554169717,1.1296195916053566
20143,2021-03-28,0,2021-03-21,spatial,0.9997661322204916,0.00968400097525663,0.9805806770908191,1.0193269584921134
20143,2021-04-04,1,2021-03-21,spatial,0.9999974107809396,0.05153500910575352,0.90218364146441,1.1084160425979437
20143,2021-04-11,2,2021-03-21,spatial,1.0023072771585162,0.07601097342270642,0.8618197225389261,1.1656960865148251
20143,2021-04-18,3,2021-03-21,spatial,1.002519946874908,0.09550530558193247,0.8302009281806775,1.2106060229112858
20145,2021-03-28,0,2021-03-21,spatial,0.9993232770567037,0.09211871497292304,0.831452234845963,1.2010876514780926
20145,2021-04-04,1,2021-03-21,spatial,1.0001319327375446,0.07875983954424931,0.8545749560805574,1.1704811564675028
20145,2021-04-11,2,2021-03-21,spatial,0.9980860575626392,0.07695833463245665,0.8557180885127749,1.1641401434347032
20145,2021-04-18,3,2021-03-21,spatial,1.001866477406023,0.058122869650038614,0.8924488893225642,1.124699073032479
20147,2021-03-28,0,2021-03-21,spatial,0.9996309479045729,0.03748905850592505,0.927428042669874,1.0774550542292487
20147,2021-04-04,1,2021-03-21,spatial,1.0021857087436088,0.06021023704076711,0.8888285811882236,1.1299998853178608
20147,2021-04-11,2,2021-03-21,spatial,0.9991929629802212,0.046656064156634335,0.9104064636291,1.0966382787852624
20147,2021-04-18,3,2021-03-21,spatial,1.0002488725016474,0.02585506154086037,0.9499417862332648,1.053220125106843
20149,2021-03-28,0,2021-03-21,spatial,32.015108101605584,1.3094608721280383,29.504978419809863,34.73878652523673
20149,2021-04-04,1,2021-03-21,spatial,31.948707761205693,1.5410502316457717,29.015188379352146,35.178814428697336
20149,2021-04-11,2,2021-03-21,spatial,31.98756533668927,0.4873675472621542,31.02787178074813,32.97694226014664
20149,2021-04-18,3,2021-03-21,spatial,31.9240206819233,2.116789908219895,27.96360078624496,36.44534565810185
20151,2021-03-28,0,2021-03-21,spatial,1.9951617992874555,0.13551928586747025,1.7419975081853716,2.2851184267666365
20151,2021-04-04,1,2021-03-21,spatial,1.996408354888116,0.12347741179690334,1.764303879054657,2.259047529614143
20151,2021-04-11,2,2021-03-21,spatial,1.9940810919544096,0.11411132464942872,1.7785045971755058,2.2357880927634715
20151,2021-04-18,3,2021-03-21,spatial,2.001915540786301,0.13447287151277926,1.7512483220146695,2.2884623397275905
20153,2021-03-28,0,2021-03-21,spatial,0.9989780243339492,0.04254661692235966,0.917495734207998,1.0876967117058238
20153,2021-04-04,1,2021-03-21,spatial,0.9976452072371575,0.07692105018171885,0.8555447963470438,1.1633475696105322
20153,2021-04-11,2,2021-03-21,spatial,1.002327969168104,0.06868799178462509,0.8741566242565627,1.1492921633249449
20153,2021-04-18,3,2021-03-21,spatial,0.9995811929765686,0.0806679337742723,0.8514447604556928,1.1734907627098539
20155,2021-03-28,0,2021-03-21,spatial,10.984038304239911,0.25320348945842197,10.489390213632939,11.50201251090872
20155,2021-04-04,1,2021-03-21,spatial,11.006870609523704,0.22148199751546235,10.572607422916883,11.45897088282998
20155,2021-04-11,2,2021-03-21,spatial,10.994820411559491,0.5151347235830653,10.012367432142453,12.073675551934672
20155,2021-04-18,3,2021-03-21,spatial,10.971155290130083,0.7980125503245609,9.489342592026608,12.684361138071534
20157,2021-03-28,0,2021-03-21,spatial,1.000032216876948,0.010227315432447535,0.9798002345118964,1.020681971248988
20157,2021-04-04,1,2021-03-21,spatial,0.9997301583560338,0.009854764805041513,0.9802224026444062,1.0196261448731174
20157,2021-04-11,2,2021-03-21,spatial,0.9966626668381168,0.08589746987499944,0.8397602740247493,1.1828809985355315
20157,2021-04-18,3,2021-03-21,spatial,1.00019510987454,0.0705473851268598,0.8691431221265041,1.1510075065304788
20159,2021-03-28,0,2021-03-21,spatial,0.9996158947931101,0.0195869977802598,0.9612265625976204,1.0395384147757047
20159,2021-04-04,1,2021-03-21,spatial,0.9998606344024462,0.04378985322396105,0.9162209787177747,1.0911355573049024
20159,2021-04-11,2,2021-03-21,spatial,1.0019569149373322,0.057618053834198914,0.8930650295349106,1.1241260447893202
20159,2021-04-18,3,2021-03-21,spatial,0.9985321474335936,0.059275813539068176,0.8868006763541013,1.124341101720375
20161,2021-03-28,0,2021-03-21,spatial,23.042739949160172,0.9301833666896462,21.25986505590136,24.975128627038714
20161,2021-04-04,1,2021-03-21,spatial,22.98191762658978,1.2067986158950768,20.691981472416963,25.525275986711225
20161,2021-04-11,2,2021-03-21,spatial,22.972875076411146,1.1856301915386969,20.73014514765838,25.45823898083058
20161,2021-04-18,3,2021-03-21,spatial,23.02932857370309,1.554884738947371,20.124502326052653,26.353445464785505
20163,2021-03-28,0,2021-03-21,spatial,2.996580070032084,0.09736012306125877,2.8083087465527776,3.1974732575739364
20163,2021-04-04,1,2021-03-21,spatial,3.002954662423948,0.0939760043057935,2.820974757480324,3.1966740151295467
20163,2021-04-11,2,2021-03-21,spatial,2.999319867157463,0.09559625694384752,2.8143343877486906,3.1964643948090656
20163,2021-04-18,3,2021-03-21,spatial,3.0001113816809384,0.0921887060848472,2.8211397302708576,3.190436902473936
20165,2021-03-28,0,2021-03-21,spatial,0.9999702898308036,0.029901397084808764,0.9419028844853268,1.0616174947703738
20165,2021-04-04,1,2021-03-21,spatial,0.99929432443635,0.04647002661018933,0.91045133327378,1.0968067269010384
20165,2021-04-11,2,2021-03-21,spatial,0.996507439883691,0.05714053696265652,0.8887623315601725,1.1173145423482842
20165,2021-04-18,3,2021-03-21,spatial,1.0003663289195073,0.0570200001159529,0.8927694027506324,1.120930879746352
20167,2021-03-28,0,2021-03-21,spatial,2.002744506200444,0.10862297528430027,1.7973412922390108,2.2316215481364896
20167,2021-04-04,1,2021-03-21,spatial,2.0015030324572733,0.10386761580074844,1.804256772213612,2.220312790634976
20167,2021-04-11,2,2021-03-21,spatial,1.9981098588154704,0.10528305402073314,1.7986721479722958,2.2196613276056976
20167,2021-04-18,3,2021-03-21,spatial,2.0044774073799334,0.16237272661256535,1.7050388496382602,2.3565033005253926
20169,2021-03-28,0,2021-03-21,spatial,25.001725885146943,2.1218559843378704,21.126871261850475,29.58726303997348
20169,2021-04-04,1,2021-03-21,spatial,24.975512834025928,1.234111746822542,22.629947211094926,27.564193389579398
20169,2021-04-11,2,2021-03-21,spatial,25.034166093445037,1.5352740244808507,22.148696793067565,28.2955461375204
20169,2021-04-18,3,2021-03-21,spatial,24.881517428604013,1.4220324797328592,22.20071802307852,27.886030934060635
20171,2021-03-28,0,2021-03-21,spatial,2.000714871792718,0.031243427418134562,1.93920955052296,2.0641709386863702
20171,2021-04-04,1,2021-03-21,spatial,1.9949164087718372,0.1414655046145076,1.7330638028173382,2.2963329287228653
20171,2021-04-11,2,2021-03-21,spatial,2.0001366380082035,0.13254049442714627,1.7519525162202805,2.283478880656919
20171,2021-04-18,3,2021-03-21,spatial,2.0012508596350664,0.1112630199544812,1.7907395367023236,2.2365089512489207
20173,2021-03-28,0,2021-03-21,spatial,193.14468120397538,11.424207061285156,171.70538547235,217.26090754091427
20173,2021-04-04,1,2021-03-21,spatial,193.11231462879684,8.004631585136929,177.82122077112018,209.71831089435443
20173,2021-04-11,2,2021-03-21,spatial,193.2368688606249,9.142209792394368,175.7607081530845,212.4507114214368
20173,2021-04-18,3,2021-03-21,spatial,193.0940988769622,9.891364735864524,174.26722330178234,213.95492689143398
20175,2021-03-28,0,2021-03-21,spatial,13.000397786614855,0.6428263785628935,11.780303971215194,14.3468575193978
20175,2021-04-04,1,2021-03-21,spatial,12.99154863698792,0.8478583736637193,11.405892108738884,14.797644443603652
20175,2021-04-11,2,2021-03-21,spatial,13.014843297485815,1.0155637693583075,11.141923222594835,15.202594980605442
20175,2021-04-18,3,2021-03-21,spatial,12.972167521177163,0.8102785095788038,11.451554217882054,14.69469794193632
20177,2021-03-28,0,2021-03-21,spatial,136.23144531193498,7.882291399326434,121.36597400249849,152.91770897332944
20177,2021-04-04,1,2021-03-21,spatial,136.7167656943106,8.069569225604639,121.55139810975453,153.77424128873943
20177,2021-04-11,2,2021-03-21,spatial,136.73467437391562,7.002497348415526,123.49482423461876,151.3939656339028
20177,2021-04-18,3,2021-03-21,spatial,137.13733155819676,7.273551264804176,123.36967923033272,152.44140881480732
20179,2021-03-28,0,2021-03-21,spatial,1.0009254149839937,0.05179497460641765,0.9027370897365852,1.1097934246317671
20179,2021-04-04,1,2021-03-21,spatial,0.9992828805882564,0.05438028007027013,0.8963876635707035,1.1139893106728376
20179,2021-04-11,2,2021-03-21,spatial,1.0001558854322967,0.05674668633121443,0.8929684972697373,1.1202095014811022
20179,2021-04-18,3,2021-03-21,spatial,0.9977354158576222,0.06191953502809543,0.8814380941826041,1.1293770562296044
20181,2021-03-28,0,2021-03-21,spatial,0.9995469188296326,0.02656640340744464,0.9478526503645917,1.054060504612727
20181,2021-04-04,1,2021-03-21,spatial,0.9967362428849984,0.05139651147698998,0.8993005482859686,1.1047287136364394
20181,2021-04-11,2,2021-03-21,spatial,0.9978207838159084,0.05434903796744412,0.8951326280044366,1.1122891574566298
20181,2021-04-18,3,2021-03-21,spatial,0.9993054040352084,0.045672254875383435,0.9120528812045576,1.0949050335931123
20183,2021-03-28,0,2021-03-21,spatial,0.9986453399951406,0.03840874538877023,0.9247418769991028,1.0784550152852843
20183,2021-04-04,1,2021-03-21,spatial,0.9976335618980396,0.07082029692237031,0.8661132799954775,1.1491253474725227
20183,2021-04-11,2,2021-03-21,spatial,1.0025335405754567,0.06981827248831964,0.8718291008216069,1.1528331630953652
20183,2021-04-18,3,2021-03-21,spatial,1.0004813655684828,0.041947380275411804,0.9199791227615524,1.088027910725985
20185,2021-03-28,0,2021-03-21,spatial,2.0021728484886574,0.09775462535453963,1.8159524227067425,2.2074896154217947
20185,2021-04-04,1,2021-03-21,spatial,2.0029203162555924,0.07867819545632818,1.8516395138976343,2.166560911645778
20185,2021-04-11,2,2021-03-21,spatial,1.9984534554902489,0.07560525966986277,1.8531188985259064,2.155186165840661
20185,2021-04-18,3,2021-03-21,spatial,2.005745889308593,0.16973742228785213,1.6947835036806682,2.373764297174997
20187,2021-03-28,0,2021-03-21,spatial,0.9997675775012376,0.06372420091095919,0.8802790828791349,1.1354753605566843
20187,2021-04-04,1,2021-03-21,spatial,1.000064524814228,0.010324290478378838,0.9796134197256009,1.020942581689064
20187,2021-04-11,2,2021-03-21,spatial,0.9986803592979944,0.06306808894605809,0.8805399985229119,1.1326713854232933
20187,2021-04-18,3,2021-03-21,spatial,1.00057236635082,0.07662461551531646,0.859366852554297,1.1649798422282351
20189,2021-03-28,0,2021-03-21,spatial,5.000556083432182,0.09465424465172424,4.814958209976927,5.19330803157073
20189,2021-04-04,1,2021-03-21,spatial,4.998170248076922,0.18512215555134676,4.641205383592282,5.3825900308306425
20189,2021-04-11,2,2021-03-21,spatial,4.985532492626339,0.21788468260558547,4.569001478663113,5.440036373616081
20189,2021-04-18,3,2021-03-21,spatial,5.0020681256514345,0.20505197708067635,4.608612098678745,5.429115099713276
20191,2021-03-28,0,2021-03-21,spatial,7.0073411384123565,0.29330459182451435,6.44359522396596,7.620408812685156
20191,2021-04-04,1,2021-03-21,spatial,6.987980080987746,0.4507307804327903,6.145411668538546,7.946069074961466
20191,2021-04-11,2,2021-03-21,spatial,7.018393558196758,0.4632216652129622,6.157127708585078,8.000134229643468
20191,2021-04-18,3,2021-03-21,spatial,7.033819878034017,0.3971904148595932,6.28427857857437,7.872760804287918
20193,2021-03-28,0,2021-03-21,spatial,2.9995849108060866,0.15371993293151076,2.7081172655597627,3.3224224635914332
20193,2021-04-04,1,2021-03-21,spatial,3.002253636003561,0.15840820385762489,2.702197505228664,3.3356284570079446
20193,2021-04-11,2,2021-03-21,spatial,2.9968618769874604,0.16688596543182518,2.6814556855390093,3.3493677177571795
20193,2021-04-18,3,2021-03-21,spatial,3.0155963714509486,0.24172018034991505,2.5718165494574188,3.5359526236141026
20195,2021-03-28,0,2021-03-21,spatial,0.9997747939848504,0.020795549028862503,0.9590500933522266,1.0422288112122102
20195,2021-04-04,1,2021-03-21,spatial,1.000017498544055,0.009872071510781837,0.98047744620587,1.0199469669232275
20195,2021-04-11,2,2021-03-21,spatial,0.9981593454124852,0.02121040723599864,0.956610049858804,1.0415132884934024
20195,2021-04-18,3,2021-03-21,spatial,1.0005677353308795,0.05450855444246385,0.8974959138071393,1.1154767142486366
20197,2021-03-28,0,2021-03-21,spatial,2.9914396371070517,0.15905171690263667,2.6889629054968847,3.327941446928056
20197,2021-04-04,1,2021-03-21,spatial,3.0011216549462523,0.27581435664345705,2.496716036976725,3.607431143308387
20197,2021-04-11,2,2021-03-21,spatial,2.9970543153605016,0.1527065638149102,2.707695625007484,3.3173354073710475
20197,2021-04-18,3,2021-03-21,spatial,2.9951203976288863,0.15987669309627292,2.6921553594479817,3.332179981667937
20199,2021-03-28,0,2021-03-21,spatial,0.9994081452776514,0.03559505376686615,0.9307580529374956,1.0731216750637025
20199,2021-04-04,1,2021-03-21,spatial,0.9985539988965784,0.04775447303436907,0.9077399297465542,1.0984534843484814
20199,2021-04-11,2,2021-03-21,spatial,1.0026413428891838,0.08046725691257668,0.8545178486924239,1.1764408011007748
20199,2021-04-18,3,2021-03-21,spatial,0.9989903444588634,0.07392907016759045,0.8614211509513022,1.1585293758110382
20201,2021-03-28,0,2021-03-21,spatial,0.9980165704376796,0.07680790055212892,0.8561956870590479,1.1633287692554048
20201,2021-04-04,1,2021-03-21,spatial,0.9979145612662188,0.06718948418258408,0.8726048288796615,1.1412192995375718
20201,2021-04-11,2,2021-03-21,spatial,0.99764095390275,0.08693674313297667,0.8391408511440037,1.1860791564933466
20201,2021-04-18,3,2021-03-21,spatial,0.9993086372807112,0.08808416912885601,0.8380117313305236,1.19165128029689
20203,2021-03-28,0,2021-03-21,spatial,0.9989263437642756,0.01552299836203031,0.9683824588912302,1.0304336175283235
20203,2021-04-04,1,2021-03-21,spatial,0.9996192045694736,0.06678263192852148,0.8748939084921372,1.1421253987998108
20203,2021-04-11,2,2021-03-21,spatial,0.999831610578375,0.07227485210895054,0.8657607325646345,1.1546645763783427
20203,2021-04-18,3,2021-03-21,spatial,0.9979896540569932,0.05071964693904858,0.9017509732923696,1.1044993341879932
20205,2021-03-28,0,2021-03-21,spatial,3.996239207161517,0.11388045714994767,3.7754670036143083,4.229921168842603
20205,2021-04-04,1,2021-03-21,spatial,4.000988099397288,0.2570528753592845,3.5184100960053994,4.5497555244322365
20205,2021-04-11,2,2021-03-21,spatial,4.0013735361649765,0.24211184030050084,3.547880151953064,4.512832872076459
20205,2021-04-18,3,2021-03-21,spatial,3.992209295466093,0.29081535528547525,3.4562735610531203,4.61124814841036
20207,2021-03-28,0,2021-03-21,spatial,2.006666867902136,0.12864802187427332,1.7669395233906264,2.2789189247457693
20207,2021-04-04,1,2021-03-21,spatial,2.009741839539654,0.09673091714075853,1.8254650988012555,2.212620917402693
20207,2021-04-11,2,2021-03-21,spatial,1.9993793335928125,0.09892994561024326,1.81169523117702,2.2065067296119865
20207,2021-04-18,3,2021-03-21,spatial,2.0010478633924023,0.08456998648861422,1.838916513752278,2.177473812237844
20209,2021-03-28,0,2021-03-21,spatial,84.20393362650114,4.5104097537148125,75.67075036977451,93.69938058666747
20209,2021-04-04,1,2021-03-21,spatial,83.76066220785374,6.737046375660858,71.36491685373505,98.3094893514332
20209,2021-04-11,2,2021-03-21,spatial,84.31856708084956,6.636779920950245,72.02868583915001,98.70540704358388
20209,2021-04-18,3,2021-03-21,spatial,84.04485031369155,6.874990554794484,71.38790408531133,98.94585020747515
21001,2021-03-28,0,2021-03-21,spatial,29.98338322030857,2.3365186008153414,25.665412304922327,35.0278132552526
21001,2021-04-04,1,2021-03-21,spatial,30.07184552995551,2.5832675006999164,25.360651955772862,35.658227365549045
21001,2021-04-11,2,2021-03-21,spatial,29.83691375310823,2.9105340602018157,24.570623547470106,36.231942611895256
21001,2021-04-18,3,2021-03-21,spatial,30.066142822996696,2.329964892587447,25.768925049499035,35.0799632703503
21003,2021-03-28,0,2021-03-21,spatial,27.10032708299353,2.3887598658665548,22.748816020943032,32.28421766342051
21003,2021-04-04,1,2021-03-21,spatial,27.078159210734633,2.184318029220956,23.06028743649909,31.796078355960326
21003,2021-04-11,2,2021-03-21,spatial,26.97219581732853,2.327268858161593,22.732247812395602,32.00296570810822
21003,2021-04-18,3,2021-03-21,spatial,27.057030025128583,2.6970936698396466,22.199588438240642,32.97731738664289
21005,2021-03-28,0,2021-03-21,spatial,11.97405330346219,0.9477380653227284,10.223999908894196,14.023665276974876
21005,2021-04-04,1,2021-03-21,spatial,12.012293499304151,1.0627670590467035,10.071207972348123,14.327496315199426
21005,2021-04-11,2,2021-03-21,spatial,11.97913756755518,0.8831664494777036,10.342380290521213,13.87492364730867
21005,2021-04-18,3,2021-03-21,spatial,12.027407785342591,1.214730905499517,9.848569117383168,14.688279719699665
21007,2021-03-28,0,2021-03-21,spatial,2.9995908141298084,0.2335332277090789,2.566217021595081,3.5061512633172915
21007,2021-04-04,1,2021-03-21,spatial,2.9932028840481677,0.2245831112426319,2.5774775861645423,3.475981150395277
21007,2021-04-11,2,2021-03-21,spatial,3.0016333325642948,0.214629571741303,2.6025277644512834,3.461942956470498
21007,2021-04-18,3,2021-03-21,spatial,3.006465042933512,0.24653078892136254,2.5539096669326917,3.5392136892754937
21009,2021-03-28,0,2021-03-21,spatial,46.09715855550668,3.8278029448634667,39.10866295197384,54.33445856998482
21009,2021-04-04,1,2021-03-21,spatial,45.916751568930856,3.99757185615754,38.60220866686039,54.61729127569088
21009,2021-04-11,2,2021-03-21,spatial,46.385131549189346,4.356373046062712,38.45192058860285,55.95508354069915
21009,2021-04-18,3,2021-03-21,spatial,45.935339880186994,4.067078033956607,38.50733126029003,54.79620064151922
21011,2021-03-28,0,2021-03-21,spatial,6.9980454776968095,0.3582714646014817,6.320823628558303,7.747825819193563
21011,2021-04-04,1,2021-03-21,spatial,6.993965606783114,0.5619369830351246,5.958016334707537,8.210040416290031
21011,2021-04-11,2,2021-03-21,spatial,6.976623372718986,0.5272177362981587,6.005697277273152,8.104516667691357
21011,2021-04-18,3,2021-03-21,spatial,7.00901605804594,0.7532424940693518,5.665174636020893,8.671631372065027
21013,2021-03-28,0,2021-03-21,spatial,28.947913812508602,2.1152191257829527,25.02502000119145,33.48575601763873
21013,2021-04-04,1,2021-03-21,spatial,28.965148436149157,2.674268436894036,24.094202438704492,34.820817417074245
21013,2021-04-11,2,2021-03-21,spatial,28.993445860181517,2.332756406702554,24.708388529931444,34.021640133631536
21013,2021-04-18,3,2021-03-21,spatial,28.94757726612589,2.5117401394660566,24.341300527910466,34.42553238342773
21015,2021-03-28,0,2021-03-21,spatial,72.87329397519161,4.886445166454816,63.76732072363532,83.27960018596734
21015,2021-04-04,1,2021-03-21,spatial,73.05909330229429,5.5465817954311785,62.843577133476884,84.93518920503931
21015,2021-04-11,2,2021-03-21,spatial,73.12102751690283,6.519320309640364,61.23678049437989,87.31165521705309
21015,2021-04-18,3,2021-03-21,spatial,73.07959610697725,6.221553854066527,61.71360319041229,86.53890051891564
21017,2021-03-28,0,2021-03-21,spatial,3.9999899422460232,0.2288280282801507,3.56880571381298,4.483269984729634
21017,2021-04-04,1,2021-03-21,spatial,3.982460373584964,0.3560320541831149,3.332703264974978,4.7588967172250065
21017,2021-04-11,2,2021-03-21,spatial,3.995442574134057,0.30827930768041795,3.429301259227674,4.655047823590219
21017,2021-04-18,3,2021-03-21,spatial,4.015064071292033,0.4276966207091033,3.2587821822604344,4.946860082989073
21019,2021-03-28,0,2021-03-21,spatial,20.87267772324412,2.200638379913616,16.91516463869743,25.756100200273323
21019,2021-04-04,1,2021-03-21,spatial,20.914548608972378,1.5743751650853,18.006563961805355,24.29216059459757
21019,2021-04-11,2,2021-03-21,spatial,21.04337987327336,2.1128388165170557,17.246523965091722,25.67612101935412
21019,2021-04-18,3,2021-03-21,spatial,21.080376518314107,1.6159516984457185,18.09280049100529,24.561276424554077
21021,2021-03-28,0,2021-03-21,spatial,24.961062939189745,2.1627785969181272,21.019010352684266,29.642435709377896
21021,2021-04-04,1,2021-03-21,spatial,25.051739121080274,2.236621349085805,20.961642005225762,29.939907991664253
21021,2021-04-11,2,2021-03-21,spatial,25.0724095632866,1.8787657511265656,21.594002676164557,29.11112547017797
21021,2021-04-18,3,2021-03-21,spatial,25.064277106613666,1.8820599477731077,21.589492768539177,29.09832081801268
21023,2021-03-28,0,2021-03-21,spatial,5.0029276263641576,0.3934286542893245,4.279978747402882,5.847992784970166
21023,2021-04-04,1,2021-03-21,spatial,4.97846319092248,0.477051079188674,4.116528275631636,6.020873436018618
21023,2021-04-11,2,2021-03-21,spatial,5.029582843564816,0.5145940243126342,4.103160364599663,6.165175458052003
21023,2021-04-18,3,2021-03-21,spatial,5.0121564832023475,0.4661243333183944,4.166321417470678,6.029710647566506
21025,2021-03-28,0,2021-03-21,spatial,11.00543457630283,0.8357921527970864,9.468636386561613,12.791661361627655
21025,2021-04-04,1,2021-03-21,spatial,10.986924805878896,0.9156484384657834,9.310597109861924,12.965067145068119
21025,2021-04-11,2,2021-03-21,spatial,10.985598580095608,1.0949474012372156,9.011080217754131,13.392775699102266
21025,2021-04-18,3,2021-03-21,spatial,11.024200407160478,1.0583486043844021,9.11846557209548,13.328228708693596
21027,2021-03-28,0,2021-03-21,spatial,7.003914473898523,0.6550773439262532,5.816432569564871,8.433832485976032
21027,2021-04-04,1,2021-03-21,spatial,7.013610565128102,0.5532076885829587,5.99212679972891,8.209227675472755
21027,2021-04-11,2,2021-03-21,spatial,6.998037805630855,0.5089788306512236,6.055652605947237,8.0870776967858
21027,2021-04-18,3,2021-03-21,spatial,6.975777428720585,0.741892190970329,5.6472402081452024,8.616858667506566
21029,2021-03-28,0,2021-03-21,spatial,55.863475511235286,4.200678473519048,48.098335220057145,64.88224346885572
21029,2021-04-04,1,2021-03-21,spatial,56.10743790456704,4.687726896802328,47.50800112294829,66.26346118136743
21029,2021-04-11,2,2021-03-21,spatial,55.80522072951115,4.305777450843558,47.860924956803295,65.0681670586223
21029,2021-04-18,3,2021-03-21,spatial,55.79167717565787,5.2679038699440035,46.184912064273355,67.39671253982274
21031,2021-03-28,0,2021-03-21,spatial,10.003424554174655,0.8529379470367741,8.445941071409234,11.848117570913574
21031,2021-04-04,1,2021-03-21,spatial,10.008834194873996,0.9263790180735222,8.321113109131941,12.038865549194462
21031,2021-04-11,2,2021-03-21,spatial,9.998132945247363,0.804141258072778,8.520957319362708,11.731388697803858
21031,2021-04-18,3,2021-03-21,spatial,9.953499588287924,0.8886153616348557,8.341460132447573,11.877075773420724
21033,2021-03-28,0,2021-03-21,spatial,3.9992558046347115,0.3560122741815143,3.3554782916422403,4.766547597921315
21033,2021-04-04,1,2021-03-21,spatial,4.005648402052837,0.33935058623655884,3.3821640529015737,4.744068847607547
21033,2021-04-11,2,2021-03-21,spatial,3.9939874795695696,0.3463659779459438,3.3588737104666087,4.749191950042823
21033,2021-04-18,3,2021-03-21,spatial,3.9952530962873816,0.3598208783871464,3.33710432522144,4.783202965143957
21035,2021-03-28,0,2021-03-21,spatial,5.98359829460878,0.39321967305568384,5.248749293599845,6.8213295298563175
21035,2021-04-04,1,2021-03-21,spatial,5.030086614999409,0.09634441355826104,4.841118118518062,5.226431319164228
21035,2021-04-11,2,2021-03-21,spatial,5.991012288613421,0.4582737595665801,5.144297995189195,6.977089639029938
21035,2021-04-18,3,2021-03-21,spatial,5.990755356455012,0.4478794365390412,5.1614124710784015,6.953358202235659
21037,2021-03-28,0,2021-03-21,spatial,49.07081473538473,3.2487486651784248,43.01522094153428,55.978902492847745
21037,2021-04-04,1,2021-03-21,spatial,48.899135979574034,3.892841765624811,41.713443918524476,57.322658474789655
21037,2021-04-11,2,2021-03-21,spatial,49.053364384826075,4.127296918527783,41.488597260091545,57.99744306576282
21037,2021-04-18,3,2021-03-21,spatial,48.96903712376256,4.1244043204209735,41.396880702286026,57.92626294898631
21039,2021-03-28,0,2021-03-21,spatial,1.0012364901923936,0.07776433593958497,0.8568305860580845,1.169979836859868
21039,2021-04-04,1,2021-03-21,spatial,1.0002552931742588,0.10049128829277364,0.8194149617443021,1.221006081452698
21039,2021-04-11,2,2021-03-21,spatial,1.0038958442814994,0.07987624190361815,0.8570635863163231,1.1758834259862083
21039,2021-04-18,3,2021-03-21,spatial,0.9985457885985662,0.08613265871021515,0.8410855030146651,1.1854843394091257
21041,2021-03-28,0,2021-03-21,spatial,6.983210743676282,0.5008313154912414,6.0547699103579475,8.054019064733204
21041,2021-04-04,1,2021-03-21,spatial,7.037354426746241,0.5191078225022898,6.0746226727290615,8.152663958862124
21041,2021-04-11,2,2021-03-21,spatial,7.01206886668345,0.5249626553791699,6.037970188803456,8.143317746465247
21041,2021-04-18,3,2021-03-21,spatial,6.96978223286906,0.5351379676618996,5.982069922619457,8.120577827071893
21043,2021-03-28,0,2021-03-21,spatial,23.133078038467854,1.9025949301594949,19.65091512766404,27.232283894020227
21043,2021-04-04,1,2021-03-21,spatial,24.213027727275662,0.2439340488611894,23.73022175630056,24.705656682966328
21043,2021-04-11,2,2021-03-21,spatial,22.971280266557606,1.7227516893670216,19.78592838352773,26.66944440797861
21043,2021-04-18,3,2021-03-21,spatial,23.057577649240827,2.032641793565873,19.345154665738512,27.48243145309969
21045,2021-03-28,0,2021-03-21,spatial,6.997429704083222,0.5312475347812678,6.015880680310481,8.1391279291562
21045,2021-04-04,1,2021-03-21,spatial,7.01006944701592,0.43143056440896493,6.197324360201702,7.929401592655497
21045,2021-04-11,2,2021-03-21,spatial,6.963610355670737,0.7137712911102646,5.682402033298207,8.533692072727009
21045,2021-04-18,3,2021-03-21,spatial,7.0112163606600895,0.7787175369705539,5.623213321110308,8.741826434264027
21047,2021-03-28,0,2021-03-21,spatial,63.05028845522197,3.998565049812988,55.562101615661724,71.5476693409692
21047,2021-04-04,1,2021-03-21,spatial,63.42807620355649,6.011431269626117,52.545342746411976,76.56474657135782
21047,2021-04-11,2,2021-03-21,spatial,63.041272900610984,6.1505150302507055,51.9922696055326,76.43832667974944
21047,2021-04-18,3,2021-03-21,spatial,63.28961886162535,6.711057399860043,51.297454648509515,78.08527505109238
21049,2021-03-28,0,2021-03-21,spatial,34.82323789051657,2.330353946957912,30.47079797398517,39.79737905829806
21049,2021-04-04,1,2021-03-21,spatial,34.9006283671498,2.927674356042862,29.51951321364361,41.26266756522696
21049,2021-04-11,2,2021-03-21,spatial,34.90933182461635,3.241094887697524,29.031685794725558,41.976943986579535
21049,2021-04-18,3,2021-03-21,spatial,34.848826355227764,3.231208118455879,28.99545363997477,41.88383163153965
21051,2021-03-28,0,2021-03-21,spatial,23.012938273255862,1.7435570426485871,19.792353857116176,26.757571726531808
21051,2021-04-04,1,2021-03-21,spatial,22.986628787347726,1.8542252846364151,19.578700822726102,26.987751015327678
21051,2021-04-11,2,2021-03-21,spatial,23.010444293773517,1.5561288664456978,20.08990210721757,26.35555632730689
21051,2021-04-18,3,2021-03-21,spatial,22.95427700011809,1.9168069496832207,19.43785044154616,27.106846725806946
21053,2021-03-28,0,2021-03-21,spatial,1.994137044119035,0.1478985139447432,1.7211852891789396,2.3103744702726097
21053,2021-04-04,1,2021-03-21,spatial,2.0034759707800163,0.1796888774023589,1.6757286876599224,2.3953256843135966
21053,2021-04-11,2,2021-03-21,spatial,2.0046004098443326,0.16908482024028448,1.6964798725746086,2.368682863917292
21053,2021-04-18,3,2021-03-21,spatial,1.9936153948854667,0.14659414409036728,1.722058341803998,2.3079951742870204
21055,2021-03-28,0,2021-03-21,spatial,5.975887033442475,0.4523718351306543,5.137622834803189,6.950923994371791
21055,2021-04-04,1,2021-03-21,spatial,5.997768193612322,0.5473997769035563,5.00379423878953,7.1891891607856975
21055,2021-04-11,2,2021-03-21,spatial,5.997915146113503,0.5329915260304998,5.031793551192751,7.1495353960716725
21055,2021-04-18,3,2021-03-21,spatial,5.989728810178425,0.48672508745710297,5.092286981076668,7.045331764058588
21057,2021-03-28,0,2021-03-21,spatial,5.001399009760876,0.4642990107792057,4.160612025612699,6.012094350747224
21057,2021-04-04,1,2021-03-21,spatial,5.023736905485602,0.4337145807870278,4.236170980346271,5.957722814454263
21057,2021-04-11,2,2021-03-21,spatial,4.991995577134959,0.4017734201256775,4.254657042424223,5.857116001043418
21057,2021-04-18,3,2021-03-21,spatial,5.009270506227459,0.43011313971915655,4.223401770703555,5.941369627351418
21059,2021-03-28,0,2021-03-21,spatial,87.73547495461195,7.40807763645001,74.24019986943863,103.68390143141391
21059,2021-04-04,1,2021-03-21,spatial,87.86835701187616,5.7415746742161895,77.16907091278709,100.051070625073
21059,2021-04-11,2,2021-03-21,spatial,88.14726483017756,7.331477358994332,74.72117933317466,103.98578242985208
21059,2021-04-18,3,2021-03-21,spatial,87.6981102210803,7.1128379142029825,74.64310739929073,103.03641962823522
21061,2021-03-28,0,2021-03-21,spatial,6.993813384311947,0.4023415784968821,6.233631206164107,7.8466986635675555
21061,2021-04-04,1,2021-03-21,spatial,6.976898444385122,0.4995227494332241,6.0489214804607085,8.047238182955567
21061,2021-04-11,2,2021-03-21,spatial,6.999275523346003,0.5216232128515206,6.031651594875032,8.122129914356481
21061,2021-04-18,3,2021-03-21,spatial,6.994240395943774,0.641766896664226,5.826563062110982,8.395927100551809
21063,2021-03-28,0,2021-03-21,spatial,2.9960939708473457,0.24458463471334496,2.544874047946044,3.5273176247731284
21063,2021-04-04,1,2021-03-21,spatial,3.004731514315856,0.22267479505017468,2.5921211558513138,3.4830206345650967
21063,2021-04-11,2,2021-03-21,spatial,3.0000049370732187,0.2669870068539205,2.5128795377409223,3.5815603124989868
21063,2021-04-18,3,2021-03-21,spatial,2.995876417225004,0.3305957846926049,2.4106759009556,3.723136529355564
21065,2021-03-28,0,2021-03-21,spatial,9.009544765456537,0.5603718095615351,7.9572188227790175,10.201038665468849
21065,2021-04-04,1,2021-03-21,spatial,9.004848227536566,0.8331972050951143,7.490887597231111,10.82479086069067
21065,2021-04-11,2,2021-03-21,spatial,9.004916823916961,0.7046789879885152,7.7132638582234305,10.512868287166249
21065,2021-04-18,3,2021-03-21,spatial,9.020953328371196,0.7426357237103749,7.6611950225119125,10.622050308539167
21067,2021-03-28,0,2021-03-21,spatial,247.1068181728339,23.60894618457047,204.08590889271647,299.19645074369555
21067,2021-04-04,1,2021-03-21,spatial,247.4980907805394,21.265692602161586,208.51798584095334,293.7650903012965
21067,2021-04-11,2,2021-03-21,spatial,246.07181085259919,26.10342767954647,199.56649656892054,303.4143362604246
21067,2021-04-18,3,2021-03-21,spatial,248.282410676496,20.633314036030303,210.4464365195452,292.92088034765555
21069,2021-03-28,0,2021-03-21,spatial,9.008626835450924,0.5850744881424863,7.9108217565821315,10.258777148263
21069,2021-04-04,1,2021-03-21,spatial,9.023183126129274,0.7882953721648834,7.5822980108878175,10.737883635113253
21069,2021-04-11,2,2021-03-21,spatial,8.98944073349702,0.7621153715590461,7.597270496440464,10.636720745814856
21069,2021-04-18,3,2021-03-21,spatial,8.984523007501098,0.8388674547900126,7.464933954224169,10.813445124539747
21071,2021-03-28,0,2021-03-21,spatial,37.02393619069729,3.0440470468811966,31.411022625408908,43.63983520689275
21071,2021-04-04,1,2021-03-21,spatial,36.781493496692185,3.521220586916768,30.432645138591706,44.4548364983109
21071,2021-04-11,2,2021-03-21,spatial,36.91859604173317,3.1439338292013104,31.13737409378313,43.773207386964856
21071,2021-04-18,3,2021-03-21,spatial,36.876506238696386,3.4483408087629708,30.63267522297719,44.39301179129751
21073,2021-03-28,0,2021-03-21,spatial,25.907286000513604,1.9008483677099048,22.38656824891859,29.98170422770497
21073,2021-04-04,1,2021-03-21,spatial,26.130266884884357,2.185737673825269,22.11828032186839,30.869978928705745
21073,2021-04-11,2,2021-03-21,spatial,25.954343620236678,1.793618864168143,22.62169224060445,29.777964689494034
21073,2021-04-18,3,2021-03-21,spatial,26.122343760975262,2.485350630263834,21.596350550453085,31.596859014322987
21075,2021-03-28,0,2021-03-21,spatial,1.0024745255023282,0.0784735691723525,0.8576938162747726,1.1716945548773414
21075,2021-04-04,1,2021-03-21,spatial,0.9991880661253528,0.08410104797677058,0.8453702883073596,1.1809934714955734
21075,2021-04-11,2,2021-03-21,spatial,1.009012227885303,0.0935295766780511,0.8394931497306262,1.2127623392147382
21075,2021-04-18,3,2021-03-21,spatial,0.9983135233109436,0.08333988873180395,0.8458812706562551,1.1782148693897667
21077,2021-03-28,0,2021-03-21,spatial,2.9973836865355383,0.271294274499298,2.50280763680356,3.5896921649894016
21077,2021-04-04,1,2021-03-21,spatial,2.989922035844123,0.2668728664439657,2.5018276272130953,3.573241290961584
21077,2021-04-11,2,2021-03-21,spatial,3.0049292368104057,0.3184310172554737,2.432307804528947,3.7123589791657503
21077,2021-04-18,3,2021-03-21,spatial,3.0091184439844705,0.3251035651884956,2.426656751034213,3.731386322383037
21079,2021-03-28,0,2021-03-21,spatial,16.03565106330933,1.4908250273639656,13.341830978346172,19.27337450471049
21079,2021-04-04,1,2021-03-21,spatial,15.952617223753496,1.5009183268709765,13.245129951444296,19.213552243014924
21079,2021-04-11,2,2021-03-21,spatial,15.922466835732806,1.588852304842007,13.049746385232242,19.42757680117928
21079,2021-04-18,3,2021-03-21,spatial,16.100247075667323,1.7612138157715362,12.947918438114149,20.020048561202486
21081,2021-03-28,0,2021-03-21,spatial,9.933459273479915,0.8706699921189811,8.344450316394306,11.825058499541967
21081,2021-04-04,1,2021-03-21,spatial,10.018440467336346,0.9013615669234818,8.382343208865754,11.973877339143677
21081,2021-04-11,2,2021-03-21,spatial,10.005993326191973,1.0275682547622738,8.167750658320232,12.257952847986283
21081,2021-04-18,3,2021-03-21,spatial,10.024922309279212,1.2517355896018003,7.847248187934882,12.806918412699249
21083,2021-03-28,0,2021-03-21,spatial,14.016363519057505,1.129896786894154,11.941010037791262,16.452414467168904
21083,2021-04-04,1,2021-03-21,spatial,13.95940804517582,0.9599029298296642,12.165306554962266,16.01809803076712
21083,2021-04-11,2,2021-03-21,spatial,13.99692869309444,1.1473845648960501,11.899062279679294,16.46465983913236
21083,2021-04-18,3,2021-03-21,spatial,13.944172419821838,1.2719349982369113,11.63239507599293,16.715383478936968
21085,2021-03-28,0,2021-03-21,spatial,16.045444783435627,1.2257110410957328,13.78913969790967,18.670947132206507
21085,2021-04-04,1,2021-03-21,spatial,15.987012480626113,1.3444399189575804,13.524247008001993,18.89824756265332
21085,2021-04-11,2,2021-03-21,spatial,15.95395560226047,1.1837150026045604,13.752985575696444,18.507159624211926
21085,2021-04-18,3,2021-03-21,spatial,16.03046459990983,1.2577011386348558,13.699033619690336,18.758680533464602
21087,2021-03-28,0,2021-03-21,spatial,6.0000597069114425,0.4136835811014402,5.2290760208786375,6.8847185129377895
21087,2021-04-04,1,2021-03-21,spatial,5.98666044595605,0.47645512199204604,5.1047315481347315,7.020957509170224
21087,2021-04-11,2,2021-03-21,spatial,6.026042029053298,0.5884149361608565,4.963481417862623,7.316071015241957
21087,2021-04-18,3,2021-03-21,spatial,6.0053745233874665,0.5481848819355943,5.006650166266333,7.203323972812356
21089,2021-03-28,0,2021-03-21,spatial,18.051549581508038,1.2477244409321282,15.721865745421852,20.726448601593727
21089,2021-04-04,1,2021-03-21,spatial,17.98737118043266,1.4272979123345932,15.354146373483319,21.07219210450045
21089,2021-04-11,2,2021-03-21,spatial,18.020830742767924,1.7065906058679543,14.929846021769404,21.75175418326263
21089,2021-04-18,3,2021-03-21,spatial,17.961738270684148,1.4385117220620276,15.322157909417713,21.056044691084914
21091,2021-03-28,0,2021-03-21,spatial,8.983824573099659,0.8837188734371352,7.389656571626428,10.921901874320193
21091,2021-04-04,1,2021-03-21,spatial,9.048501615344303,0.9624526781739144,7.337605206407986,11.158324709455075
21091,2021-04-11,2,2021-03-21,spatial,9.040575631026037,0.7201670782276417,7.716227799714849,10.5922232808267
21091,2021-04-18,3,2021-03-21,spatial,8.97605808598198,0.7411940032336698,7.622032524924919,10.57062122202321
21093,2021-03-28,0,2021-03-21,spatial,66.14693208229608,4.917606776104243,57.029421838814145,76.722093312929
21093,2021-04-04,1,2021-03-21,spatial,66.09344318671981,5.7876326917256105,55.529427457289074,78.66717580756811
21093,2021-04-11,2,2021-03-21,spatial,66.10422645194528,6.2607535929863,54.83926853872451,79.68320641848764
21093,2021-04-18,3,2021-03-21,spatial,65.71630495710228,6.1069836281542615,54.61000731415877,79.08134332176094
21095,2021-03-28,0,2021-03-21,spatial,24.958106292921748,2.2533297001414923,20.85861855585481,29.86329454468768
21095,2021-04-04,1,2021-03-21,spatial,24.99235738216449,1.5403032287940168,22.116631784099102,28.242000572931055
21095,2021-04-11,2,2021-03-21,spatial,25.020071187910357,2.200512131313813,20.99652512689217,29.814645921877872
21095,2021-04-18,3,2021-03-21,spatial,25.16814146259586,2.096288188749508,21.32896225279236,29.698366810992326
21097,2021-03-28,0,2021-03-21,spatial,26.08261312167925,2.286441027189112,21.916554583488306,31.04058645092543
21097,2021-04-04,1,2021-03-21,spatial,25.98693123587368,2.19837647259232,21.97298018068084,30.734137540968838
21097,2021-04-11,2,2021-03-21,spatial,25.968639820664507,2.717524112816621,21.102255810536413,31.95725898643913
21097,2021-04-18,3,2021-03-21,spatial,25.92113294222876,2.1242580721647903,22.019534561973547,30.514047929470678
21099,2021-03-28,0,2021-03-21,spatial,7.041878896617685,0.7387053711034133,5.72072222221313,8.668146515152026
21099,2021-04-04,1,2021-03-21,spatial,7.00887879894722,0.4880872605235254,6.102742652859599,8.049558176160897
21099,2021-04-11,2,2021-03-21,spatial,6.983307357531152,0.5141528138835806,6.032073743338829,8.084546662514077
21099,2021-04-18,3,2021-03-21,spatial,6.9940259680136325,0.6909314522521143,5.7507648318500815,8.50606843985865
21101,2021-03-28,0,2021-03-21,spatial,32.018391247557766,2.7787627413128906,26.96174346847712,38.023408214691
21101,2021-04-04,1,2021-03-21,spatial,32.023199784900605,2.327517850069046,27.71398924786376,37.00244361402081
21101,2021-04-11,2,2021-03-21,spatial,32.04965534331603,2.39451805675006,27.64034501645252,37.16235839364274
21101,2021-04-18,3,2021-03-21,spatial,31.8848734598034,3.0215199518410385,26.40994112089242,38.49479068862543
21103,2021-03-28,0,2021-03-21,spatial,17.017699953648407,1.3086176243907854,14.601044931448204,19.83434151953402
21103,2021-04-04,1,2021-03-21,spatial,17.052428126441697,1.7148526381649352,13.973317239338325,20.810041025106614
21103,2021-04-11,2,2021-03-21,spatial,16.987120720183178,1.3459140495954782,14.51016021318065,19.886911386405934
21103,2021-04-18,3,2021-03-21,spatial,16.95833924629813,1.3997670400255129,14.399638502160585,19.971700674942973
21105,2021-03-28,0,2021-03-21,spatial,3.9985425752060864,0.2900595023260961,3.4611365905246925,4.619390858339966
21105,2021-04-04,1,2021-03-21,spatial,4.029690859941467,0.3334629438101254,3.4166778001371716,4.7526894183712205
21105,2021-04-11,2,2021-03-21,spatial,4.000636429029603,0.3463259537838626,3.366743164774185,4.753879655786644
21105,2021-04-18,3,2021-03-21,spatial,3.9807314581467454,0.3556188858339962,3.3324477171118336,4.7551302487088165
21107,2021-03-28,0,2021-03-21,spatial,48.96121950482194,3.553748353322768,42.39639790755405,56.54256337122056
21107,2021-04-04,1,2021-03-21,spatial,51.643346594287074,1.9619549866854995,47.865688273008615,55.71914546064515
21107,2021-04-11,2,2021-03-21,spatial,50.223775203336075,2.648477730713607,45.19224553994856,55.81549590062939
21107,2021-04-18,3,2021-03-21,spatial,49.09444904399271,4.14530017572751,41.443789893466956,58.15744489412978
21109,2021-03-28,0,2021-03-21,spatial,6.000221266884131,0.5180358753556357,5.0532529459583575,7.124649337089662
21109,2021-04-04,1,2021-03-21,spatial,6.005715385283456,0.4793091779287758,5.1241545646527635,7.0389401478709255
21109,2021-04-11,2,2021-03-21,spatial,6.002112413297068,0.5959093016529351,4.931847807699691,7.304636076890151
21109,2021-04-18,3,2021-03-21,spatial,5.985816351802135,0.5252380272225284,5.02997971680514,7.123288644245214
21111,2021-03-28,0,2021-03-21,spatial,650.8093342065278,62.80686983988159,536.9786581580373,788.7702482315204
21111,2021-04-04,1,2021-03-21,spatial,651.7288283032983,61.53828518449393,539.9303780967906,786.6763621243167
21111,2021-04-11,2,2021-03-21,spatial,650.665526139289,49.82051257859212,558.4501319656949,758.1082046053215
21111,2021-04-18,3,2021-03-21,spatial,651.1990893086409,49.603586648680846,559.5900271306791,757.8052384006728
21113,2021-03-28,0,2021-03-21,spatial,23.013892113929,1.4941522255988124,20.218701956926814,26.195511035272563
21113,2021-04-04,1,2021-03-21,spatial,22.919332512213696,1.7875270752694064,19.618621599800466,26.775367481003794
21113,2021-04-11,2,2021-03-21,spatial,22.923590142271294,2.074778651917045,19.15587670772186,27.432364126618594
21113,2021-04-18,3,2021-03-21,spatial,23.026977823468545,1.9001413975980337,19.530923143634503,27.14882977025731
21115,2021-03-28,0,2021-03-21,spatial,10.039941449109673,0.8732689068173177,8.448235360191957,11.931535995850863
21115,2021-04-04,1,2021-03-21,spatial,10.032305271877952,0.8288299181009747,8.509875167205651,11.82710052622302
21115,2021-04-11,2,2021-03-21,spatial,9.968002661487391,0.9244691986682624,8.284616623668656,11.993442976655194
21115,2021-04-18,3,2021-03-21,spatial,9.989218908838131,1.0103234344569711,8.17785795165141,12.201788658916366
21117,2021-03-28,0,2021-03-21,spatial,90.05480336340504,6.569388199090463,77.87394029244444,104.14096908883892
21117,2021-04-04,1,2021-03-21,spatial,90.01786775506795,6.823226997240907,77.404021687565,104.68728030536802
21117,2021-04-11,2,2021-03-21,spatial,90.29173101535022,6.9709445815589115,77.46351381695459,105.24434392445524
21117,2021-04-18,3,2021-03-21,spatial,89.48378912308243,7.562742831778609,75.63831397038841,105.86365686256676
21119,2021-03-28,0,2021-03-21,spatial,7.011548096919963,0.5127864173208895,6.061482981596245,8.11052458031905
21119,2021-04-04,1,2021-03-21,spatial,7.008672898453757,0.6280130703555592,5.868018213316473,8.371053737707784
21119,2021-04-11,2,2021-03-21,spatial,7.0035094660590245,0.5687052261402561,5.956478314329847,8.234587998612868
21119,2021-04-18,3,2021-03-21,spatial,7.017457446099054,0.5419506081793203,6.017172944139613,8.184027526709635
21121,2021-03-28,0,2021-03-21,spatial,57.0628437370024,4.891626688084012,48.1013643777857,67.693883062854
21121,2021-04-04,1,2021-03-21,spatial,57.27817829973353,5.425092127504048,47.48776829063645,69.08704762154433
21121,2021-04-11,2,2021-03-21,spatial,57.08170437453996,5.104613732384288,47.80571809177509,68.15755738774196
21121,2021-04-18,3,2021-03-21,spatial,57.08850647031675,4.726305202514831,48.40430635134882,67.33073597532463
21123,2021-03-28,0,2021-03-21,spatial,6.0238398333099035,0.3213758215996293,5.4170345166324365,6.698618261699598
21123,2021-04-04,1,2021-03-21,spatial,5.990676583300916,0.4295133817127596,5.1941158145357065,6.9093965570188045
21123,2021-04-11,2,2021-03-21,spatial,5.988512210026383,0.39299487139185707,5.252189745289264,6.82806224238191
21123,2021-04-18,3,2021-03-21,spatial,5.9920238832881845,0.4854389825324915,5.095400227534184,7.046423953878733
21125,2021-03-28,0,2021-03-21,spatial,81.63973423688846,8.529582564154648,66.32609075789814,100.48905536432663
21125,2021-04-04,1,2021-03-21,spatial,82.07656854084165,6.396422227041095,70.26719778242231,95.87066676970377
21125,2021-04-11,2,2021-03-21,spatial,82.24465960536409,7.430460826944328,68.67692822513827,98.49281568662632
21125,2021-04-18,3,2021-03-21,spatial,82.34439440530512,6.864220446988955,69.7068429108473,97.2730797555787
21127,2021-03-28,0,2021-03-21,spatial,5.994852063761289,0.4124746104057605,5.2253614047303865,6.877658497237916
21127,2021-04-04,1,2021-03-21,spatial,5.997059814248416,0.3891102239827534,5.2664394852160346,6.829040097514371
21127,2021-04-11,2,2021-03-21,spatial,5.976992471700744,0.4415077056948447,5.16116527123619,6.921777763224147
21127,2021-04-18,3,2021-03-21,spatial,6.002603701471207,0.4413551715709513,5.185201946143954,6.948861697413921
21129,2021-03-28,0,2021-03-21,spatial,11.97612259589577,1.0309586682556895,10.096927497897543,14.205065101417313
21129,2021-04-04,1,2021-03-21,spatial,12.026921310930993,0.9802489134758636,10.222262213938784,14.150178619179801
21129,2021-04-11,2,2021-03-21,spatial,12.004846625880091,0.9701337169490978,10.228757593981896,14.089330125067749
21129,2021-04-18,3,2021-03-21,spatial,11.995474660158454,1.2039939145943208,9.816192711882,14.658576552631281
21131,2021-03-28,0,2021-03-21,spatial,2.993160498395668,0.20028870840519927,2.6188195926022773,3.4210106700224374
21131,2021-04-04,1,2021-03-21,spatial,3.002574557865832,0.22313883835858636,2.5888984761495566,3.4823513006009383
21131,2021-04-11,2,2021-03-21,spatial,3.0037122979720565,0.24833620604130785,2.5488231511008927,3.5397856320834373
21131,2021-04-18,3,2021-03-21,spatial,2.9961655928691435,0.2509260914891281,2.5366318011868776,3.5389480868656635
21133,2021-03-28,0,2021-03-21,spatial,8.97313971216405,0.5645943154542378,7.914960692085062,10.172790418849775
21133,2021-04-04,1,2021-03-21,spatial,9.019683371813006,0.6493173012878389,7.814009028190973,10.411389062164227
21133,2021-04-11,2,2021-03-21,spatial,8.976843395512153,0.6728716062995742,7.727665364308907,10.4279512049959
21133,2021-04-18,3,2021-03-21,spatial,9.024985499232658,0.8248189356037582,7.525171567446806,10.82372176253183
21135,2021-03-28,0,2021-03-21,spatial,3.002060684934168,0.2387991072868233,2.5618966568948665,3.517850078679912
21135,2021-04-04,1,2021-03-21,spatial,3.0088947009324154,0.24660416921815714,2.5566602644857497,3.5411225523623457
21135,2021-04-11,2,2021-03-21,spatial,3.0108281436233155,0.20470970185710052,2.6290744886126203,3.448014177497849
21135,2021-04-18,3,2021-03-21,spatial,2.9999111920302766,0.23102525714685676,2.5741126664670984,3.4961434584058213
21137,2021-03-28,0,2021-03-21,spatial,12.004745739621606,1.0573856526624332,10.073119655686424,14.306781334778307
21137,2021-04-04,1,2021-03-21,spatial,12.027739180414988,1.0154104650245848,10.169566863114843,14.225434744600305
21137,2021-04-11,2,2021-03-21,spatial,12.041398105310565,1.0515013675898832,10.118856195031267,14.329215233019605
21137,2021-04-18,3,2021-03-21,spatial,11.993061488614769,1.0003346060430127,10.156212928931641,14.162121735352885
21139,2021-03-28,0,2021-03-21,spatial,2.997490219847773,0.2045035758716317,2.6178189111780608,3.4322265683533013
21139,2021-04-04,1,2021-03-21,spatial,2.9953054250751063,0.2546072271178773,2.5283381128220297,3.5485185086540265
21139,2021-04-11,2,2021-03-21,spatial,3.003142393874379,0.2576839994282723,2.532643960104337,3.561047024357101
21139,2021-04-18,3,2021-03-21,spatial,2.991094842269358,0.30660882263397204,2.4413258542509313,3.664667844266716
21141,2021-03-28,0,2021-03-21,spatial,28.972018137500893,2.3284521640048808,24.68112466148914,34.008897344511716
21141,2021-04-04,1,2021-03-21,spatial,29.053900840354533,2.0836745732053985,25.17852655828768,33.52575664374225
21141,2021-04-11,2,2021-03-21,spatial,29.069702063073894,1.911487797332096,25.487949399749798,33.154788750646894
21141,2021-04-18,3,2021-03-21,spatial,29.084624909983862,2.160338511684917,25.092943023844796,33.71128708779257
21143,2021-03-28,0,2021-03-21,spatial,22.057374108844414,2.1461795669511528,18.18865146718737,26.7489733065271
21143,2021-04-04,1,2021-03-21,spatial,22.01324759035425,1.9885023898662684,18.40105124825698,26.33453181215063
21143,2021-04-11,2,2021-03-21,spatial,21.934396695630337,2.229840251876484,17.916951508132374,26.852657282847648
21143,2021-04-18,3,2021-03-21,spatial,21.92127834497211,2.2391793719204314,17.936585294859952,26.79118886778584
21145,2021-03-28,0,2021-03-21,spatial,54.10096459371733,4.0504239955995365,46.62763925315714,62.77209004898261
21145,2021-04-04,1,2021-03-21,spatial,54.111258600457795,4.862402073425171,45.237554501129246,64.7256099410176
21145,2021-04-11,2,2021-03-21,spatial,54.09802455652114,4.354923547664901,46.0871880165265,63.501298015155776
21145,2021-04-18,3,2021-03-21,spatial,54.00939142979321,5.756145161652332,43.73569515666252,66.69642158808243
21147,2021-03-28,0,2021-03-21,spatial,14.969681401187913,1.1716580586094376,12.80748698122867,17.496903302069445
21147,2021-04-04,1,2021-03-21,spatial,15.002463132608135,1.173429270679971,12.834407153032828,17.536758602214075
21147,2021-04-11,2,2021-03-21,spatial,14.99748751560908,1.1143160572332675,12.935796415734634,17.387768371745555
21147,2021-04-18,3,2021-03-21,spatial,14.995791238651512,1.2611582276929731,12.681482427675595,17.732450141827368
21149,2021-03-28,0,2021-03-21,spatial,4.990292307180657,0.3741418309607805,4.295988255018645,5.796807587174923
21149,2021-04-04,1,2021-03-21,spatial,5.0114847504503945,0.5166967464885085,4.082613462605737,6.151691712682288
21149,2021-04-11,2,2021-03-21,spatial,5.007666075177079,0.4062128230029632,4.259304638323884,5.887514899696767
21149,2021-04-18,3,2021-03-21,spatial,4.989164156146295,0.3958036336645047,4.263303388176294,5.838608400708464
21151,2021-03-28,0,2021-03-21,spatial,74.26624895483361,7.317450014034548,61.19060968065612,90.13598267129056
21151,2021-04-04,1,2021-03-21,spatial,73.99649525430068,5.926383194619831,63.1188269700361,86.74878119200591
21151,2021-04-11,2,2021-03-21,spatial,73.99741053573663,7.23242864883608,60.95618511184429,89.82873117711539
21151,2021-04-18,3,2021-03-21,spatial,74.18182117434431,6.102201883176927,63.00972985163146,87.3348069528331
21153,2021-03-28,0,2021-03-21,spatial,3.0052491582123757,0.22877769560508904,2.5836795279476665,3.4956047780857475
21153,2021-04-04,1,2021-03-21,spatial,2.9972436882664018,0.2615751482435332,2.5201261882642108,3.564690438394411
21153,2021-04-11,2,2021-03-21,spatial,2.9982010580320444,0.2968059390075277,2.4640509555100323,3.648142731903772
21153,2021-04-18,3,2021-03-21,spatial,3.0023648929459976,0.2543411503209378,2.5378522039658917,3.5518990965305965
21155,2021-03-28,0,2021-03-21,spatial,14.985081236217122,1.2173554795414192,12.744752949517041,17.619224205090283
21155,2021-04-04,1,2021-03-21,spatial,14.978204478082034,1.19560522118476,12.781820197761474,17.552007923451107
21155,2021-04-11,2,2021-03-21,spatial,15.019164781527774,1.5670625175139443,12.207789253891766,18.47798205254668
21155,2021-04-18,3,2021-03-21,spatial,15.074337711307786,1.4679552545736574,12.437234924901276,18.270593006134746
21157,2021-03-28,0,2021-03-21,spatial,24.969584864989773,1.6817380823939712,21.830347923157763,28.56024881163416
21157,2021-04-04,1,2021-03-21,spatial,24.968015090104032,1.773807667387741,21.677987231691514,28.75736436583459
21157,2021-04-11,2,2021-03-21,spatial,24.954869794240107,1.9796934034886935,21.30461384081137,29.230547481435146
21157,2021-04-18,3,2021-03-21,spatial,24.996268403959533,2.323263251366187,20.795627641311967,30.04542324471853
21159,2021-03-28,0,2021-03-21,spatial,6.014583906290887,0.4075314647774697,5.253726669327004,6.8856303044877185
21159,2021-04-04,1,2021-03-21,spatial,5.9801980873500815,0.4233596756303585,5.192657166801063,6.887180881609641
21159,2021-04-11,2,2021-03-21,spatial,5.984021515162613,0.4722914151041942,5.115747664350707,6.999663752663591
21159,2021-04-18,3,2021-03-21,spatial,5.986042578257504,0.5022189696238142,5.063322631280447,7.07691536923653
21161,2021-03-28,0,2021-03-21,spatial,9.01471700706148,0.6531870267394909,7.8038952057911635,10.413405174520769
21161,2021-04-04,1,2021-03-21,spatial,9.020377912191448,0.7787367783344669,7.6032948863752505,10.701573317188783
21161,2021-04-11,2,2021-03-21,spatial,8.999583179626569,0.8190532882615277,7.509574753753648,10.78523086364292
21161,2021-04-18,3,2021-03-21,spatial,8.992182712892179,0.9251247430092572,7.334795228650378,11.024077349316173
21163,2021-03-28,0,2021-03-21,spatial,9.00026346597256,0.5495292174236699,7.970739765933348,10.162763411638618
21163,2021-04-04,1,2021-03-21,spatial,9.063667494427532,1.1013269427232542,7.124494178991003,11.53065275732693
21163,2021-04-11,2,2021-03-21,spatial,9.022856090419044,1.0233130174653389,7.209451587897919,11.292389030682086
21163,2021-04-18,3,2021-03-21,spatial,9.007590046842523,1.0851317195541021,7.114273558386471,11.40477348616019
21165,2021-03-28,0,2021-03-21,spatial,1.0044586559790842,0.09354591710990584,0.8346688326084718,1.2087874282045734
21165,2021-04-04,1,2021-03-21,spatial,1.0018390219083626,0.09090409645221673,0.8366018703651353,1.1997121466872258
21165,2021-04-11,2,2021-03-21,spatial,0.9984056172998828,0.10470471040948152,0.8104659750765593,1.229926742528331
21165,2021-04-18,3,2021-03-21,spatial,0.9962988181093596,0.09111270061109428,0.8309636052798471,1.1945304567602826
21167,2021-03-28,0,2021-03-21,spatial,32.9211892150316,2.1813664575427194,28.85392824040107,37.56177288243122
21167,2021-04-04,1,2021-03-21,spatial,32.902284887311986,3.751952179735037,26.220908427307872,41.2861497078569
21167,2021-04-11,2,2021-03-21,spatial,33.05204131474781,3.5014326949409544,26.778128339283796,40.795884657449314
21167,2021-04-18,3,2021-03-21,spatial,32.965225117946765,3.506393778835137,26.72093155320356,40.66871938626795
21169,2021-03-28,0,2021-03-21,spatial,3.0077724047838097,0.2027522602470252,2.63074571308046,3.438832873126988
21169,2021-04-04,1,2021-03-21,spatial,2.993057198906252,0.2269111865321159,2.573154271210337,3.4814824342851285
21169,2021-04-11,2,2021-03-21,spatial,2.9919898189267404,0.2315824846799031,2.565213799205185,3.4897687979594485
21169,2021-04-18,3,2021-03-21,spatial,2.9904445062855336,0.2359652410302474,2.5543639987648694,3.5009725902406568
21171,2021-03-28,0,2021-03-21,spatial,13.990206909197823,1.0558674415467322,12.03173566289477,16.267469203614134
21171,2021-04-04,1,2021-03-21,spatial,14.003464680026916,1.3177130192095772,11.607316077618494,16.894260631265162
21171,2021-04-11,2,2021-03-21,spatial,13.964941920269911,1.4689032619154685,11.318972418757536,17.229444124568232
21171,2021-04-18,3,2021-03-21,spatial,13.946245746846648,1.445966484692604,11.359889794877779,17.121448706231114
21173,2021-03-28,0,2021-03-21,spatial,34.945405888318376,2.560529948299417,30.22118252370584,40.40812737031083
21173,2021-04-04,1,2021-03-21,spatial,34.94128690552196,3.5007399464307603,28.645059718015837,42.62143429382133
21173,2021-04-11,2,2021-03-21,spatial,33.84649567270412,1.7023363247440766,30.612686154631557,37.421912717354154
21173,2021-04-18,3,2021-03-21,spatial,35.05325431479595,3.4658607631483638,28.826486722331854,42.62505694479461
21175,2021-03-28,0,2021-03-21,spatial,18.033023009493736,1.5485723039868369,15.210169274747104,21.379769875462962
21175,2021-04-04,1,2021-03-21,spatial,18.047277443262388,1.4942967735475772,15.298558526693466,21.289863521833578
21175,2021-04-11,2,2021-03-21,spatial,17.913045819027733,1.6227757158992402,14.969827057371335,21.434931030588146
21175,2021-04-18,3,2021-03-21,spatial,18.02345083529779,1.5694689359202172,15.145555318352379,21.448192105493238
21177,2021-03-28,0,2021-03-21,spatial,11.963065021190404,0.9960549799485234,10.133005809768683,14.123639854549378
21177,2021-04-04,1,2021-03-21,spatial,11.98560088095708,1.0763601474181996,10.029919423211679,14.32261042348429
21177,2021-04-11,2,2021-03-21,spatial,12.000899142153866,1.0059644234721297,10.1591223057737,14.17657705905343
21177,2021-04-18,3,2021-03-21,spatial,11.94167026166562,1.1519660755124703,9.868840437202188,14.449872763246043
21179,2021-03-28,0,2021-03-21,spatial,21.01817739511089,1.9473325292931207,17.475699961550628,25.278746029303694
21179,2021-04-04,1,2021-03-21,spatial,20.881607024796452,1.7993510752439188,17.599942903445125,24.77516627924259
21179,2021-04-11,2,2021-03-21,spatial,20.923587399192115,1.8273663449834827,17.577397628094698,24.906787620932146
21179,2021-04-18,3,2021-03-21,spatial,21.061095551289593,1.6542623417817606,18.000517508907127,24.64205518541678
21181,2021-03-28,0,2021-03-21,spatial,10.990829620183721,0.8100309608171676,9.482488404585476,12.739096594253994
21181,2021-04-04,1,2021-03-21,spatial,11.020797120576274,0.9711841204733006,9.2471560629864,13.134629538595359
21181,2021-04-11,2,2021-03-21,spatial,10.958704315438268,0.9706366522775184,9.190105860474153,13.067662342140775
21181,2021-04-18,3,2021-03-21,spatial,11.02435810308483,1.0046822300084213,9.19255539185624,13.221184578634398
21183,2021-03-28,0,2021-03-21,spatial,10.017356423065847,0.7817711411295535,8.575155861850455,11.70211146285618
21183,2021-04-04,1,2021-03-21,spatial,9.995997010687605,0.5290956869402158,8.99621535729884,11.106887982245569
21183,2021-04-11,2,2021-03-21,spatial,10.009940244926153,0.8620792562467471,8.43657675699773,11.876725192345596
21183,2021-04-18,3,2021-03-21,spatial,9.999958185650877,0.9362335882222086,8.298026851240675,12.050956872935961
21185,2021-03-28,0,2021-03-21,spatial,51.07243986994636,4.397452801359513,43.04744415280869,60.593472286300596
21185,2021-04-04,1,2021-03-21,spatial,51.05201873531777,4.457002790917747,42.911885604162585,60.73628740048694
21185,2021-04-11,2,2021-03-21,spatial,50.996109007628995,4.24683387918996,43.2277644544641,60.1604817352385
21185,2021-04-18,3,2021-03-21,spatial,51.16462872096828,5.128268927727847,41.929603612484115,62.43367469791925
21187,2021-03-28,0,2021-03-21,spatial,9.006150750411958,0.7846491677702632,7.564104639531082,10.723113336540797
21187,2021-04-04,1,2021-03-21,spatial,8.993013101122726,0.7492794573655077,7.6220964397069135,10.610503983609362
21187,2021-04-11,2,2021-03-21,spatial,8.99771877398105,0.7822427879277536,7.567204946719992,10.698658712916547
21187,2021-04-18,3,2021-03-21,spatial,9.040863873165232,0.9558559256494537,7.3272506266977135,11.155237310333693
21189,2021-03-28,0,2021-03-21,spatial,11.357039918298971,0.11459897642038995,11.130167239415396,11.58853707508271
21189,2021-04-04,1,2021-03-21,spatial,18.033987367947805,1.2389008168824516,15.725331478477097,20.681579961123784
21189,2021-04-11,2,2021-03-21,spatial,17.0624089750665,0.8891772206036113,15.37283001491478,18.9376841967275
21189,2021-04-18,3,2021-03-21,spatial,18.07754874427939,1.6126441673744885,15.13859389636258,21.587062235701996
21191,2021-03-28,0,2021-03-21,spatial,6.006774959514142,0.3596951616178894,5.333811705117147,6.764645512257293
21191,2021-04-04,1,2021-03-21,spatial,6.011030052953452,0.560427297217453,4.995441576121476,7.2330907582274815
21191,2021-04-11,2,2021-03-21,spatial,5.992017598842098,0.5678523596773591,4.9657272510549415,7.230416229003671
21191,2021-04-18,3,2021-03-21,spatial,5.989317094222679,0.5742612319247272,4.960813227709955,7.231056201587227
21193,2021-03-28,0,2021-03-21,spatial,34.84597535715339,2.2945946004568083,30.544615983268518,39.753061529942606
21193,2021-04-04,1,2021-03-21,spatial,35.01145387059163,3.165445894420293,29.268273222844787,41.88159283601977
21193,2021-04-11,2,2021-03-21,spatial,35.12606112015578,3.2211035314618277,29.269536831339003,42.15441388521879
21193,2021-04-18,3,2021-03-21,spatial,34.923067975964024,2.7560423973384864,29.829105327209387,40.88693453843872
21195,2021-03-28,0,2021-03-21,spatial,33.97210174035423,2.5011289556979324,29.321668879842075,39.36009581809299
21195,2021-04-04,1,2021-03-21,spatial,34.04228397431677,3.596688189748257,27.58188062483193,42.015884049062606
21195,2021-04-11,2,2021-03-21,spatial,34.051776675859536,3.745021924069104,27.375445862681218,42.356332773498224
21195,2021-04-18,3,2021-03-21,spatial,34.0165440657969,2.910583790195457,28.644085436985183,40.3966561517871
21197,2021-03-28,0,2021-03-21,spatial,21.934823336855803,1.665248431271955,18.859159417517372,25.512084826652927
21197,2021-04-04,1,2021-03-21,spatial,21.951605746455304,2.083592348540055,18.178196445386185,26.508295049815768
21197,2021-04-11,2,2021-03-21,spatial,22.074563336624173,1.7543630744603893,18.860125889069177,25.836855457314318
21197,2021-04-18,3,2021-03-21,spatial,21.951990688812906,2.112347876361921,18.13000664568818,26.57968662776719
21199,2021-03-28,0,2021-03-21,spatial,46.00140551785716,4.620605204559343,37.73043277432677,56.08547673638755
21199,2021-04-04,1,2021-03-21,spatial,46.05851480161005,3.938931203997714,38.884894833202665,54.55554900765072
21199,2021-04-11,2,2021-03-21,spatial,45.95018216264521,4.699898371106839,37.4757916909661,56.34088422178033
21199,2021-04-18,3,2021-03-21,spatial,45.746229043221724,3.383720097025378,39.48654771595918,52.99823845651347
21201,2021-03-28,0,2021-03-21,spatial,0.9980293043219948,0.08419265033468674,0.8444208324383354,1.179580671179359
21201,2021-04-04,1,2021-03-21,spatial,0.997484241802716,0.0939515140193752,0.8271473224638319,1.202899151847579
21201,2021-04-11,2,2021-03-21,spatial,1.0046476495611896,0.07945324830020017,0.8591478775797401,1.1747883293527022
21201,2021-04-18,3,2021-03-21,spatial,1.0011802535911023,0.09059101127972298,0.836105279259682,1.1988465149607377
21203,2021-03-28,0,2021-03-21,spatial,7.989156280547898,0.5471050248467784,6.972493827502174,9.154058741975703
21203,2021-04-04,1,2021-03-21,spatial,7.99780750687089,0.5088482287442075,7.045894031087358,9.078326275521489
21203,2021-04-11,2,2021-03-21,spatial,7.9763664801042715,0.6288824039433746,6.814663447041644,9.33610628306971
21203,2021-04-18,3,2021-03-21,spatial,8.013341696695093,0.7320883676058245,6.684703994338615,9.606056633528693
21205,2021-03-28,0,2021-03-21,spatial,20.977169415410987,1.1506146176466985,18.80608420756002,23.398897496479265
21205,2021-04-04,1,2021-03-21,spatial,20.985907265199607,1.6501728797602417,17.94867554915737,24.537092028733763
21205,2021-04-11,2,2021-03-21,spatial,21.013612986376053,1.7724241101557114,17.76862480518951,24.851215869684353
21205,2021-04-18,3,2021-03-21,spatial,21.038708222230362,1.7024941472118358,17.895406735935328,24.73412592357091
21207,2021-03-28,0,2021-03-21,spatial,18.96839823140222,1.3446021492031774,16.48138089451076,21.830703007713193
21207,2021-04-04,1,2021-03-21,spatial,18.955801429944934,1.6378499534398416,15.944477304814408,22.5358536991994
21207,2021-04-11,2,2021-03-21,spatial,18.980477078033008,1.4091806944177558,16.361889403181095,22.018148468825046
21207,2021-04-18,3,2021-03-21,spatial,18.891130756285673,1.969622333587949,15.360144236774351,23.2338196666587
21209,2021-03-28,0,2021-03-21,spatial,134.01948070440872,10.197783312182192,115.10946664296543,156.0360040933004
21209,2021-04-04,1,2021-03-21,spatial,134.1469456975373,9.831772591936163,115.86801727496152,155.30949319063498
21209,2021-04-11,2,2021-03-21,spatial,134.07482046231345,9.540971116953235,116.39099029441476,154.4454380577961
21209,2021-04-18,3,2021-03-21,spatial,134.1792574216638,12.137646771897217,112.08682053214687,160.62613817353747
21211,2021-03-28,0,2021-03-21,spatial,21.061187296204974,1.5778951609642438,18.132303548446338,24.46316923498853
21211,2021-04-04,1,2021-03-21,spatial,20.971455057770637,2.0309416411848304,17.309759380489762,25.40774354933001
21211,2021-04-11,2,2021-03-21,spatial,21.02206025733912,1.6687875405727577,17.950277732441606,24.61950862545712
21211,2021-04-18,3,2021-03-21,spatial,21.10249636871097,1.8264617966122592,17.771704174138133,25.057549272032933
21213,2021-03-28,0,2021-03-21,spatial,62.89966975480946,5.091885888961078,53.54406244954308,73.88995668739831
21213,2021-04-04,1,2021-03-21,spatial,63.21428723660053,4.690894868209698,54.51255702341889,73.30505720204454
21213,2021-04-11,2,2021-03-21,spatial,63.16390325916559,5.179659322014438,53.67238538072721,74.3339176493141
21213,2021-04-18,3,2021-03-21,spatial,62.98633179343372,5.6478987239528005,52.67587388293929,75.31489656173402
21215,2021-03-28,0,2021-03-21,spatial,9.99371040921594,0.7711572965269491,8.567515472725882,11.657317463996892
21215,2021-04-04,1,2021-03-21,spatial,10.011288422459117,0.7169073268835201,8.684534045972455,11.540733831787415
21215,2021-04-11,2,2021-03-21,spatial,9.957501706485283,0.6749463658207698,8.701169400147188,11.395231568871665
21215,2021-04-18,3,2021-03-21,spatial,9.95810830536928,1.0223339557730833,8.130067025260386,12.197183702589294
21217,2021-03-28,0,2021-03-21,spatial,14.043623905153456,0.9466997526808456,12.275856202146855,16.065956552578893
21217,2021-04-04,1,2021-03-21,spatial,14.062202511258604,1.1576497799359953,11.928097520208334,16.57812900444781
21217,2021-04-11,2,2021-03-21,spatial,14.026266050957801,1.2271366395511367,11.78691180724027,16.69106739319145
21217,2021-04-18,3,2021-03-21,spatial,14.002717607664664,1.2512759645077614,11.737543926037535,16.705036559228038
21219,2021-03-28,0,2021-03-21,spatial,0.999308911789612,0.07331043572318524,0.8637428114866413,1.1561523730233478
21219,2021-04-04,1,2021-03-21,spatial,0.9989319258868732,0.08141021500055147,0.8490652912233575,1.175251188419568
21219,2021-04-11,2,2021-03-21,spatial,1.001212557377308,0.07833612741654065,0.8567944288193737,1.1699732763567452
21219,2021-04-18,3,2021-03-21,spatial,0.9983896331730029,0.08684657618958044,0.8399525338534896,1.1867121289036902
21221,2021-03-28,0,2021-03-21,spatial,6.982707869302117,0.613716548626282,5.865542139455999,8.312651759848372
21221,2021-04-04,1,2021-03-21,spatial,6.972710615147365,0.6761404066526908,5.7485101975648245,8.457616260850424
21221,2021-04-11,2,2021-03-21,spatial,6.976669749395686,0.6174574943973196,5.850443348609742,8.319697823191362
21221,2021-04-18,3,2021-03-21,spatial,6.998815074092161,0.5785376149668809,5.939871851230481,8.246543640700345
21223,2021-03-28,0,2021-03-21,spatial,5.017886884934921,0.3388352466675251,4.384542759988623,5.742717124297634
21223,2021-04-04,1,2021-03-21,spatial,5.014668218008597,0.37881596564211184,4.315605475801736,5.826968539572961
21223,2021-04-11,2,2021-03-21,spatial,4.9958830457387595,0.3582009589389527,4.3296900580701445,5.764580621695773
21223,2021-04-18,3,2021-03-21,spatial,4.991545575289259,0.5409204306997241,4.029345622400154,6.183517018663786
21225,2021-03-28,0,2021-03-21,spatial,11.016715481476641,0.9101468303413349,9.333570283400643,13.003386304987162
21225,2021-04-04,1,2021-03-21,spatial,11.029021393936894,0.8339108046041841,9.488037724983084,12.820281330419624
21225,2021-04-11,2,2021-03-21,spatial,10.958155547964447,0.979384878555881,9.171686331960432,13.092594825767105
21225,2021-04-18,3,2021-03-21,spatial,10.970659713970592,0.8465783365099313,9.403141657913793,12.799485420752413
21227,2021-03-28,0,2021-03-21,spatial,146.83301087726372,13.948713191650436,121.56251764115193,177.3567502684238
21227,2021-04-04,1,2021-03-21,spatial,146.80171411157357,12.66493738696442,123.61756425726972,174.33399044528423
21227,2021-04-11,2,2021-03-21,spatial,147.0016463372913,12.923829328728091,123.41238131675215,175.0998059944312
21227,2021-04-18,3,2021-03-21,spatial,147.4273238893241,14.09812657885082,121.89171748377949,178.31249142961656
21229,2021-03-28,0,2021-03-21,spatial,7.9629974768611325,0.6329183064755673,6.798748476955242,9.326617837301438
21229,2021-04-04,1,2021-03-21,spatial,7.975369207249965,0.6191765100527074,6.834466393109658,9.306727158111055
21229,2021-04-11,2,2021-03-21,spatial,8.037659984090944,0.8004155145457635,6.5949448944136275,9.795984508465086
21229,2021-04-18,3,2021-03-21,spatial,8.023543822606255,0.732273892566138,6.6962773003171945,9.613887326654394
21231,2021-03-28,0,2021-03-21,spatial,16.90485395282789,1.2115174792228505,14.651749971813247,19.5044337854664
21231,2021-04-04,1,2021-03-21,spatial,17.057494079072786,1.2182599704447263,14.793369385992685,19.668142981212988
21231,2021-04-11,2,2021-03-21,spatial,16.92196975514601,1.386326306245148,14.386865326728168,19.90378403432224
21231,2021-04-18,3,2021-03-21,spatial,16.893335363234502,1.5820522778021695,14.020926909622915,20.354202081949552
21233,2021-03-28,0,2021-03-21,spatial,4.0030826327235625,0.3325715507629883,3.394309245503376,4.721040248657881
21233,2021-04-04,1,2021-03-21,spatial,4.010137028329129,0.3031982422570338,3.446821494565204,4.6655154644162735
21233,2021-04-11,2,2021-03-21,spatial,3.999592307779878,0.3260886194364534,3.402082324046842,4.702043367787627
21233,2021-04-18,3,2021-03-21,spatial,4.007479777317089,0.320421063122675,3.41981058245944,4.696135583642636
21235,2021-03-28,0,2021-03-21,spatial,71.06520344941516,6.036582988750371,60.028045311351356,84.13172734697987
21235,2021-04-04,1,2021-03-21,spatial,71.17707767025031,7.532350276196077,57.732008188977076,87.7533372664515
21235,2021-04-11,2,2021-03-21,spatial,71.15243258030925,5.446288314136809,61.05993846196246,82.91309800859469
21235,2021-04-18,3,2021-03-21,spatial,70.59156656523591,6.124829903969383,59.431680838886244,83.84701896019125
21237,2021-03-28,0,2021-03-21,spatial,5.003737654929091,0.3742310129194592,4.311278634176428,5.807416463616737
21237,2021-04-04,1,2021-03-21,spatial,4.991607284963289,0.3767450920986699,4.295836556103993,5.800067800972316
21237,2021-04-11,2,2021-03-21,spatial,5.024635451274583,0.5565317490327731,4.034609138552584,6.257597836915295
21237,2021-04-18,3,2021-03-21,spatial,5.020783939504246,0.490572442679789,4.131659880049433,6.1012455281972935
21239,2021-03-28,0,2021-03-21,spatial,13.964947686049493,0.9855580163290124,12.1215969887791,16.088619680610392
21239,2021-04-04,1,2021-03-21,spatial,13.971087136613527,1.2492578748400474,11.692183382735589,16.69416817966291
21239,2021-04-11,2,2021-03-21,spatial,14.061723375516888,1.1079987484911864,12.023943044090824,16.444860356082074
21239,2021-04-18,3,2021-03-21,spatial,13.989688126936006,1.1581066416989445,11.856935839747296,16.506066705097847
22001,2021-03-28,0,2021-03-21,spatial,41.079928911969425,3.336005692408152,34.95620223935109,48.276427394985454
22001,2021-04-04,1,2021-03-21,spatial,41.03987013112896,3.1338733528040077,35.25993082155836,47.767278639983786
22001,2021-04-11,2,2021-03-21,spatial,41.132735008690474,4.320560769440567,33.37514211333477,50.69347371015884
22001,2021-04-18,3,2021-03-21,spatial,41.017056174604356,3.4189162638098924,34.72499897785444,48.44921372938224
22003,2021-03-28,0,2021-03-21,spatial,24.661388243610677,0.4885498577627554,23.702963814234327,25.658566366154872
22003,2021-04-04,1,2021-03-21,spatial,44.74243020637204,4.343841442453399,36.91562110439567,54.22867070584657
22003,2021-04-11,2,2021-03-21,spatial,44.907840079035864,5.0892915307039805,35.892613726126186,56.18744056792657
22003,2021-04-18,3,2021-03-21,spatial,44.89617878668188,4.384192849266891,37.00912004410751,54.46405824411471
22005,2021-03-28,0,2021-03-21,spatial,192.575737274268,8.495748376790955,176.32065425573197,210.32938394693088
22005,2021-04-04,1,2021-03-21,spatial,143.0426246935493,1.5146742450534554,140.04715235659916,146.10216726949002
22005,2021-04-11,2,2021-03-21,spatial,143.03376238496136,1.4287911229326915,140.20582092527377,145.91874322323287
22005,2021-04-18,3,2021-03-21,spatial,127.72159999434768,14.86894440068438,101.38149919047152,160.9051674652029
22007,2021-03-28,0,2021-03-21,spatial,11.045032098790147,1.0942623335269879,9.063916990396768,13.459162765121985
22007,2021-04-04,1,2021-03-21,spatial,7.511502145423671,0.178695960577288,7.162561869267093,7.877441830248076
22007,2021-04-11,2,2021-03-21,spatial,11.009010611598857,0.8835173881399119,9.385562202843984,12.913271685479968
22007,2021-04-18,3,2021-03-21,spatial,11.293740906071868,0.6664430908440193,10.036214795916177,12.708833583890776
22009,2021-03-28,0,2021-03-21,spatial,15.934300379635953,0.27326325630883075,15.396933459016195,16.490421892405184
22009,2021-04-04,1,2021-03-21,spatial,14.022068542619618,0.8860303591744565,12.362992258425336,15.903787861707015
22009,2021-04-11,2,2021-03-21,spatial,14.016168540711842,1.0718718939721288,12.032474346675727,16.32689793483045
22009,2021-04-18,3,2021-03-21,spatial,14.028782177508822,1.1669413909219564,11.892483890096743,16.54883296061275
22011,2021-03-28,0,2021-03-21,spatial,39.126384888653405,0.4084076279549918,38.31816588397525,39.951651106956064
22011,2021-04-04,1,2021-03-21,spatial,39.12084764362741,0.3729775676522616,38.38212892673304,39.87378405396269
22011,2021-04-11,2,2021-03-21,spatial,39.09567657061058,0.3989976468934782,38.30571541570523,39.90192873116579
22011,2021-04-18,3,2021-03-21,spatial,64.03399325073005,6.253303515861851,52.766839427444594,77.70699052901594
22013,2021-03-28,0,2021-03-21,spatial,4.9849296759584085,0.3314772236675739,4.36506583611092,5.692817658940657
22013,2021-04-04,1,2021-03-21,spatial,4.989529402757388,0.5472541431820439,4.0139866316796375,6.202164069132214
22013,2021-04-11,2,2021-03-21,spatial,5.010816215644865,0.5531630525490501,4.026682964039159,6.235474550939926
22013,2021-04-18,3,2021-03-21,spatial,4.983851064289303,0.5864115126280066,3.9485912468813904,6.290540063025103
22015,2021-03-28,0,2021-03-21,spatial,55.953958157635775,2.9510389849833256,50.35884642134804,62.17071390617143
22015,2021-04-04,1,2021-03-21,spatial,55.78636633264703,4.115791641526299,48.161629522363434,64.61821785235087
22015,2021-04-11,2,2021-03-21,spatial,56.113319068555576,4.10209846886615,48.50544349774388,64.91445804502291
22015,2021-04-18,3,2021-03-21,spatial,94.27070558963592,2.5935237151326422,89.24045063122317,99.58450309817768
22017,2021-03-28,0,2021-03-21,spatial,76.71528057547386,5.7932909053322685,65.99780661308333,89.17317977362895
22017,2021-04-04,1,2021-03-21,spatial,77.4160306867646,7.311657072028023,64.14834624928719,93.42784588715216
22017,2021-04-11,2,2021-03-21,spatial,77.29595376375951,6.0485763053526975,66.09557188223721,90.39432291915615
22017,2021-04-18,3,2021-03-21,spatial,76.98552966483854,6.3971407459573575,65.28592087974174,90.78177496635138
22019,2021-03-28,0,2021-03-21,spatial,390.7709632866285,3.801136538285524,383.24759538431886,398.44201917256834
22019,2021-04-04,1,2021-03-21,spatial,390.7981261611999,4.0680757686685896,382.74707386939065,399.01853165628825
22019,2021-04-11,2,2021-03-21,spatial,390.59926181297243,3.923981033155638,382.8316170220552,398.52451193980005
22019,2021-04-18,3,2021-03-21,spatial,330.3277008001116,17.385063494217114,297.43839427455316,366.8537485956407
22021,2021-03-28,0,2021-03-21,spatial,3.555372386324864,0.03602375688507431,3.4840382678200683,3.628167038862783
22021,2021-04-04,1,2021-03-21,spatial,3.555335563564001,0.03540482951779848,3.4852242230559747,3.626857315498447
22021,2021-04-11,2,2021-03-21,spatial,3.5528223550146305,0.03642898465495415,3.4807390232917186,3.6263984751015963
22021,2021-04-18,3,2021-03-21,spatial,1.1688943565649743,0.06719407021937357,1.0420964423069912,1.3111205079874395
22023,2021-03-28,0,2021-03-21,spatial,6.250995580185619,0.2529211112075287,5.765466456759025,6.777412727411058
22023,2021-04-04,1,2021-03-21,spatial,6.232187893536882,0.2583766075661731,5.737597057912148,6.769413318557649
22023,2021-04-11,2,2021-03-21,spatial,3.9880877316439145,0.3424127719587952,3.362559710367928,4.729981063607169
22023,2021-04-18,3,2021-03-21,spatial,3.989561074184512,0.4113065899787967,3.2529686867886487,4.8929452131804085
22025,2021-03-28,0,2021-03-21,spatial,0.9992998231342404,0.07334120084171346,0.8633759435335868,1.1566226091835472
22025,2021-04-04,1,2021-03-21,spatial,1.0441700898756927,0.024969961738649474,0.995491072141298,1.095229487338143
22025,2021-04-11,2,2021-03-21,spatial,0.9975415580024504,0.0681144987780325,0.8709318617140831,1.1425568447840673
22025,2021-04-18,3,2021-03-21,spatial,1.0079055817325542,0.042052114437677916,0.9269894344165296,1.0958848331718627
22027,2021-03-28,0,2021-03-21,spatial,0.8858208190023258,0.01640757740845565,0.8535814418035536,0.9192778626020552
22027,2021-04-04,1,2021-03-21,spatial,1.0032711359987652,0.11340176790271568,0.8013980171184466,1.2559963349391268
22027,2021-04-11,2,2021-03-21,spatial,0.8696180605484335,0.01085957087905434,0.8481637198824918,0.8916150897574244
22027,2021-04-18,3,2021-03-21,spatial,0.9996068589643108,0.07022890137442453,0.8685605310063634,1.1504251423107494
22029,2021-03-28,0,2021-03-21,spatial,16.020846317388695,1.2482643599327878,13.728524318075776,18.695929058263268
22029,2021-04-04,1,2021-03-21,spatial,16.0037355585965,1.4931808304298402,13.285153072871115,19.278630093656485
22029,2021-04-11,2,2021-03-21,spatial,15.997692064542857,1.3998682151722517,13.448697082113226,19.029810087128766
22029,2021-04-18,3,2021-03-21,spatial,16.007429172023727,1.6403743712490282,13.047459050386982,19.63890346065169
22031,2021-03-28,0,2021-03-21,spatial,17.002529464175794,0.7588082674004984,15.555158679067812,18.584574683200227
22031,2021-04-04,1,2021-03-21,spatial,13.925606963119867,0.5215525544714757,12.921700105876615,15.007508896070046
22031,2021-04-11,2,2021-03-21,spatial,13.934063367577146,0.5268788384299897,12.917493824619413,15.030634004377065
22031,2021-04-18,3,2021-03-21,spatial,17.202619041924383,2.0866098322853777,13.541110458489788,21.854197468424157
22033,2021-03-28,0,2021-03-21,spatial,419.5433572552539,33.290294465675984,358.3479110613231,491.18921356538436
22033,2021-04-04,1,2021-03-21,spatial,420.40817953567927,35.815363335768424,354.7166322128856,498.2654360408744
22033,2021-04-11,2,2021-03-21,spatial,419.04461789628016,40.43822793589582,345.7482154794403,507.8793871555969
22033,2021-04-18,3,2021-03-21,spatial,419.0210654602484,41.31414685543376,343.98168414645585,510.4302391422862
22035,2021-03-28,0,2021-03-21,spatial,0.9070019922893208,0.022651239220929213,0.8628595881890029,0.9534026454332002
22035,2021-04-04,1,2021-03-21,spatial,0.9350123259170456,0.04406111762999304,0.8511413839269668,1.0271478583067224
22035,2021-04-11,2,2021-03-21,spatial,1.0123066391425064,0.04685241865449983,0.922790482551896,1.1105063944939049
22035,2021-04-18,3,2021-03-21,spatial,1.0345814879214037,0.05653022652668226,0.9278593509131172,1.1535787768871577
22037,2021-03-28,0,2021-03-21,spatial,14.041472645659315,0.8988500461389745,12.356138971361725,15.95667987514309
22037,2021-04-04,1,2021-03-21,spatial,13.984752302506285,1.2920052127785868,11.644913416561927,16.79474032707719
22037,2021-04-11,2,2021-03-21,spatial,15.496141192887091,0.5885550226115551,14.363431998691551,16.718176539685434
22037,2021-04-18,3,2021-03-21,spatial,15.455484041056414,0.5981648969126041,14.305421216319935,16.698004437005967
22039,2021-03-28,0,2021-03-21,spatial,31.011878866814214,2.5869267920816688,26.246739952462462,36.64213660789245
22039,2021-04-04,1,2021-03-21,spatial,30.816580829720913,1.4429372205574258,28.058587417754197,33.84566870368605
22039,2021-04-11,2,2021-03-21,spatial,30.843086972749237,1.4901484732351469,28.008919470700626,33.96403831299879
22039,2021-04-18,3,2021-03-21,spatial,31.073231869412698,3.249073054709509,25.247439053608545,38.24331397573104
22041,2021-03-28,0,2021-03-21,spatial,2.9759050085688994,0.09797050700503357,2.7863254521926377,3.178383420018798
22041,2021-04-04,1,2021-03-21,spatial,2.0003833968675075,0.1531361413324899,1.7169078985767985,2.3306630121395506
22041,2021-04-11,2,2021-03-21,spatial,2.005953925913494,0.1828026392054244,1.67434443845392,2.4032397758034554
22041,2021-04-18,3,2021-03-21,spatial,2.005938229744383,0.1677488326670763,1.6999303121408993,2.3670312558180417
22043,2021-03-28,0,2021-03-21,spatial,24.028524857544,1.646931068375053,20.9770267066852,27.523920091382948
22043,2021-04-04,1,2021-03-21,spatial,24.100958760868163,1.5885395385798204,21.13612125855748,27.481684368076483
22043,2021-04-11,2,2021-03-21,spatial,11.895190399943054,0.11847349822403172,11.660690723761144,12.134405928678826
22043,2021-04-18,3,2021-03-21,spatial,16.443196847881847,1.4892603139522385,13.740435974733455,19.677594151697672
22045,2021-03-28,0,2021-03-21,spatial,41.19949410979813,0.6733190980611725,39.87408075532731,42.5689641679454
22045,2021-04-04,1,2021-03-21,spatial,44.86462321794628,3.260011205698261,38.83994550628768,51.82382184759844
22045,2021-04-11,2,2021-03-21,spatial,45.95618288834646,2.299258939622326,41.59195483026193,50.77834774263836
22045,2021-04-18,3,2021-03-21,spatial,44.9443387582858,4.359348415832733,37.09225884873885,54.45862962018642
22047,2021-03-28,0,2021-03-21,spatial,57.08102162641338,0.580768192941571,55.931911470832844,58.25374002485448
22047,2021-04-04,1,2021-03-21,spatial,63.2641692336104,6.545107278328129,51.51522503854296,77.69266475734878
22047,2021-04-11,2,2021-03-21,spatial,63.53569622708628,3.4742537222168792,56.961181437187385,70.86904788855293
22047,2021-04-18,3,2021-03-21,spatial,62.903810812792884,6.479264553112644,51.25839769914092,77.1949493621794
22049,2021-03-28,0,2021-03-21,spatial,11.996135493837938,1.102403172707909,9.9996728761299,14.391197449072335
22049,2021-04-04,1,2021-03-21,spatial,8.779592930229652,0.35915769207239295,8.090294684323755,9.527619824515883
22049,2021-04-11,2,2021-03-21,spatial,8.789166790976271,0.3568131869994497,8.103749144399867,9.532557277267607
22049,2021-04-18,3,2021-03-21,spatial,11.970277224868223,1.2630596043783444,9.715352374141283,14.748568175620465
22051,2021-03-28,0,2021-03-21,spatial,247.476333180384,16.243259137586815,217.21394907621132,281.9548916857096
22051,2021-04-04,1,2021-03-21,spatial,247.48709309526626,20.717411835066553,209.27550851271343,292.6757253346924
22051,2021-04-11,2,2021-03-21,spatial,248.90326540961567,20.240584352353434,211.66546548887626,292.6922225525988
22051,2021-04-18,3,2021-03-21,spatial,248.00305095261803,14.859197330900265,220.1652986682133,279.36061520074054
22053,2021-03-28,0,2021-03-21,spatial,34.813731973967165,0.33929559020019273,34.14220054438119,35.498471528797886
22053,2021-04-04,1,2021-03-21,spatial,34.83305498068797,0.34360521590560783,34.15295278750323,35.526700336481596
22053,2021-04-11,2,2021-03-21,spatial,52.11184978438761,4.83109705264663,43.34248005227352,62.655502977110565
22053,2021-04-18,3,2021-03-21,spatial,52.02890971262389,5.796474394417894,41.72695558623042,64.87430985206265
22055,2021-03-28,0,2021-03-21,spatial,155.16186396481757,14.338317226426414,129.1477098884582,186.4160351726696
22055,2021-04-04,1,2021-03-21,spatial,155.84831705374216,13.461211549249393,131.19104064636758,185.13991358567856
22055,2021-04-11,2,2021-03-21,spatial,155.6485615107783,11.854158517056884,133.75938036507404,181.1198185447061
22055,2021-04-18,3,2021-03-21,spatial,156.14841586678332,10.95169424101247,135.79625980189346,179.55080510520767
22057,2021-03-28,0,2021-03-21,spatial,36.1539331652615,2.860831156672835,30.88364606784763,42.32359354354211
22057,2021-04-04,1,2021-03-21,spatial,36.100560702033185,2.8559497410738235,30.83762604986617,42.261699421795775
22057,2021-04-11,2,2021-03-21,spatial,36.018957124238035,3.334468316025188,30.007239222311288,43.235076132997534
22057,2021-04-18,3,2021-03-21,spatial,36.08621528300488,3.573179300753162,29.627916934174856,43.952294599196456
22059,2021-03-28,0,2021-03-21,spatial,11.016865517949423,0.9934937172554208,9.209734978637774,13.178590493874907
22059,2021-04-04,1,2021-03-21,spatial,11.010020713280639,0.8951038260583337,9.361547209506037,12.948773679608989
22059,2021-04-11,2,2021-03-21,spatial,11.008538574940182,1.0212682533119042,9.14983512096319,13.244820256738002
22059,2021-04-18,3,2021-03-21,spatial,10.89935232697358,0.6137808819287961,9.738754849062524,12.198261788973973
22061,2021-03-28,0,2021-03-21,spatial,37.22418756841385,1.9772022074376376,33.47443369674206,41.393983022431705
22061,2021-04-04,1,2021-03-21,spatial,32.39719479812792,2.2375473509451016,28.217195533363572,37.19640492078109
22061,2021-04-11,2,2021-03-21,spatial,29.08976069860061,2.2795058721380173,24.88337669696288,34.00720841898974
22061,2021-04-18,3,2021-03-21,spatial,35.52673143704955,2.118215405645024,31.54581272152522,40.01002154365229
22063,2021-03-28,0,2021-03-21,spatial,108.01071776267584,6.850446432061138,95.13838338453327,122.62469401498184
22063,2021-04-04,1,2021-03-21,spatial,108.08368745250155,7.797989063658061,93.6065781380323,124.79981349284695
22063,2021-04-11,2,2021-03-21,spatial,108.39432542128355,8.564942253395136,92.57797928681572,126.91279150881584
22063,2021-04-18,3,2021-03-21,spatial,108.0192592946252,9.534676805710113,90.63367754681305,128.73978739892542
22065,2021-03-28,0,2021-03-21,spatial,3.0044447666897787,0.2805133356355884,2.4952661103457694,3.617525328726869
22065,2021-04-04,1,2021-03-21,spatial,3.0094205720856304,0.22009802816658436,2.6016665349070407,3.4810810909768657
22065,2021-04-11,2,2021-03-21,spatial,2.9922290271873706,0.26744711032119994,2.5060536708557137,3.5727225858197404
22065,2021-04-18,3,2021-03-21,spatial,2.984040259212537,0.3099313515330373,2.424718912943689,3.67238289810297
22067,2021-03-28,0,2021-03-21,spatial,6.001302051900411,0.5620425517881678,4.990894192970691,7.216267251040794
22067,2021-04-04,1,2021-03-21,spatial,5.98449170656188,0.453521596917439,5.146920133491948,6.958363459510237
22067,2021-04-11,2,2021-03-21,spatial,6.028052026847553,0.6632064707952292,4.84967695810352,7.492748806219611
22067,2021-04-18,3,2021-03-21,spatial,6.014589732569847,0.5772526537636138,4.972876696951265,7.274519730865783
22069,2021-03-28,0,2021-03-21,spatial,42.9648976816709,3.0937515867664187,37.21878474038415,49.59813829690872
22069,2021-04-04,1,2021-03-21,spatial,43.18029923389649,4.142241328027526,35.681146180474364,52.255559070273506
22069,2021-04-11,2,2021-03-21,spatial,42.69768693126609,3.5157433861345937,36.21854746684847,50.33588028203291
22069,2021-04-18,3,2021-03-21,spatial,43.053702361212274,4.315398669432291,35.28633842629966,52.530848188723134
22071,2021-03-28,0,2021-03-21,spatial,122.22943733657671,7.9333011898156025,107.3748954902727,139.13899783930015
22071,2021-04-04,1,2021-03-21,spatial,122.97531494116829,4.970847414820343,113.42333754389846,133.33171472781314
22071,2021-04-11,2,2021-03-21,spatial,122.00136301530428,8.333896879000356,106.42498599657264,139.8575009262524
22071,2021-04-18,3,2021-03-21,spatial,121.40615555726116,10.99725070044235,101.44032612637713,145.30172733111172
22073,2021-03-28,0,2021-03-21,spatial,47.12126581227039,4.259426406570508,39.3665703842652,56.40353401570743
22073,2021-04-04,1,2021-03-21,spatial,46.99465993966452,4.2767024352165,39.240687897734354,56.28081925067943
22073,2021-04-11,2,2021-03-21,spatial,47.123505573090476,4.386377418929688,39.17495059367588,56.684813735427426
22073,2021-04-18,3,2021-03-21,spatial,46.969234232797575,4.522875468796092,38.78082880493573,56.8865862953044
22075,2021-03-28,0,2021-03-21,spatial,16.995115651806536,1.1662272008737689,14.809108741197846,19.50380411582534
22075,2021-04-04,1,2021-03-21,spatial,16.988313218923782,1.6482812866386165,14.025129383906595,20.577548921254397
22075,2021-04-11,2,2021-03-21,spatial,21.348908886132023,0.8207225263422958,19.77494945266205,23.048145418496205
22075,2021-04-18,3,2021-03-21,spatial,16.927666215925566,0.8949531662356147,15.231294614046636,18.81296966401851
22077,2021-03-28,0,2021-03-21,spatial,30.00243217034504,1.8672298521972697,26.5025695857548,33.96447779237172
22077,2021-04-04,1,2021-03-21,spatial,29.17471223887733,1.6507954458878076,26.05922364406779,32.66267045584301
22077,2021-04-11,2,2021-03-21,spatial,20.038195173977577,0.20682942562130768,19.628891658341136,20.456033525448284
22077,2021-04-18,3,2021-03-21,spatial,32.43017516655793,2.4659999891452404,27.900503782963515,37.69524269220634
22079,2021-03-28,0,2021-03-21,spatial,126.70692613080575,9.06852543507243,109.8446552074237,146.15772701185043
22079,2021-04-04,1,2021-03-21,spatial,126.87641272091824,9.7741367939331,108.74521005249015,148.03064978364225
22079,2021-04-11,2,2021-03-21,spatial,127.08467255980707,12.484109560723393,104.58102887697714,154.43062831818068
22079,2021-04-18,3,2021-03-21,spatial,126.78831467560673,9.913494194707226,108.54615242484348,148.09623721495856
22081,2021-03-28,0,2021-03-21,spatial,2.004208069305712,0.14517081419480588,1.7349516789612802,2.3152517927617597
22081,2021-04-04,1,2021-03-21,spatial,1.9994223574523569,0.1844332201973333,1.6632000644994518,2.4036132806930017
22081,2021-04-11,2,2021-03-21,spatial,2.0005780869701457,0.1565047568977446,1.7115933263993646,2.3383549236457304
22081,2021-04-18,3,2021-03-21,spatial,2.003891255633754,0.1905532080515481,1.6602312691472492,2.418687226911442
22083,2021-03-28,0,2021-03-21,spatial,8.010825039406546,0.5796882547376195,6.937289668452368,9.250488429770183
22083,2021-04-04,1,2021-03-21,spatial,7.993142287359593,0.5222442540147767,7.0238315354354635,9.096220959122856
22083,2021-04-11,2,2021-03-21,spatial,7.95357333396605,0.3161022391721501,7.3463108420511185,8.611033502240641
22083,2021-04-18,3,2021-03-21,spatial,7.985675345455175,0.6616434479332891,6.771563853651728,9.417471665517946
22085,2021-03-28,0,2021-03-21,spatial,24.076321766533933,2.282676042619153,19.946379581645488,29.061377651665826
22085,2021-04-04,1,2021-03-21,spatial,21.758879592638184,1.1731255227503432,19.54024623463016,24.22942041988487
22085,2021-04-11,2,2021-03-21,spatial,21.721290136958228,1.2096864594628358,19.433542895987546,24.278354582032218
22085,2021-04-18,3,2021-03-21,spatial,24.08813408725855,2.4046503049001147,19.752403683461075,29.37557439105943
22087,2021-03-28,0,2021-03-21,spatial,29.96793780035201,1.8582404201737444,26.48285963279924,33.911643548247746
22087,2021-04-04,1,2021-03-21,spatial,29.934777176788586,2.07128128988528,26.09344487045703,34.34160913105559
22087,2021-04-11,2,2021-03-21,spatial,30.019700624645015,2.9189348305872884,24.765464395217414,36.38867461606509
22087,2021-04-18,3,2021-03-21,spatial,30.005155767301726,2.4021712855280146,25.594527728991316,35.175854079161056
22089,2021-03-28,0,2021-03-21,spatial,35.95790100778399,2.408387415513435,31.469664687142984,41.086254262309936
22089,2021-04-04,1,2021-03-21,spatial,36.06515442188459,3.0371170934166623,30.492460254202005,42.65629446201015
22089,2021-04-11,2,2021-03-21,spatial,36.52622967781432,2.5562665486670766,31.745682621141373,42.02667400158351
22089,2021-04-18,3,2021-03-21,spatial,35.96517544077052,3.4277636272858865,29.749420794267035,43.479631197884366
22091,2021-03-28,0,2021-03-21,spatial,10.46477909014244,0.4848078304883544,9.54049572722239,11.478607038521831
22091,2021-04-04,1,2021-03-21,spatial,7.885618312480066,0.3199130104224905,7.27080521907575,8.55241947714087
22091,2021-04-11,2,2021-03-21,spatial,10.987361923148027,0.8915166915667041,9.349667417838374,12.911916182164465
22091,2021-04-18,3,2021-03-21,spatial,10.982518891248297,1.0037308832658527,9.156460437567926,13.172745300329485
22093,2021-03-28,0,2021-03-21,spatial,5.985708729655648,0.5246201119061725,5.027102502070941,7.127109300340703
22093,2021-04-04,1,2021-03-21,spatial,5.981347703556403,0.4855769407769843,5.0890127506907765,7.030149481543977
22093,2021-04-11,2,2021-03-21,spatial,6.003483951506017,0.4318482152931797,5.2012483040482245,6.9294556708508415
22093,2021-04-18,3,2021-03-21,spatial,6.039063775544612,0.6216012606226122,4.924573262743923,7.405776975845878
22095,2021-03-28,0,2021-03-21,spatial,23.91841271230911,2.0381774245386017,20.178266232980143,28.35181477293144
22095,2021-04-04,1,2021-03-21,spatial,24.061742346938104,1.981552678536585,20.414303274466384,28.360872129032693
22095,2021-04-11,2,2021-03-21,spatial,23.95407508963245,1.7694501851956626,20.66634589257744,27.764836434187245
22095,2021-04-18,3,2021-03-21,spatial,24.050514840670196,2.7238246613421424,19.236291341673347,30.06958325944029
22097,2021-03-28,0,2021-03-21,spatial,65.03141394628297,4.096477439697549,57.33458310353788,73.7614990975987
22097,2021-04-04,1,2021-03-21,spatial,64.90306989645303,4.75559829590776,56.08855789437976,75.10281312484884
22097,2021-04-11,2,2021-03-21,spatial,65.10291731652133,6.838435893840723,52.89547974456952,80.12763781685794
22097,2021-04-18,3,2021-03-21,spatial,65.06021040510876,5.521199242683187,54.90672080104413,77.09130897280846
22099,2021-03-28,0,2021-03-21,spatial,32.305967958275716,1.2785079732120719,29.84908604585209,34.96507612051893
22099,2021-04-04,1,2021-03-21,spatial,29.1026811285507,2.8424913711643973,23.957360124492133,35.35306246050995
22099,2021-04-11,2,2021-03-21,spatial,28.959197215546986,2.2652707158828234,24.804017690769392,33.81045417013372
22099,2021-04-18,3,2021-03-21,spatial,35.517050686724524,1.844333957937456,32.02001183176435,39.396015720143154
22101,2021-03-28,0,2021-03-21,spatial,72.60042474160824,0.7278901448990799,71.15971236641633,74.07030603948131
22101,2021-04-04,1,2021-03-21,spatial,72.64821347965281,0.7186274294468711,71.22479844008694,74.1000752178298
22101,2021-04-11,2,2021-03-21,spatial,72.63687472721669,0.7322978310291469,71.18680357335634,74.11648374828987
22101,2021-04-18,3,2021-03-21,spatial,106.00171938504809,10.354493443193027,87.4138072906794,128.54221616525527
22103,2021-03-28,0,2021-03-21,spatial,196.5477311240308,14.6976193992409,169.3787580430599,228.0747069841156
22103,2021-04-04,1,2021-03-21,spatial,192.99936607444718,12.82930158422622,169.00244816047675,220.40364332337256
22103,2021-04-11,2,2021-03-21,spatial,197.20719345508687,20.010251642178112,161.28412139298726,241.1314692019213
22103,2021-04-18,3,2021-03-21,spatial,196.4720875812933,18.529173127782023,162.81642301162609,237.0846901346985
22105,2021-03-28,0,2021-03-21,spatial,59.963684303051274,4.239982087192524,52.089937791178805,69.02760087006486
22105,2021-04-04,1,2021-03-21,spatial,59.874241880011645,4.455356498232909,51.58491744264552,69.49560100957854
22105,2021-04-11,2,2021-03-21,spatial,59.866705107284844,3.7994994555542103,52.76408662332289,67.92541309373081
22105,2021-04-18,3,2021-03-21,spatial,59.96530635113288,6.609229837935432,48.23479232172062,74.5486358021692
22107,2021-03-28,0,2021-03-21,spatial,1.0003145094332002,0.08002376771638416,0.8532301921125699,1.1727539965563796
22107,2021-04-04,1,2021-03-21,spatial,0.6574600660819747,0.00973297032746553,0.6382801281232415,0.6772163497608583
22107,2021-04-11,2,2021-03-21,spatial,0.998870504541953,0.0932819203448174,0.8296437823356987,1.2026152742746397
22107,2021-04-18,3,2021-03-21,spatial,0.9992630308440108,0.0877998791500221,0.8378983428015521,1.1917037590418649
22109,2021-03-28,0,2021-03-21,spatial,65.81288237067916,3.6239413775669846,58.96369872219565,73.45766259243183
22109,2021-04-04,1,2021-03-21,spatial,65.65905744732305,5.178601544972911,56.156068128920154,76.77018652683527
22109,2021-04-11,2,2021-03-21,spatial,65.84531942567568,4.961256417740869,56.67937918497862,76.49353526120312
22109,2021-04-18,3,2021-03-21,spatial,66.20346849867386,6.344489726699039,54.74686871180997,80.0575328668875
22111,2021-03-28,0,2021-03-21,spatial,15.1923586760917,0.6375460505369989,13.973169935547162,16.517924222466753
22111,2021-04-04,1,2021-03-21,spatial,12.030984440299045,1.0088951122596248,10.179826264909575,14.218767868530355
22111,2021-04-11,2,2021-03-21,spatial,12.020318154183116,0.9115863512640472,10.331998779787867,13.98452047927465
22111,2021-04-18,3,2021-03-21,spatial,11.974186880410008,1.3577016081588604,9.573482916129707,14.976905761790206
22113,2021-03-28,0,2021-03-21,spatial,50.149538500526816,5.484396551742437,40.368142921755684,62.30101336815326
22113,2021-04-04,1,2021-03-21,spatial,49.7788728627225,4.7698329341546835,41.21968291722065,60.115362567426864
22113,2021-04-11,2,2021-03-21,spatial,46.408047388902496,1.8292496015265052,42.90092929560706,50.20186969868629
22113,2021-04-18,3,2021-03-21,spatial,50.00821303288771,5.187218049487597,40.67430584217715,61.484057784446755
22115,2021-03-28,0,2021-03-21,spatial,20.024219198765373,1.434935642736788,17.352561473957255,23.10721417826291
22115,2021-04-04,1,2021-03-21,spatial,19.9672904676084,2.035438538168496,16.300652795888606,24.45869460629236
22115,2021-04-11,2,2021-03-21,spatial,20.05645907335745,1.9392471282786647,16.564146970049933,24.285074944613925
22115,2021-04-18,3,2021-03-21,spatial,20.05103342461037,1.8453890265808048,16.69070120028314,24.087899997156626
22117,2021-03-28,0,2021-03-21,spatial,73.87235199885417,6.704011136161755,61.725266072578776,88.40989657988565
22117,2021-04-04,1,2021-03-21,spatial,73.99489083356951,6.850050633428698,61.60362802921858,88.87859440478027
22117,2021-04-11,2,2021-03-21,spatial,73.80083153186611,6.8086543937908965,61.42977276406857,88.66324079877893
22117,2021-04-18,3,2021-03-21,spatial,47.76652176837555,0.4828117068417706,46.81055246181987,48.74201396596786
22119,2021-03-28,0,2021-03-21,spatial,11.004337781064287,0.6797182703213155,9.72502321212787,12.451944572095554
22119,2021-04-04,1,2021-03-21,spatial,10.99575114729382,0.8759604013066914,9.385115478048546,12.88279761458551
22119,2021-04-11,2,2021-03-21,spatial,10.976807729483301,1.1509869477181531,8.914638478649941,13.51600608578933
22119,2021-04-18,3,2021-03-21,spatial,10.98504839347107,0.9090761282823624,9.311257684154487,12.959719545970113
22121,2021-03-28,0,2021-03-21,spatial,18.01011545232587,1.754692669580929,14.846519042805571,21.847832321562926
22121,2021-04-04,1,2021-03-21,spatial,17.97439847584755,1.5942418670614935,15.06077070303974,21.45169108134308
22121,2021-04-11,2,2021-03-21,spatial,24.221872118144447,0.9784834247174165,22.34358738882986,26.258052420044645
22121,2021-04-18,3,2021-03-21,spatial,24.275618607992286,0.9146144228069568,22.51608213027237,26.17265541096928
22123,2021-03-28,0,2021-03-21,spatial,0.9990486833454836,0.06553368349885268,0.8769395103801085,1.138160910621668
22123,2021-04-04,1,2021-03-21,spatial,0.998387772215098,0.060820825638566126,0.8839269924518776,1.127670217360053
22123,2021-04-11,2,2021-03-21,spatial,1.0006140166976925,0.09476283759177544,0.8292427988890583,1.20740078991731
22123,2021-04-18,3,2021-03-21,spatial,0.997062451089832,0.11286712532862245,0.7971090154858425,1.2471738646279564
22125,2021-03-28,0,2021-03-21,spatial,3.6902945256589783,0.10896494583140602,3.4787387350611225,3.9147158563114544
22125,2021-04-04,1,2021-03-21,spatial,4.0109850196316135,0.2474219782598361,3.546528477696372,4.536267205771627
22125,2021-04-11,2,2021-03-21,spatial,3.9940900873520064,0.3051296759653373,3.432789781868553,4.647169398529285
22125,2021-04-18,3,2021-03-21,spatial,4.008537996278223,0.4783727894705129,3.1578419646153746,5.088404374777942
22127,2021-03-28,0,2021-03-21,spatial,3.9485890501128598,0.058887512173309786,3.832535897275792,4.068156412508409
22127,2021-04-04,1,2021-03-21,spatial,2.7489005818264105,0.06104874129923098,2.6295082495795707,2.8737139006784904
22127,2021-04-11,2,2021-03-21,spatial,2.743765191248315,0.06374532354509208,2.619235549360853,2.874215504040082
22127,2021-04-18,3,2021-03-21,spatial,2.005251013406137,0.1677035540555626,1.6973647815408386,2.368984952731326
23001,2021-03-28,0,2021-03-21,spatial,116.39779158515871,3.9319115107693214,108.80763979726808,124.51741358553228
23001,2021-04-04,1,2021-03-21,spatial,119.38954817816936,9.546493244144072,101.8838872822807,139.90302681223287
23001,2021-04-11,2,2021-03-21,spatial,110.9928171725158,1.12330118227603,108.7677423582342,113.26341061044263
23001,2021-04-18,3,2021-03-21,spatial,119.02060158596814,11.998283517031494,97.53822490814932,145.2343798057186
23003,2021-03-28,0,2021-03-21,spatial,47.40484815858846,2.570900529218203,42.5525442425549,52.81046454306917
23003,2021-04-04,1,2021-03-21,spatial,45.24362680016371,2.1875766922394875,41.08694511867864,49.82083141299072
23003,2021-04-11,2,2021-03-21,spatial,29.649949237890176,0.29070092816514426,29.074157397196583,30.23714420333405
23003,2021-04-18,3,2021-03-21,spatial,29.627544742193127,0.29108535457794005,29.051123086597897,30.215403543404
23005,2021-03-28,0,2021-03-21,spatial,284.6807811400926,31.41184416960127,228.5194285872148,354.6444503715493
23005,2021-04-04,1,2021-03-21,spatial,270.62842299818783,10.461611902834886,250.5172305787749,292.3541153847135
23005,2021-04-11,2,2021-03-21,spatial,280.79587441535574,15.353439846249476,251.73176772583525,313.21562550880316
23005,2021-04-18,3,2021-03-21,spatial,283.6123404427559,24.151889133243703,239.6701436422208,335.61109627193434
23007,2021-03-28,0,2021-03-21,spatial,20.341860705834307,1.2396470560258834,18.014745829114435,22.969588408337078
23007,2021-04-04,1,2021-03-21,spatial,20.923145040294102,1.2723679620175978,18.540285608397998,23.612257525250193
23007,2021-04-11,2,2021-03-21,spatial,15.532658564780467,0.5067553075975774,14.551667967380018,16.579781962513174
23007,2021-04-18,3,2021-03-21,spatial,18.037555469055352,1.5881980190806548,15.132091756671526,21.500887817165452
23009,2021-03-28,0,2021-03-21,spatial,38.254732556740606,2.017032785353115,34.4234472278696,42.51243500688522
23009,2021-04-04,1,2021-03-21,spatial,30.971478389884783,0.29981302501206275,30.37767546105215,31.576888589943362
23009,2021-04-11,2,2021-03-21,spatial,38.51042726449328,1.780886877385924,35.1048125863038,42.24643001434062
23009,2021-04-18,3,2021-03-21,spatial,35.63950036243849,3.400793245684308,29.477052730340038,43.09026406757732
23011,2021-03-28,0,2021-03-21,spatial,130.68916631629554,12.792786360809092,107.50592115930617,158.8717905792287
23011,2021-04-04,1,2021-03-21,spatial,139.23733407713686,4.482041801400605,130.5571741412875,148.49459884853042
23011,2021-04-11,2,2021-03-21,spatial,179.25515326624185,8.369102218457526,163.27302731828175,196.80170387154925
23011,2021-04-18,3,2021-03-21,spatial,130.54425804606305,9.742889918332805,112.54349381928922,151.4241537246131
23013,2021-03-28,0,2021-03-21,spatial,36.98877373473562,3.2739211984283663,31.031285140308363,44.09000066266259
23013,2021-04-04,1,2021-03-21,spatial,37.18887544016581,2.6783236122094776,32.20126551636639,42.94900943570829
23013,2021-04-11,2,2021-03-21,spatial,36.52442068006844,3.1569570492684282,30.733360802303732,43.40668482682225
23013,2021-04-18,3,2021-03-21,spatial,36.84835429223556,3.6918423806524316,30.21958965861673,44.931159866327135
23015,2021-03-28,0,2021-03-21,spatial,19.112047126252996,1.6877875349325675,16.0334319913796,22.781794038388252
23015,2021-04-04,1,2021-03-21,spatial,18.95656552994988,1.9117634405770032,15.52455611453084,23.14728833727712
23015,2021-04-11,2,2021-03-21,spatial,19.00142896654613,1.4668665434931707,16.29080081713058,22.163078833486924
23015,2021-04-18,3,2021-03-21,spatial,23.55801749436069,1.3982028386155694,20.919536672023174,26.529277247655735
23017,2021-03-28,0,2021-03-21,spatial,107.93005036732497,6.471771041047144,95.75199801357105,121.65694725912964
23017,2021-04-04,1,2021-03-21,spatial,83.05782807749544,2.8569830599926607,77.53548130744946,88.97349559998135
23017,2021-04-11,2,2021-03-21,spatial,116.60293311727102,3.4204740008196337,109.96739858202132,123.63886194333999
23017,2021-04-18,3,2021-03-21,spatial,107.00794680440883,11.263169344598973,86.83289537110258,131.87053858284577
23019,2021-03-28,0,2021-03-21,spatial,183.5225909600736,9.463014314552856,165.53524340615078,203.46447499437468
23019,2021-04-04,1,2021-03-21,spatial,173.17281196153698,4.352797644851127,164.6783202181064,182.10546939601693
23019,2021-04-11,2,2021-03-21,spatial,173.2013111010566,4.1657496926409285,165.0696430198019,181.7335617762638
23019,2021-04-18,3,2021-03-21,spatial,181.74651991960502,16.336762981412512,151.9616278095625,217.36933184397492
23021,2021-03-28,0,2021-03-21,spatial,12.740089791890512,0.12334188907267862,12.4959530092969,12.988996340229154
23021,2021-04-04,1,2021-03-21,spatial,12.745950055091868,0.13218993351087568,12.48437854745424,13.013001983989373
23021,2021-04-11,2,2021-03-21,spatial,12.742061808253606,0.12330341904225744,12.497880951701505,12.991013416818545
23021,2021-04-18,3,2021-03-21,spatial,12.742006427751384,0.1271362335937406,12.490391944638526,12.998689594728837
23023,2021-03-28,0,2021-03-21,spatial,25.49593039782663,1.2703920617516644,23.082039263353987,28.162263283333665
23023,2021-04-04,1,2021-03-21,spatial,25.552649564103604,1.2817679698672315,23.12037021423356,28.24080642722221
23023,2021-04-11,2,2021-03-21,spatial,23.040335833218542,1.1539854755337946,20.8464061736112,25.465160320031046
23023,2021-04-18,3,2021-03-21,spatial,22.988374675265923,1.1745004901747764,20.756585742238407,25.460129944926926
23025,2021-03-28,0,2021-03-21,spatial,34.209408296651354,1.6335836762930809,31.096599454951797,37.63381323100404
23025,2021-04-04,1,2021-03-21,spatial,37.94495075921631,1.7998823552625247,34.51641975889919,41.71403923630084
23025,2021-04-11,2,2021-03-21,spatial,29.25710786663503,0.28986789665794604,28.682849878508573,29.842863046927672
23025,2021-04-18,3,2021-03-21,spatial,38.67418392284173,2.8522028802200867,33.39456722030984,44.78849784848065
23027,2021-03-28,0,2021-03-21,spatial,15.985595848144882,1.7591972101772422,12.87099591002343,19.853885154389857
23027,2021-04-04,1,2021-03-21,spatial,18.07160184115372,1.0874416177475257,16.032725622232714,20.36976124959784
23027,2021-04-11,2,2021-03-21,spatial,15.762395904322204,0.8709540828755488,14.111388821580867,17.606567842892147
23027,2021-04-18,3,2021-03-21,spatial,18.60768301195086,0.8926246220483158,16.90109346686123,20.486595601174887
23029,2021-03-28,0,2021-03-21,spatial,15.213781497688611,0.7783067701883215,13.73647968573596,16.8499610347592
23029,2021-04-04,1,2021-03-21,spatial,15.253852949051554,0.7799398843803925,13.771357697690457,16.89593973950082
23029,2021-04-11,2,2021-03-21,spatial,14.028028127001846,0.14297194056959384,13.744902006846116,14.316986256718245
23029,2021-04-18,3,2021-03-21,spatial,10.98913027644598,0.4243536259981593,10.173179935099762,11.870524752643874
23031,2021-03-28,0,2021-03-21,spatial,293.0825989325212,28.51749469534009,241.7662467467099,355.2911581037729
23031,2021-04-04,1,2021-03-21,spatial,262.9116189419603,13.642177622925587,237.0890537001125,291.546650070626
23031,2021-04-11,2,2021-03-21,spatial,256.67059915673747,2.5936054915588964,251.53600791694686,261.91000253622144
23031,2021-04-18,3,2021-03-21,spatial,293.50584476820217,21.61183871220797,253.3789026624839,339.987583843345
24001,2021-03-28,0,2021-03-21,spatial,25.594959334354442,1.0410379118417243,23.598329836785982,27.76052152241976
24001,2021-04-04,1,2021-03-21,spatial,34.380265849696784,2.1125554244762323,30.40897705441985,38.87018881893057
24001,2021-04-11,2,2021-03-21,spatial,31.053706289568638,3.097694568217272,25.47157426045135,37.859170558455595
24001,2021-04-18,3,2021-03-21,spatial,29.372702372150695,0.2922935855344119,28.793885827273392,29.9631543244417
24003,2021-03-28,0,2021-03-21,spatial,807.472533764401,27.04926103006844,755.2795766224893,863.272241121113
24003,2021-04-04,1,2021-03-21,spatial,703.4739418866483,7.069019952816316,689.4766853040968,717.755360640327
24003,2021-04-11,2,2021-03-21,spatial,703.9300468819333,7.0474230988353375,689.9658234840048,718.1768923003592
24003,2021-04-18,3,2021-03-21,spatial,881.7038372282111,59.86464314930415,770.0975152320476,1009.484696686371
24005,2021-03-28,0,2021-03-21,spatial,968.6931720679137,9.668557563967092,949.5507693358153,988.2214747373204
24005,2021-04-04,1,2021-03-21,spatial,968.4018272298256,9.580674592353768,949.4339387048864,987.7486581755353
24005,2021-04-11,2,2021-03-21,spatial,1372.847758906354,139.8988018719474,1121.6197806832567,1680.3474774545166
24005,2021-04-18,3,2021-03-21,spatial,1285.8946825111188,51.63945135082306,1186.9087314950975,1393.1358752643912
24009,2021-03-28,0,2021-03-21,spatial,78.53151739613581,7.5313034055854144,64.94998408783978,94.953052123907
24009,2021-04-04,1,2021-03-21,spatial,58.13870933200059,0.5962441937699512,56.95864995294954,59.343216975524825
24009,2021-04-11,2,2021-03-21,spatial,58.11048130309997,0.5989377784975772,56.92500431351525,59.320646137855434
24009,2021-04-18,3,2021-03-21,spatial,71.3819366751141,2.973368117553873,65.67193121975514,77.58841241381413
24011,2021-03-28,0,2021-03-21,spatial,23.719755015295487,1.5559076847255568,20.810817244187948,27.035304350806605
24011,2021-04-04,1,2021-03-21,spatial,19.83723649744816,1.1319237415645518,17.697810559216766,22.23529009642109
24011,2021-04-11,2,2021-03-21,spatial,24.017896681112557,1.6704721379511516,20.90886795230716,27.58922014814029
24011,2021-04-18,3,2021-03-21,spatial,23.87190371312435,2.6668161793046066,19.10035057368181,29.83546216549007
24013,2021-03-28,0,2021-03-21,spatial,153.60670814925697,10.821811373608133,133.5245978181286,176.70916950140784
24013,2021-04-04,1,2021-03-21,spatial,149.5277861177054,1.4838006172684328,146.5904625958918,152.5239666027826
24013,2021-04-11,2,2021-03-21,spatial,149.44001461740092,1.5320951480314946,146.40804318438938,152.53477529730523
24013,2021-04-18,3,2021-03-21,spatial,183.70172742858867,7.896735145732747,168.5832129188624,200.1760678062845
24015,2021-03-28,0,2021-03-21,spatial,97.07752493790044,7.933344438147931,82.49356666866099,114.23976715567132
24015,2021-04-04,1,2021-03-21,spatial,63.86722481427129,0.6099056049792255,62.659591729867934,65.09813251037069
24015,2021-04-11,2,2021-03-21,spatial,63.87147346361176,0.6403055318572481,62.604561702734216,65.16402337874189
24015,2021-04-18,3,2021-03-21,spatial,111.20687637966408,5.691243138432123,100.4132204188389,123.1607680994332
24017,2021-03-28,0,2021-03-21,spatial,189.0544981667026,14.809499750764976,161.81428607264567,220.8803940896648
24017,2021-04-04,1,2021-03-21,spatial,194.56473779526212,13.998637600515487,168.60965435333,224.51524106686745
24017,2021-04-11,2,2021-03-21,spatial,194.4931241102196,13.86983637842356,168.74497407711442,224.17008585314383
24017,2021-04-18,3,2021-03-21,spatial,202.25595935214767,2.0439011766617123,198.21152772787204,206.38291608155185
24019,2021-03-28,0,2021-03-21,spatial,35.38723603918415,1.4417753954540795,32.62481036213581,38.38356332474797
24019,2021-04-04,1,2021-03-21,spatial,35.398273038165456,1.4741553599534638,32.57339044716634,38.468139695710356
24019,2021-04-11,2,2021-03-21,spatial,34.021835729968075,3.836833552030512,27.21536152577707,42.530587195787156
24019,2021-04-18,3,2021-03-21,spatial,34.01442921990644,3.5437441607617526,27.626959122759732,41.878709488619634
24021,2021-03-28,0,2021-03-21,spatial,317.3052793146362,32.281303115042526,258.7693453517781,389.0825636400965
24021,2021-04-04,1,2021-03-21,spatial,317.58188910440293,19.705196793704907,280.5708917503594,359.4751246571253
24021,2021-04-11,2,2021-03-21,spatial,321.1933064729528,21.298464864180232,281.5907003728821,366.36557949682646
24021,2021-04-18,3,2021-03-21,spatial,302.3548615002605,3.0814317572590286,296.2515670049101,308.5838944147309
24023,2021-03-28,0,2021-03-21,spatial,10.88130704551368,0.10367696981488292,10.675913808896542,11.090651829736316
24023,2021-04-04,1,2021-03-21,spatial,10.878758777412367,0.10445069229541674,10.671968741305351,11.089555770442676
24023,2021-04-11,2,2021-03-21,spatial,10.882337386619923,0.10961836819268386,10.665351939347138,11.103737379666343
24023,2021-04-18,3,2021-03-21,spatial,13.051938372901606,1.2992592219191632,10.709831253207604,15.90623523960758
24025,2021-03-28,0,2021-03-21,spatial,421.05763856633695,36.760868244922854,354.37232834836783,500.2917011645858
24025,2021-04-04,1,2021-03-21,spatial,296.88568721320564,3.0159880669408867,290.91481986461935,302.9791033439785
24025,2021-04-11,2,2021-03-21,spatial,296.99373516334947,2.8840271091342493,291.284973083996,302.81438068156916
24025,2021-04-18,3,2021-03-21,spatial,448.86950252241434,40.63666291835753,374.974923019796,537.3261461649339
24027,2021-03-28,0,2021-03-21,spatial,313.8132317166441,3.0770116560298217,307.7193775629612,320.02776419335135
24027,2021-04-04,1,2021-03-21,spatial,313.5585869544348,3.189269342031741,307.24323263761016,320.0037527558107
24027,2021-04-11,2,2021-03-21,spatial,313.5448109716469,3.2344717083467414,307.1432973171162,320.0797456626355
24027,2021-04-18,3,2021-03-21,spatial,353.54749213622114,15.411342733637845,324.07375053760944,385.7018008661743
24029,2021-03-28,0,2021-03-21,spatial,0.9987891980485362,0.10901436345172716,0.8050325276946486,1.2391795707872604
24029,2021-04-04,1,2021-03-21,spatial,0.9991384765944652,0.1258407126285267,0.7797206906179066,1.2803016611248346
24029,2021-04-11,2,2021-03-21,spatial,1.7336870976694927,0.05117602371716701,1.6343564273247182,1.8390547510775592
24029,2021-04-18,3,2021-03-21,spatial,1.1271402504575063,0.059243271174286766,1.014696766175424,1.2520441441731878
24031,2021-03-28,0,2021-03-21,spatial,829.5431109667122,63.65316499830393,712.2509292385498,966.1507548863524
24031,2021-04-04,1,2021-03-21,spatial,848.0810875731679,114.54157376252451,650.88270875495,1105.0247939065678
24031,2021-04-11,2,2021-03-21,spatial,873.8398504964543,73.95464492640359,738.4170078767262,1034.0987222265376
24031,2021-04-18,3,2021-03-21,spatial,847.1751905711218,111.05694056850908,653.519605613893,1098.216177990604
24033,2021-03-28,0,2021-03-21,spatial,1170.142914401364,72.19043714130206,1035.1005503939696,1322.8033156803692
24033,2021-04-04,1,2021-03-21,spatial,1173.7538394201665,129.5665911461417,944.0049638020353,1459.4182534854708
24033,2021-04-11,2,2021-03-21,spatial,1187.0088388688769,90.91579621135368,1019.4422220048508,1382.1185282888296
24033,2021-04-18,3,2021-03-21,spatial,1167.330962082849,120.56670839394332,951.0786446290857,1432.7538345356274
24035,2021-03-28,0,2021-03-21,spatial,35.12631708953319,2.5345115030786984,30.452808885310432,40.517055648998266
24035,2021-04-04,1,2021-03-21,spatial,35.03410028455121,2.4054790374269746,30.5615287185548,40.16121687011057
24035,2021-04-11,2,2021-03-21,spatial,30.774256933930893,2.5487502195491545,26.096861939936108,36.28999118803293
24035,2021-04-18,3,2021-03-21,spatial,32.468142350161855,1.7706666660781618,29.126573451763267,36.19307535148993
24037,2021-03-28,0,2021-03-21,spatial,65.71144906337871,3.3317740144449832,59.37197488786125,72.7278239634882
24037,2021-04-04,1,2021-03-21,spatial,65.61662860358939,3.3306960458628856,59.2867376799361,72.62234553274251
24037,2021-04-11,2,2021-03-21,spatial,72.86973900726278,7.9746954978385975,58.73197549657717,90.41069737720731
24037,2021-04-18,3,2021-03-21,spatial,72.81291016078465,9.9853675719155,55.61932675010128,95.32154011685951
24039,2021-03-28,0,2021-03-21,spatial,24.850029738925386,1.5911070848527256,21.871524107101603,28.234153916368747
24039,2021-04-04,1,2021-03-21,spatial,28.26073425372775,1.7839685438731523,24.924496649097552,32.04353980760284
24039,2021-04-11,2,2021-03-21,spatial,25.673934313413852,0.2560037740813162,25.167042901632627,26.191035065416017
24039,2021-04-18,3,2021-03-21,spatial,25.671627616501137,0.24745658092042375,25.18136923092145,26.171430887524792
24041,2021-03-28,0,2021-03-21,spatial,21.63376621957128,0.8148242069207368,20.067150773543588,23.322685224456386
24041,2021-04-04,1,2021-03-21,spatial,19.314382437374896,1.3636997251350476,16.78234744110537,22.228437961156
24041,2021-04-11,2,2021-03-21,spatial,19.45037630982872,1.3510673630316576,16.937186563226412,22.33648057082507
24041,2021-04-18,3,2021-03-21,spatial,21.83625959272128,2.4058266341822527,17.53372068463048,27.194583601339087
24043,2021-03-28,0,2021-03-21,spatial,230.9874091172421,32.62358628039537,174.75718430823696,305.31038470262973
24043,2021-04-04,1,2021-03-21,spatial,216.63412159316502,13.22292704759099,191.87781719639656,244.58451385449445
24043,2021-04-11,2,2021-03-21,spatial,201.66679242419343,2.0113061781811887,197.68384160788798,205.72999207154186
24043,2021-04-18,3,2021-03-21,spatial,201.72568753603005,1.9827334298221169,197.79754691115158,205.7318386772662
24045,2021-03-28,0,2021-03-21,spatial,91.45145990019195,8.57847529623513,75.87530957870932,110.22517818132485
24045,2021-04-04,1,2021-03-21,spatial,90.24262406877695,12.676931114020356,68.40816714287037,119.04618321099626
24045,2021-04-11,2,2021-03-21,spatial,91.05843993336487,8.69359011417464,75.3812228589883,109.99608614215444
24045,2021-04-18,3,2021-03-21,spatial,90.88737955796827,9.435614415055293,74.07503294267889,111.51551926148157
24047,2021-03-28,0,2021-03-21,spatial,34.609639980414535,2.377881567714924,30.183537958891048,39.68478384493256
24047,2021-04-04,1,2021-03-21,spatial,34.49657440445246,2.3305462400113757,30.13863747536745,39.48465310067624
24047,2021-04-11,2,2021-03-21,spatial,35.788698648262454,4.5002769052202085,27.959268789403676,45.81060257990603
24047,2021-04-18,3,2021-03-21,spatial,36.12705794679461,3.8974313377324634,29.210136058737888,44.681897861294956
24510,2021-03-28,0,2021-03-21,spatial,711.8942284321604,7.011060065673152,698.008584386356,726.0561027634938
24510,2021-04-04,1,2021-03-21,spatial,1231.448142263368,132.86493286717126,994.4433416919072,1524.9380869742126
24510,2021-04-11,2,2021-03-21,spatial,1226.97805955622,97.98469388656314,1046.078208099804,1439.1611898378376
24510,2021-04-18,3,2021-03-21,spatial,1236.5378128821076,90.37554569540994,1069.4191650754012,1429.7721722421716
25001,2021-03-28,0,2021-03-21,spatial,557.9024163152957,38.65713442233008,486.21168137244314,640.1637765095586
25001,2021-04-04,1,2021-03-21,spatial,355.76169832607866,3.423225364300787,348.98222570374696,362.67287177914534
25001,2021-04-11,2,2021-03-21,spatial,639.2462489454579,35.644540809187,571.9693053353215,714.4365317842928
25001,2021-04-18,3,2021-03-21,spatial,640.0191304022264,35.90195945029596,572.3578894542443,715.6789393982287
25003,2021-03-28,0,2021-03-21,spatial,220.56986322917942,11.826519266278472,198.21767429926268,245.44261623959468
25003,2021-04-04,1,2021-03-21,spatial,220.65745003621763,12.095080780802093,197.70933193731742,246.2691557317217
25003,2021-04-11,2,2021-03-21,spatial,244.4456895985869,20.511974352471718,206.82277105750626,288.91255473370694
25003,2021-04-18,3,2021-03-21,spatial,217.07782160419723,15.677367079268494,187.96193612737625,250.70384782847725
25005,2021-03-28,0,2021-03-21,spatial,1064.5045559283146,82.73354216072467,912.9394788377252,1241.2322786553073
25005,2021-04-04,1,2021-03-21,spatial,1189.1104045748632,114.82426350413445,981.4631901616417,1440.6893385734818
25005,2021-04-11,2,2021-03-21,spatial,1238.9234338690285,157.65580286497445,962.339161699406,1595.0003242923956
25005,2021-04-18,3,2021-03-21,spatial,1104.9143216943362,110.45827858126728,906.470641379421,1346.801101497837
25007,2021-03-28,0,2021-03-21,spatial,0.9998138617395772,0.010062961670414535,0.9798826901467041,1.0201504406378954
25007,2021-04-04,1,2021-03-21,spatial,0.9994463976427916,0.009783764207581437,0.9800604010735451,1.0192158571726588
25007,2021-04-11,2,2021-03-21,spatial,1.0003543502144294,0.009664504557513158,0.9812102533246152,1.0198719617964154
25007,2021-04-18,3,2021-03-21,spatial,0.9993729979440938,0.00982803810479686,0.9799056397972034,1.0192271056083129
25009,2021-03-28,0,2021-03-21,spatial,1509.109433392258,254.3277894055815,1086.6048599293297,2095.896462400895
25009,2021-04-04,1,2021-03-21,spatial,1327.3830081405024,77.58847808251929,1181.4708073941274,1491.3154343494157
25009,2021-04-11,2,2021-03-21,spatial,1474.3137686227883,174.82609893871103,1164.810473039651,1866.0555847154872
25009,2021-04-18,3,2021-03-21,spatial,1453.9443139690425,136.74739271211894,1204.6073620937186,1754.8905432959186
25011,2021-03-28,0,2021-03-21,spatial,65.87520549545197,4.252589979578187,57.8794315643101,74.97555835955885
25011,2021-04-04,1,2021-03-21,spatial,48.25578740039978,0.4886091242600567,47.28912182325866,49.24221317400898
25011,2021-04-11,2,2021-03-21,spatial,48.22864945615506,0.4639597639879893,47.3100095327365,49.16512702782678
25011,2021-04-18,3,2021-03-21,spatial,65.75924970023316,3.9107671527223267,58.38985340477951,74.05873912989908
25013,2021-03-28,0,2021-03-21,spatial,1013.5137452868173,79.9732841400098,865.4801233905775,1186.8673631245802
25013,2021-04-04,1,2021-03-21,spatial,974.8089295130553,56.23386626479574,868.9907160083217,1093.512774708733
25013,2021-04-11,2,2021-03-21,spatial,1114.5734374873307,136.51467151815913,874.4966905728559,1420.5587750578554
25013,2021-04-18,3,2021-03-21,spatial,1015.8593447991667,10.15252804525468,995.7648360986619,1036.3593601667849
25015,2021-03-28,0,2021-03-21,spatial,215.21667847720002,12.306895733217358,192.03000811252258,241.2030242045175
25015,2021-04-04,1,2021-03-21,spatial,200.40042207677882,14.338043448752751,173.63838036648227,231.2871675247629
25015,2021-04-11,2,2021-03-21,spatial,214.09725408376443,20.422944872760123,177.2559847322953,258.595692977223
25015,2021-04-18,3,2021-03-21,spatial,213.0563558490236,19.771109186674853,177.10560572966907,256.3047656264076
25017,2021-03-28,0,2021-03-21,spatial,2818.0472290427533,181.5057074377998,2478.8942423182234,3203.6018518034343
25017,2021-04-04,1,2021-03-21,spatial,2358.5853439145385,23.46507750926384,2312.107112572333,2405.9978857724427
25017,2021-04-11,2,2021-03-21,spatial,2843.181514811657,190.07861353141385,2489.389331154036,3247.254668043126
25017,2021-04-18,3,2021-03-21,spatial,2790.2724225096913,158.56622227338391,2490.758024787816,3125.8035161730913
25019,2021-03-28,0,2021-03-21,spatial,0.9996565831953752,0.009829897886731187,0.980198761097144,1.0195006604653458
25019,2021-04-04,1,2021-03-21,spatial,0.9999119443365811,0.01009371002034472,0.9799255610828116,1.020305966222744
25019,2021-04-11,2,2021-03-21,spatial,1.0002814340378403,0.009816540860596744,0.9808364856529634,1.020111875849217
25019,2021-04-18,3,2021-03-21,spatial,1.0001738956146204,0.00979366210257867,0.9807780252703472,1.0199533387722304
25021,2021-03-28,0,2021-03-21,spatial,1113.81285650372,88.61950109874607,950.6174324005498,1305.0245419760506
25021,2021-04-04,1,2021-03-21,spatial,1072.3369417272909,64.66425702386843,950.6422087962673,1209.6102045048958
25021,2021-04-11,2,2021-03-21,spatial,1109.342722857571,180.95579297885143,805.5812334117157,1527.6439243068796
25021,2021-04-18,3,2021-03-21,spatial,923.474628305464,53.91302434573482,822.2757741619021,1037.1281946049428
25023,2021-03-28,0,2021-03-21,spatial,1006.1575020623442,108.50568694504652,813.6474047594495,1244.215753696938
25023,2021-04-04,1,2021-03-21,spatial,1041.3815722183376,118.22783974195124,831.4225436091319,1304.3615274711265
25023,2021-04-11,2,2021-03-21,spatial,941.4729280332117,9.754102427019538,922.1513572594317,961.1993380931096
25023,2021-04-18,3,2021-03-21,spatial,1055.0774844086884,173.60060547158488,764.3943305407837,1456.3013534109052
25025,2021-03-28,0,2021-03-21,spatial,1713.318481566395,131.826835719282,1470.9452905565286,1995.628415361629
25025,2021-04-04,1,2021-03-21,spatial,1477.8399499143036,89.53814738660856,1308.6365433030226,1668.9209305207296
25025,2021-04-11,2,2021-03-21,spatial,1532.3485046557992,15.071908344710064,1502.5165560428034,1562.772756331593
25025,2021-04-18,3,2021-03-21,spatial,1709.7614636846095,232.84216704807568,1307.1576393957605,2236.3670414321564
25027,2021-03-28,0,2021-03-21,spatial,1218.7291835025544,86.41665525711207,1058.140712115499,1403.6893257337201
25027,2021-04-04,1,2021-03-21,spatial,1236.9171269866656,201.22931899893683,899.8851721183588,1700.176896382637
25027,2021-04-11,2,2021-03-21,spatial,1234.291382810697,197.9268104087662,897.7295816704616,1697.0313207747008
25027,2021-04-18,3,2021-03-21,spatial,1073.3565982306102,59.34178877778342,961.2898939532837,1198.4879839183834
26001,2021-03-28,0,2021-03-21,spatial,16.031395940739774,1.7357373585349516,12.940584176793527,19.860436924451857
26001,2021-04-04,1,2021-03-21,spatial,15.876529697912279,1.9690564099429262,12.451556612318733,20.24358906253659
26001,2021-04-11,2,2021-03-21,spatial,15.964080606309745,1.5106264650686383,13.222509960774556,19.274091708820013
26001,2021-04-18,3,2021-03-21,spatial,16.019410185718602,1.1883817142446411,13.823988463004381,18.563492250089237
26003,2021-03-28,0,2021-03-21,spatial,3.004757694366694,0.19449140491374475,2.6415295130635457,3.4179322082927857
26003,2021-04-04,1,2021-03-21,spatial,3.0054666782458486,0.16969336601550744,2.6845151274081984,3.364790111191144
26003,2021-04-11,2,2021-03-21,spatial,2.9816854244828166,0.19590561620314714,2.6164170270359133,3.3979476049523663
26003,2021-04-18,3,2021-03-21,spatial,2.9920100142104955,0.22572697350467594,2.5758385962812502,3.4754211455873483
26005,2021-03-28,0,2021-03-21,spatial,295.9735496601293,33.07805834825927,237.3691299812556,369.04690220389915
26005,2021-04-04,1,2021-03-21,spatial,294.700467143511,35.25250553810152,232.50711810309775,373.52992047363256
26005,2021-04-11,2,2021-03-21,spatial,296.7814276893048,22.865141587765287,254.4666120119733,346.13270135870596
26005,2021-04-18,3,2021-03-21,spatial,296.19185370362345,20.052945473859662,258.7095767741436,339.1046257130931
26007,2021-03-28,0,2021-03-21,spatial,42.095091127876735,3.683941667738032,35.33120563872768,50.15387007121839
26007,2021-04-04,1,2021-03-21,spatial,42.058814731360634,3.6438034282591794,35.436744202873925,49.918352726756886
26007,2021-04-11,2,2021-03-21,spatial,42.113829749779384,3.9220532757017774,35.00168923245389,50.67111602570678
26007,2021-04-18,3,2021-03-21,spatial,42.01047946023335,2.7518163374513893,36.86693424641803,47.871634041557506
26009,2021-03-28,0,2021-03-21,spatial,75.6457134320149,8.406035530281626,60.61806723123456,94.39881906511879
26009,2021-04-04,1,2021-03-21,spatial,75.87314969467471,8.173210458760506,61.307586578445985,93.89922464529734
26009,2021-04-11,2,2021-03-21,spatial,75.96774843845586,7.622695147726473,62.26021162170557,92.69320891284204
26009,2021-04-18,3,2021-03-21,spatial,76.10441065511415,5.790890437252911,65.41402342773148,88.5418908311158
26011,2021-03-28,0,2021-03-21,spatial,16.990830423801437,1.6342869267508082,14.024947360378981,20.583914582519718
26011,2021-04-04,1,2021-03-21,spatial,16.882629696754,0.9304922788101868,15.119740653431867,18.851063124090413
26011,2021-04-11,2,2021-03-21,spatial,16.900656241808708,1.3548652025524974,14.413343533987653,19.81720485120245
26011,2021-04-18,3,2021-03-21,spatial,16.952604989400328,1.5968396733929742,14.062226145132689,20.437078237865947
26013,2021-03-28,0,2021-03-21,spatial,7.023920540863722,0.6284538183823491,5.875441356023013,8.396894254385286
26013,2021-04-04,1,2021-03-21,spatial,7.036706638314949,0.7019792831340558,5.768600202231305,8.583579824885954
26013,2021-04-11,2,2021-03-21,spatial,6.9630650545376245,0.5229297938349442,5.995882457640557,8.086261746498966
26013,2021-04-18,3,2021-03-21,spatial,6.992445942891783,0.42443313390724896,6.193298453364477,7.894710812410826
26015,2021-03-28,0,2021-03-21,spatial,147.506109179209,9.669029911271123,129.4346253029041,168.10070871121488
26015,2021-04-04,1,2021-03-21,spatial,147.40666944795123,14.37142222790341,121.50817087889529,178.82522665405062
26015,2021-04-11,2,2021-03-21,spatial,148.47707455614508,12.286170997941127,125.97568000191542,174.99760007976047
26015,2021-04-18,3,2021-03-21,spatial,148.8682805276846,16.93516317503622,119.07240105639144,186.1200811493993
26017,2021-03-28,0,2021-03-21,spatial,293.9198574162168,28.412461574923768,242.5238338298188,356.2078053086902
26017,2021-04-04,1,2021-03-21,spatial,273.1809562628273,2.7168069385776756,267.79953482030487,278.670517164074
26017,2021-04-11,2,2021-03-21,spatial,294.11708481417577,16.877559426783517,262.33474456958527,329.7499144519278
26017,2021-04-18,3,2021-03-21,spatial,292.6614483311885,29.299014731996042,240.3017208314964,356.42992086339933
26019,2021-03-28,0,2021-03-21,spatial,28.873552149022345,2.9133274736902943,23.63423192899829,35.27434342723096
26019,2021-04-04,1,2021-03-21,spatial,29.092686254285226,2.1121096343238994,25.17018286858766,33.62646977613193
26019,2021-04-11,2,2021-03-21,spatial,29.745568227247897,0.3647487501448451,29.024424969046386,30.48462907035951
26019,2021-04-18,3,2021-03-21,spatial,29.00472980768016,2.62712085010543,24.219376472754394,34.735590825920816
26021,2021-03-28,0,2021-03-21,spatial,368.78103309847984,39.4379500132083,298.4051490096499,455.75436893276975
26021,2021-04-04,1,2021-03-21,spatial,364.626568938112,12.811709055076046,339.9265051814916,391.12141227290994
26021,2021-04-11,2,2021-03-21,spatial,368.38245657887177,35.01912346629384,305.0297121969565,444.89316577612516
26021,2021-04-18,3,2021-03-21,spatial,369.977818815756,32.93462990315848,309.7348516394784,441.9379533530586
26023,2021-03-28,0,2021-03-21,spatial,68.85367480609285,5.7954371505859505,58.2305490661224,81.41480048418991
26023,2021-04-04,1,2021-03-21,spatial,68.73202657082908,6.013944071963862,57.78669871668863,81.75049936134958
26023,2021-04-11,2,2021-03-21,spatial,68.81527107482161,4.648145175952955,60.162234188879445,78.71286026768783
26023,2021-04-18,3,2021-03-21,spatial,69.07502244103149,5.83452475606465,58.354504292844545,81.76504595574245
26025,2021-03-28,0,2021-03-21,spatial,407.6137258912281,44.747822207223216,328.23311343158133,506.19191890144936
26025,2021-04-04,1,2021-03-21,spatial,409.129858557244,39.791346362456004,337.2626235723033,496.31127039840965
26025,2021-04-11,2,2021-03-21,spatial,406.28376604069945,33.43226110637199,345.3251919658528,478.0030602706111
26025,2021-04-18,3,2021-03-21,spatial,404.6883600326192,31.62020811142861,346.51439509224383,472.6287596285682
26027,2021-03-28,0,2021-03-21,spatial,151.5857747506783,16.256885463968047,122.69932415308644,187.27280908323874
26027,2021-04-04,1,2021-03-21,spatial,151.93985814826138,13.33614448569972,127.5681545996258,180.96773890449847
26027,2021-04-11,2,2021-03-21,spatial,152.72179556595066,14.460034997350382,126.4091535983772,184.51153399058484
26027,2021-04-18,3,2021-03-21,spatial,151.2153715155084,15.55682022822075,123.14415289333023,185.68554044446003
26029,2021-03-28,0,2021-03-21,spatial,31.015692478407324,3.0628345978493536,25.49468188965045,37.73230762709164
26029,2021-04-04,1,2021-03-21,spatial,30.96804916151331,3.0677586195298887,25.44027672666709,37.69691969838669
26029,2021-04-11,2,2021-03-21,spatial,30.985520457744432,1.6948109342731392,27.780894239197664,34.559811853811205
26029,2021-04-18,3,2021-03-21,spatial,31.120480529746477,2.8021703632556583,26.02560555808516,37.212748277492366
26031,2021-03-28,0,2021-03-21,spatial,61.88095005249927,5.383169297611895,52.03438783302024,73.59079521965516
26031,2021-04-04,1,2021-03-21,spatial,62.073964633572814,3.37463387614743,55.69698617362656,69.18106974977742
26031,2021-04-11,2,2021-03-21,spatial,61.85381532205359,5.161030737815705,52.40823971646353,73.00177396900523
26031,2021-04-18,3,2021-03-21,spatial,61.87611382745062,4.686582360642651,53.18741764619188,71.98419535718428
26033,2021-03-28,0,2021-03-21,spatial,126.90172931293706,8.858962083027606,110.43597869796392,145.82248550228002
26033,2021-04-04,1,2021-03-21,spatial,126.86940400379255,8.01887551395517,111.8924877349816,143.85099480852273
26033,2021-04-11,2,2021-03-21,spatial,127.0879901024494,7.759847395085727,112.5741104794345,143.4731054901906
26033,2021-04-18,3,2021-03-21,spatial,127.57066079002165,9.41420588358861,110.1330742924159,147.7691746912713
26035,2021-03-28,0,2021-03-21,spatial,52.150949721905995,3.5454837016577314,45.525709702144425,59.740343965876896
26035,2021-04-04,1,2021-03-21,spatial,52.0635683735832,4.4374974507181815,43.9060140484582,61.736762275872294
26035,2021-04-11,2,2021-03-21,spatial,52.04021519007985,5.655045952300101,41.96433082476671,64.53537906605885
26035,2021-04-18,3,2021-03-21,spatial,39.580491487351644,0.8972869384891392,37.82532281640405,41.417103404095954
26037,2021-03-28,0,2021-03-21,spatial,285.97472457821635,31.991625168493748,229.1312330728901,356.9201020777938
26037,2021-04-04,1,2021-03-21,spatial,286.21166601679465,26.11306692341978,238.68195826330864,343.20615751669015
26037,2021-04-11,2,2021-03-21,spatial,287.26621547590463,22.406111493776656,245.9172003356353,335.5677376011946
26037,2021-04-18,3,2021-03-21,spatial,286.0363360085568,31.339101118960052,230.32661096193408,355.2207240644104
26039,2021-03-28,0,2021-03-21,spatial,31.989724218847265,2.5751535286450444,27.25402004348425,37.548312284394854
26039,2021-04-04,1,2021-03-21,spatial,32.18530430323801,2.8884073856271777,26.93321823048016,38.46156832159463
26039,2021-04-11,2,2021-03-21,spatial,31.97516084609212,1.5098664594558198,29.10480429663302,35.128595977253816
26039,2021-04-18,3,2021-03-21,spatial,31.97103526412387,2.7647053342423344,26.93205509569617,37.952807248756685
26041,2021-03-28,0,2021-03-21,spatial,45.78902568531967,5.054938016546505,36.74830748828728,57.05391667028807
26041,2021-04-04,1,2021-03-21,spatial,46.034152681785145,3.6545307979326553,39.29993714245053,53.92230540849582
26041,2021-04-11,2,2021-03-21,spatial,46.2389749173109,3.7605105103726975,39.30538079139245,54.3956770893801
26041,2021-04-18,3,2021-03-21,spatial,46.04451602501482,3.766561647582261,39.13212694760626,54.17792543749106
26043,2021-03-28,0,2021-03-21,spatial,23.963392396544545,2.178029526716695,20.002882261049358,28.708071549716955
26043,2021-04-04,1,2021-03-21,spatial,23.927263904568356,1.9614569486129605,20.337894371259168,28.15010971676189
26043,2021-04-11,2,2021-03-21,spatial,24.05959612244571,1.773715989629441,20.762110252696317,27.880796245171148
26043,2021-04-18,3,2021-03-21,spatial,24.05048559882518,2.4315516961055144,19.6951432297487,29.368959179012666
26045,2021-03-28,0,2021-03-21,spatial,370.7725219173241,33.54115470614501,309.9206816542709,443.5724078662439
26045,2021-04-04,1,2021-03-21,spatial,370.01696210269137,37.08859004317189,303.53294832889173,451.063230524001
26045,2021-04-11,2,2021-03-21,spatial,370.2919309154052,32.22721210121032,311.39449107345763,440.3292865855925
26045,2021-04-18,3,2021-03-21,spatial,369.20531510099005,29.771977986165734,314.45074518071425,433.4941697164138
26047,2021-03-28,0,2021-03-21,spatial,58.077161300978155,5.578268403631421,47.95968700361702,70.32899661178881
26047,2021-04-04,1,2021-03-21,spatial,57.94458304743335,5.762163363251316,47.5853642306911,70.55897877052219
26047,2021-04-11,2,2021-03-21,spatial,50.97625987805699,1.3415308071279388,48.36571411459737,53.72771019152429
26047,2021-04-18,3,2021-03-21,spatial,58.04030860462996,3.203926273858526,51.97280208197937,64.81615937518808
26049,2021-03-28,0,2021-03-21,spatial,1602.4989249118762,151.25592151006583,1328.9606022230053,1932.3393033985492
26049,2021-04-04,1,2021-03-21,spatial,1600.6066965621192,145.34683850566887,1336.957338870608,1916.2479778477414
26049,2021-04-11,2,2021-03-21,spatial,1606.9133888150689,128.51038189525494,1371.137622841031,1883.2322854673102
26049,2021-04-18,3,2021-03-21,spatial,1605.0815717080895,167.02344447970256,1306.4753555668156,1971.936815233064
26051,2021-03-28,0,2021-03-21,spatial,53.01943375809535,4.223826701231303,45.23329185638893,62.145827567754495
26051,2021-04-04,1,2021-03-21,spatial,53.09992391630736,6.525107960111983,41.75991147000061,67.51934620223436
26051,2021-04-11,2,2021-03-21,spatial,52.94755651001972,5.264234844738778,43.515787562262936,64.42360112109954
26051,2021-04-18,3,2021-03-21,spatial,52.909906680661756,3.81755757848585,45.828792660769615,61.08514020166912
26053,2021-03-28,0,2021-03-21,spatial,13.024623732174936,0.5646039569862621,11.944978723901885,14.201852283360164
26053,2021-04-04,1,2021-03-21,spatial,13.059157588885775,0.9154525291133438,11.351865489554793,15.023222138094695
26053,2021-04-11,2,2021-03-21,spatial,12.969747069431193,0.9389550914164788,11.225230526505351,14.985379467069855
26053,2021-04-18,3,2021-03-21,spatial,13.010920904395425,1.0122282529312496,11.14230946957243,15.19290621416656
26055,2021-03-28,0,2021-03-21,spatial,219.5415060574311,23.72074621754432,177.29531374740586,271.8541842038411
26055,2021-04-04,1,2021-03-21,spatial,220.14624401567826,19.708918566735694,184.2287705056469,263.0662334726109
26055,2021-04-11,2,2021-03-21,spatial,219.49489148363037,15.477290289747664,190.5794890472066,252.79744230753468
26055,2021-04-18,3,2021-03-21,spatial,219.65671184612557,26.812005376073586,172.57867082323918,279.5772549927106
26057,2021-03-28,0,2021-03-21,spatial,73.99658566465389,6.862557850037812,61.454033168184225,89.09902910751866
26057,2021-04-04,1,2021-03-21,spatial,73.82813271361573,5.380680582435099,63.8179705116557,85.40843803523589
26057,2021-04-11,2,2021-03-21,spatial,65.45687280417194,3.6540135770765954,58.56562648834218,73.15899195843859
26057,2021-04-18,3,2021-03-21,spatial,73.99750981064814,6.748246278818248,61.72330965049971,88.71253808621132
26059,2021-03-28,0,2021-03-21,spatial,89.5902687537655,8.175907657091855,74.73918958449471,107.39233727304268
26059,2021-04-04,1,2021-03-21,spatial,81.23656146585468,3.7500580863294553,74.06213022477209,89.10598302758842
26059,2021-04-11,2,2021-03-21,spatial,88.70405836302345,4.833661794126302,79.55173417508017,98.90934561845764
26059,2021-04-18,3,2021-03-21,spatial,89.11670159468183,7.869932208888562,74.71311542616938,106.29708663351816
26061,2021-03-28,0,2021-03-21,spatial,51.9370057030279,5.607539097048716,41.94863857512526,64.30369740284942
26061,2021-04-04,1,2021-03-21,spatial,52.06570306050278,4.002245518366512,44.695226482502896,60.65160976968486
26061,2021-04-11,2,2021-03-21,spatial,52.01545881642794,4.765583954293464,43.39410633170154,62.34966415028875
26061,2021-04-18,3,2021-03-21,spatial,37.46286951339506,0.37826098338436426,36.71403664457392,38.22697585025939
26063,2021-03-28,0,2021-03-21,spatial,141.804037345063,15.866676810777507,113.66311137325243,176.91214646876182
26063,2021-04-04,1,2021-03-21,spatial,142.30855004509385,14.004986753700964,116.96899530039349,173.13753412968617
26063,2021-04-11,2,2021-03-21,spatial,141.23629762889513,11.678315430324874,119.80918363216068,166.49551531175982
26063,2021-04-18,3,2021-03-21,spatial,142.97472950592982,11.815391176613964,121.39209114937046,168.39460531362462
26065,2021-03-28,0,2021-03-21,spatial,993.3429788436532,121.08218113633482,781.4557282356217,1262.6822454111784
26065,2021-04-04,1,2021-03-21,spatial,988.8961317321823,76.04784530041091,848.3921788011766,1152.6692298563155
26065,2021-04-11,2,2021-03-21,spatial,990.1518670272583,84.21817438512866,835.8789898315027,1172.897909511035
26065,2021-04-18,3,2021-03-21,spatial,986.1147651441067,68.0785841714016,859.2726530368557,1131.6807611629042
26067,2021-03-28,0,2021-03-21,spatial,114.38576129216088,8.607986684627912,98.48900817637924,132.84835159427658
26067,2021-04-04,1,2021-03-21,spatial,114.35285672607756,8.51802130068998,98.578616140074,132.6512417544372
26067,2021-04-11,2,2021-03-21,spatial,113.71894014410505,9.171022958128246,96.83450116027224,133.54741535864997
26067,2021-04-18,3,2021-03-21,spatial,114.32027794977272,8.303350072888568,98.8874010447097,132.16168907709874
26069,2021-03-28,0,2021-03-21,spatial,40.034664831657494,3.818906731957261,33.11280456716808,48.40346232020261
26069,2021-04-04,1,2021-03-21,spatial,40.030650800757854,3.8030899738420407,33.13850851112158,48.356219864102144
26069,2021-04-11,2,2021-03-21,spatial,39.91315800536022,3.0719713707017835,34.23390548128467,46.534573241483095
26069,2021-04-18,3,2021-03-21,spatial,39.851009469232785,2.2366816586888456,35.637634311151466,44.562524601133354
26071,2021-03-28,0,2021-03-21,spatial,2.999725354638101,0.2861351021363909,2.482493018774921,3.6247240718119937
26071,2021-04-04,1,2021-03-21,spatial,2.9793951830407672,0.3209744341311085,2.404182072715185,3.692231032528012
26071,2021-04-11,2,2021-03-21,spatial,2.9874680985181272,0.2228565399378284,2.5748045115847886,3.4662692252975
26071,2021-04-18,3,2021-03-21,spatial,3.0047734788488705,0.24602114994314936,2.5506976857364445,3.5396839498785067
26073,2021-03-28,0,2021-03-21,spatial,129.36285778478498,15.690328246151376,101.63314629022436,164.65837755783562
26073,2021-04-04,1,2021-03-21,spatial,130.00465361864602,11.437286490547542,109.10095312319113,154.91349505828944
26073,2021-04-11,2,2021-03-21,spatial,128.84064839097996,11.596946758980458,107.74282890412105,154.06976823098069
26073,2021-04-18,3,2021-03-21,spatial,129.14849918620257,10.060529673260957,110.47527253247655,150.97799226650758
26075,2021-03-28,0,2021-03-21,spatial,739.0393133223324,80.72655449164745,594.8580454889936,918.1671337856192
26075,2021-04-04,1,2021-03-21,spatial,740.5647994134292,53.40699312377363,641.3775701983725,855.0910534034206
26075,2021-04-11,2,2021-03-21,spatial,770.9926184594443,27.553721933848664,718.0674591880617,827.8186263879552
26075,2021-04-18,3,2021-03-21,spatial,742.8007154314798,52.97532519464176,644.1493792660629,856.5604820952864
26077,2021-03-28,0,2021-03-21,spatial,805.6470133888374,106.36050058477132,621.4741615868313,1044.3991887370967
26077,2021-04-04,1,2021-03-21,spatial,803.9687342558348,78.63037056600123,662.4555279352816,975.7118755963883
26077,2021-04-11,2,2021-03-21,spatial,806.5425208478873,56.312918957299175,702.0254080657115,926.6200773673066
26077,2021-04-18,3,2021-03-21,spatial,803.0597572764788,98.15141963651243,630.1813955898007,1023.3640318013139
26079,2021-03-28,0,2021-03-21,spatial,43.09570685731085,4.6981920452410355,34.750349448390665,53.445216494571994
26079,2021-04-04,1,2021-03-21,spatial,43.00219969326349,2.357309982644242,38.54526367092621,47.97448512082978
26079,2021-04-11,2,2021-03-21,spatial,42.91941203875113,3.4911406662397075,36.5050840931217,50.46080499508232
26079,2021-04-18,3,2021-03-21,spatial,42.94072826720036,2.9603604543463766,37.42081139281354,49.274884094887724
26081,2021-03-28,0,2021-03-21,spatial,1549.6290677380662,210.01341097844426,1188.4076586687875,2020.6452138390423
26081,2021-04-04,1,2021-03-21,spatial,1553.3916358690244,166.86726365887378,1257.2175716241734,1919.3380913937647
26081,2021-04-11,2,2021-03-21,spatial,1542.8628026394795,145.54147705956296,1279.2434685271876,1860.8073336572666
26081,2021-04-18,3,2021-03-21,spatial,1546.6376994875366,135.55357041830192,1298.0936111243464,1842.7701615480466
26083,2021-03-28,0,2021-03-21,spatial,2.0013646641745084,0.17164052709770086,1.6869488615576118,2.3743817078770117
26083,2021-04-04,1,2021-03-21,spatial,1.9875962082131189,0.1884013068967727,1.6469037914578244,2.398767133449967
26083,2021-04-11,2,2021-03-21,spatial,1.9987787243696995,0.1217410146477182,1.7688762273212708,2.2585618639032976
26083,2021-04-18,3,2021-03-21,spatial,2.003838511796865,0.17796857523544635,1.6792973383198375,2.3911005452897998
26085,2021-03-28,0,2021-03-21,spatial,20.13318421997104,2.0191694206500297,16.465765651420888,24.61744661113359
26085,2021-04-04,1,2021-03-21,spatial,20.019453338424942,2.0293790431991763,16.350144736997226,24.512230222799744
26085,2021-04-11,2,2021-03-21,spatial,19.95995025508378,2.2523676030315887,15.966608615133334,24.952049855334426
26085,2021-04-18,3,2021-03-21,spatial,20.017899911138933,1.0713992550279967,17.991080757437068,22.273054201411995
26087,2021-03-28,0,2021-03-21,spatial,450.1417265105899,53.29217653457137,356.9353699537004,567.6870128399393
26087,2021-04-04,1,2021-03-21,spatial,449.9833065766463,39.43390591770455,377.85771510096185,535.8762521060315
26087,2021-04-11,2,2021-03-21,spatial,451.9094796327514,28.671824744353884,398.1223244479935,512.9633915031098
26087,2021-04-18,3,2021-03-21,spatial,450.2820540969792,51.39883423344139,358.963771648673,564.8311731029928
26089,2021-03-28,0,2021-03-21,spatial,31.029709139777065,2.75318620892731,26.027579446079532,36.99317684511745
26089,2021-04-04,1,2021-03-21,spatial,31.10585283296157,2.5470095518198907,26.41908487310895,36.62405738552749
26089,2021-04-11,2,2021-03-21,spatial,31.054485954284587,1.9444267162193385,27.396817338303823,35.200479164291295
26089,2021-04-18,3,2021-03-21,spatial,31.065523714004307,2.4014765095564625,26.64401056110053,36.220776951437365
26091,2021-03-28,0,2021-03-21,spatial,202.47105901644204,16.485632179778513,172.22095232434464,238.03450849600654
26091,2021-04-04,1,2021-03-21,spatial,202.8897585340686,19.517355605913,167.47041779050332,245.8001518184959
26091,2021-04-11,2,2021-03-21,spatial,203.25685241235973,15.357713374408164,174.82758600710181,236.30909169506907
26091,2021-04-18,3,2021-03-21,spatial,200.7141527772509,10.592648891962584,180.59609076433225,223.0733287447557
26093,2021-03-28,0,2021-03-21,spatial,632.2218954145808,57.7617172972647,527.8030600432938,757.2986124953859
26093,2021-04-04,1,2021-03-21,spatial,632.786894302355,67.45509484223756,512.5776168557096,781.1875517645508
26093,2021-04-11,2,2021-03-21,spatial,631.0477560683527,55.441388617174646,529.5686375251637,751.9729119532319
26093,2021-04-18,3,2021-03-21,spatial,628.7564308837281,58.73159672616235,521.8991733450016,757.4923846762032
26095,2021-03-28,0,2021-03-21,spatial,6.9982857715386215,0.6842852535370104,5.761234053341008,8.50095713638264
26095,2021-04-04,1,2021-03-21,spatial,5.660827142225065,0.13794979819243233,5.391873862958477,5.9431961408253695
26095,2021-04-11,2,2021-03-21,spatial,5.651417230798391,0.1415858345189429,5.3752800826501534,5.9417400071213455
26095,2021-04-18,3,2021-03-21,spatial,6.986693165057419,0.5025149293783374,6.054683805901997,8.062168553719872
26097,2021-03-28,0,2021-03-21,spatial,14.046451984186142,1.5489861007694614,11.297176425082707,17.46478995459277
26097,2021-04-04,1,2021-03-21,spatial,14.013906215639825,1.3055758469422991,11.647080365020885,16.861699350041047
26097,2021-04-11,2,2021-03-21,spatial,13.994657372298247,1.6268124740913468,11.111525052481193,17.62588249974638
26097,2021-04-18,3,2021-03-21,spatial,14.019136647962153,1.417284164441336,11.478989209701902,17.121384885363028
26099,2021-03-28,0,2021-03-21,spatial,4513.364152197691,400.4793340502191,3785.1051107666335,5381.74116021242
26099,2021-04-04,1,2021-03-21,spatial,4510.05285487069,451.45322193387597,3697.033948252129,5501.863666505905
26099,2021-04-11,2,2021-03-21,spatial,4506.153990265094,364.82904424063753,3833.126815728996,5297.352464484085
26099,2021-04-18,3,2021-03-21,spatial,4530.4699461858445,561.781502039095,3550.052875373452,5781.648514498254
26101,2021-03-28,0,2021-03-21,spatial,31.613855936693948,3.947018871428216,24.747700219688625,40.38500055818981
26101,2021-04-04,1,2021-03-21,spatial,32.007291186487,4.0944252536744985,24.864552260135873,41.201895709943926
26101,2021-04-11,2,2021-03-21,spatial,31.834134908329183,2.3764608419803417,27.440718994088076,36.93096181554265
26101,2021-04-18,3,2021-03-21,spatial,31.93393480101734,2.2514592894295475,27.751801194296426,36.746306473441145
26103,2021-03-28,0,2021-03-21,spatial,85.02586729748631,8.375046586602101,69.93380152942984,103.37487669174463
26103,2021-04-04,1,2021-03-21,spatial,85.2814631291757,7.776773058584622,71.05611422535974,102.3547098337847
26103,2021-04-11,2,2021-03-21,spatial,85.48481333579484,2.6918775923057203,80.28278092327538,91.02391854162927
26103,2021-04-18,3,2021-03-21,spatial,85.06388563867472,6.647917879941407,72.82119886404321,99.3648106983085
26105,2021-03-28,0,2021-03-21,spatial,42.981462143468505,4.370326597928532,35.166719694012016,52.53279532651381
26105,2021-04-04,1,2021-03-21,spatial,42.948360860707616,4.995480240945863,34.06490908994696,54.148440430328904
26105,2021-04-11,2,2021-03-21,spatial,42.979131903409865,4.264304892910607,35.234332495953325,52.4263026519051
26105,2021-04-18,3,2021-03-21,spatial,43.02489507180995,4.238391817732826,35.349084585507796,52.36745498917889
26107,2021-03-28,0,2021-03-21,spatial,80.9744888401478,8.702832927793875,65.36817197215194,100.30673407413882
26107,2021-04-04,1,2021-03-21,spatial,81.14807830609318,9.182555363040613,64.79107228900465,101.63453667503721
26107,2021-04-11,2,2021-03-21,spatial,81.16277982907185,7.522912602008168,67.52199455498209,97.55927491475953
26107,2021-04-18,3,2021-03-21,spatial,78.93293075284342,3.6023772792983757,72.06167565923126,86.4593766414179
26109,2021-03-28,0,2021-03-21,spatial,16.98233673262807,1.5577600739897126,14.138390056714494,20.398345196552558
26109,2021-04-04,1,2021-03-21,spatial,17.033767389458568,1.6856593389867538,13.989771270735107,20.74009830919388
26109,2021-04-11,2,2021-03-21,spatial,11.967897082212536,0.6456546590053647,10.750526115619063,13.323121029615153
26109,2021-04-18,3,2021-03-21,spatial,16.955619794159563,1.4078592946380668,14.368353337413184,20.008767591725622
26111,2021-03-28,0,2021-03-21,spatial,194.26564891173842,15.63243568543533,165.35981605100946,228.2243851520567
26111,2021-04-04,1,2021-03-21,spatial,192.23579655853916,19.472495127760016,157.21384206725253,235.05946418310742
26111,2021-04-11,2,2021-03-21,spatial,195.51188583588157,15.180377274737284,167.4732057206826,228.244854683534
26111,2021-04-18,3,2021-03-21,spatial,194.38120125557128,13.654176304042018,169.03389954042157,223.5294311039869
26113,2021-03-28,0,2021-03-21,spatial,57.963392812408856,5.455511502771682,48.064338137122405,69.90119986133152
26113,2021-04-04,1,2021-03-21,spatial,58.03091641126301,4.6248721437911176,49.51207323183394,68.01547662451337
26113,2021-04-11,2,2021-03-21,spatial,58.046910129706795,5.599107366622455,47.95237776708822,70.26645877649993
26113,2021-04-18,3,2021-03-21,spatial,58.15430691700016,6.138113963164907,47.17533226383743,71.68838566059428
26115,2021-03-28,0,2021-03-21,spatial,369.74371812202713,45.550317694157116,289.865499942421,471.6339720244638
26115,2021-04-04,1,2021-03-21,spatial,366.4759822488346,28.194638240096435,314.26407623465155,427.36238635486575
26115,2021-04-11,2,2021-03-21,spatial,368.85035623242925,31.071406121108108,311.9742259594865,436.09559371246803
26115,2021-04-18,3,2021-03-21,spatial,367.8821270094097,41.808329854906546,293.41877584363226,461.2426692322202
26117,2021-03-28,0,2021-03-21,spatial,173.59884162347095,17.00017788192957,142.86027723736714,210.95127628051608
26117,2021-04-04,1,2021-03-21,spatial,174.24186246868157,17.74635120797984,142.33367052484778,213.3031947015997
26117,2021-04-11,2,2021-03-21,spatial,179.519713103701,3.548385184981464,172.56980052453756,186.7495198747289
26117,2021-04-18,3,2021-03-21,spatial,173.92215214756428,15.34859658759458,146.00216154854348,207.18128202220615
26119,2021-03-28,0,2021-03-21,spatial,9.013083539743267,0.7950924694727433,7.566769702158144,10.735846086503932
26119,2021-04-04,1,2021-03-21,spatial,8.962792735984358,0.7469932609998433,7.590948587849198,10.582557989761725
26119,2021-04-11,2,2021-03-21,spatial,9.001708637218385,0.8285418661001059,7.496616562993023,10.808977317764876
26119,2021-04-18,3,2021-03-21,spatial,9.010137301238402,0.6730871774861571,7.761452854922924,10.459713626383136
26121,2021-03-28,0,2021-03-21,spatial,198.1589144574968,12.918675825155539,174.00501706016485,225.66565057946795
26121,2021-04-04,1,2021-03-21,spatial,197.72753845898788,12.897721485031106,173.60676193181666,225.19963525617396
26121,2021-04-11,2,2021-03-21,spatial,253.9374517151966,2.517453361706646,248.95087130732642,259.02391522061765
26121,2021-04-18,3,2021-03-21,spatial,253.733027369793,2.5947622593448787,248.59509561466731,258.97714924365397
26123,2021-03-28,0,2021-03-21,spatial,112.80302874651608,8.43504648427808,97.23160285317029,130.8681840162881
26123,2021-04-04,1,2021-03-21,spatial,113.03625552496773,8.012901320931169,98.16471533187321,130.16077131084145
26123,2021-04-11,2,2021-03-21,spatial,112.75884679864286,9.235734892276398,95.78332097587099,132.74291809701157
26123,2021-04-18,3,2021-03-21,spatial,112.57328707351436,8.299630966347868,97.19181178313958,130.38901868412628
26125,2021-03-28,0,2021-03-21,spatial,4496.6753519584945,488.22949537482816,3621.2049223975328,5583.801429145222
26125,2021-04-04,1,2021-03-21,spatial,4494.673465689431,385.5601605458245,3791.0296469608006,5328.918907128119
26125,2021-04-11,2,2021-03-21,spatial,4503.604090565885,322.79027806031985,3905.194044637449,5193.711137712428
26125,2021-04-18,3,2021-03-21,spatial,4524.272305799311,415.7720896654116,3770.473196008449,5428.772154829753
26127,2021-03-28,0,2021-03-21,spatial,42.028683736293424,4.519606323126623,33.98570352434036,51.97509756831375
26127,2021-04-04,1,2021-03-21,spatial,42.08864369570895,3.9507612734932014,34.92156683064541,50.72664513408379
26127,2021-04-11,2,2021-03-21,spatial,42.043098144461005,1.8726748892532077,38.460980165967655,45.958841765267
26127,2021-04-18,3,2021-03-21,spatial,42.06876734414113,3.4698272470875886,35.679487357880966,49.60220330813026
26129,2021-03-28,0,2021-03-21,spatial,19.970072285203184,2.0058529163561536,16.353142939878154,24.38698105571697
26129,2021-04-04,1,2021-03-21,spatial,19.41001775229268,1.6453405660744638,16.39728355395746,22.976292866106423
26129,2021-04-11,2,2021-03-21,spatial,20.008523543257773,2.037236379595855,16.34070759870986,24.499613126466368
26129,2021-04-18,3,2021-03-21,spatial,20.01819183796236,1.8438603739497936,16.68861001625837,24.012065958223342
26131,2021-03-28,0,2021-03-21,spatial,4.004294009360498,0.41705104246136987,3.2607312401734627,4.917415552637629
26131,2021-04-04,1,2021-03-21,spatial,3.9952028841276697,0.3124910801166759,3.4152910603429265,4.673582954812454
26131,2021-04-11,2,2021-03-21,spatial,4.004355239025368,0.34462179608369603,3.373391616229071,4.7533351310792655
26131,2021-04-18,3,2021-03-21,spatial,3.996211787360247,0.3814008323790313,3.305316096814031,4.831522366296542
26133,2021-03-28,0,2021-03-21,spatial,75.11802141678147,8.766371755134328,59.63016932943285,94.62856143168541
26133,2021-04-04,1,2021-03-21,spatial,74.8347691983117,7.529373650569398,61.30933368136278,91.34404738551224
26133,2021-04-11,2,2021-03-21,spatial,75.0457623431381,5.583871076627816,64.71953188054006,87.01957943790626
26133,2021-04-18,3,2021-03-21,spatial,74.92638378518173,8.116982071164372,60.43609046628897,92.8909025023019
26135,2021-03-28,0,2021-03-21,spatial,19.03540142283792,1.9416945115952484,15.552015132131475,23.29900686502989
26135,2021-04-04,1,2021-03-21,spatial,18.919402721200456,1.85698668360022,15.546181954195257,23.024547144861728
26135,2021-04-11,2,2021-03-21,spatial,19.04908841054355,1.8885211211020059,15.641572465520428,23.198931569865746
26135,2021-04-18,3,2021-03-21,spatial,19.00824409530886,1.7446135470239024,15.831170319337545,22.822907990921248
26137,2021-03-28,0,2021-03-21,spatial,79.87818434967568,7.457604913682713,66.38828975988747,96.10918368401705
26137,2021-04-04,1,2021-03-21,spatial,80.29958709229933,6.83974508682266,67.75686711487947,95.16413555929851
26137,2021-04-11,2,2021-03-21,spatial,80.00538882938925,6.372050686060767,68.25320061038616,93.78112944886185
26137,2021-04-18,3,2021-03-21,spatial,80.08382346860981,8.329011032221066,65.15937979310506,98.42663944493385
26139,2021-03-28,0,2021-03-21,spatial,819.6801836923662,102.24246568245958,640.2549882885609,1049.3875343851894
26139,2021-04-04,1,2021-03-21,spatial,819.3954586654413,71.87535473454143,688.4510094409886,975.2457451209523
26139,2021-04-11,2,2021-03-21,spatial,812.5546068950009,64.56856958696292,693.7536717433912,951.6994519497173
26139,2021-04-18,3,2021-03-21,spatial,819.8957944845005,79.92542539627556,674.5523070468845,996.5559479832112
26141,2021-03-28,0,2021-03-21,spatial,35.01659792898225,4.130997065989217,27.72538556211451,44.22525081835107
26141,2021-04-04,1,2021-03-21,spatial,35.03836653282366,2.5518676549147634,30.30713239829586,40.50819170729359
26141,2021-04-11,2,2021-03-21,spatial,34.93208430697097,2.96150556782048,29.507676605392604,41.35366299244056
26141,2021-04-18,3,2021-03-21,spatial,35.066303596948316,2.6310839698543576,30.1786357959322,40.74556770121121
26143,2021-03-28,0,2021-03-21,spatial,109.14018846363199,10.406658027523417,90.31475570475841,131.8896413429542
26143,2021-04-04,1,2021-03-21,spatial,108.96548496684963,9.277479266384253,91.99692859851757,129.0638404449087
26143,2021-04-11,2,2021-03-21,spatial,109.11784824572807,7.8847510801252225,94.52432712914164,125.96444923125964
26143,2021-04-18,3,2021-03-21,spatial,109.18868345801872,6.869944383607613,96.27585551950364,123.8334214841665
26145,2021-03-28,0,2021-03-21,spatial,349.4304084110264,32.37527585190619,290.3106638720337,420.5894771268821
26145,2021-04-04,1,2021-03-21,spatial,349.73011163768854,27.03179567980313,299.80757620005346,407.96551086652715
26145,2021-04-11,2,2021-03-21,spatial,347.55471201475297,40.94201996714909,275.9060089194933,437.80952186113655
26145,2021-04-18,3,2021-03-21,spatial,348.56673197745727,31.15065216442905,291.77695444987967,416.40974308790084
26147,2021-03-28,0,2021-03-21,spatial,472.4083169023783,31.119301917745904,414.35067968249115,538.600824908863
26147,2021-04-04,1,2021-03-21,spatial,474.9156701731392,46.79576648474379,390.49160772141715,577.5921666846916
26147,2021-04-11,2,2021-03-21,spatial,473.320821894656,46.9182550063105,388.72771261697164,576.3226885235747
26147,2021-04-18,3,2021-03-21,spatial,473.36471045201836,36.15283208026431,406.4568631211128,551.2864203613052
26149,2021-03-28,0,2021-03-21,spatial,113.54158950578727,9.363444438269921,96.42143655633664,133.70151916341143
26149,2021-04-04,1,2021-03-21,spatial,112.76173427518404,12.455173847605344,90.60648462728204,140.33442274084882
26149,2021-04-11,2,2021-03-21,spatial,114.32068457224614,9.154114385992289,97.47576158551504,134.07660231104148
26149,2021-04-18,3,2021-03-21,spatial,113.68869686487079,8.238735873556736,98.32437993690858,131.45386528881332
26151,2021-03-28,0,2021-03-21,spatial,25.942089328829173,2.207997605804194,21.87976402734612,30.75864976897477
26151,2021-04-04,1,2021-03-21,spatial,26.046033430827865,2.1328094657538794,22.12056685623243,30.668104569330502
26151,2021-04-11,2,2021-03-21,spatial,26.15616335796686,1.480164049088594,23.366946301038052,29.2783178766605
26151,2021-04-18,3,2021-03-21,spatial,26.07804946705235,1.5560436363674048,23.14640459480723,29.381006506669213
26153,2021-03-28,0,2021-03-21,spatial,7.0076169326302455,0.8144640598081548,5.568530788350235,8.818608882835104
26153,2021-04-04,1,2021-03-21,spatial,7.0111313669387325,0.545212820820569,6.007527740823875,8.182394682996652
26153,2021-04-11,2,2021-03-21,spatial,6.972868896806421,0.7410477958037398,5.648852947178723,8.60721656355628
26153,2021-04-18,3,2021-03-21,spatial,6.959004698839254,0.5544371361268605,5.93670334424945,8.157346525555472
26155,2021-03-28,0,2021-03-21,spatial,201.41110744877136,21.305272078797646,163.1569547848048,248.63441621134362
26155,2021-04-04,1,2021-03-21,spatial,200.7082620959299,14.397286499705505,174.04476016600185,231.45658872548802
26155,2021-04-11,2,2021-03-21,spatial,201.30918048730797,21.41280584014016,162.65986795289294,249.1418852018733
26155,2021-04-18,3,2021-03-21,spatial,201.27362399371532,16.97525213338182,170.07307349499544,238.19803383958708
26157,2021-03-28,0,2021-03-21,spatial,259.1638443321796,28.89592300359549,207.87417016867002,323.108436967111
26157,2021-04-04,1,2021-03-21,spatial,259.1603382541228,25.812631713424956,212.80510943512496,315.61310300430887
26157,2021-04-11,2,2021-03-21,spatial,261.652255012399,24.208617292828368,217.48885425377003,314.78349908078894
26157,2021-04-18,3,2021-03-21,spatial,259.7393018603764,18.882338864040307,224.7434646780986,300.1845015940532
26159,2021-03-28,0,2021-03-21,spatial,168.72399729011713,15.559908125274356,140.44324665064545,202.69958107967602
26159,2021-04-04,1,2021-03-21,spatial,168.71743262928527,7.115006836205122,155.09266307539033,183.53912756775833
26159,2021-04-11,2,2021-03-21,spatial,169.2723662118431,13.025890232455303,145.16279865539502,197.38620520107625
26159,2021-04-18,3,2021-03-21,spatial,168.7681769936012,12.943767079768305,144.91076351913298,196.5533606617348
26161,2021-03-28,0,2021-03-21,spatial,783.6777738782968,99.3145465298047,610.9469630475123,1005.2441380628998
26161,2021-04-04,1,2021-03-21,spatial,775.059198444509,77.13613241949689,636.169928524096,944.27091592823
26161,2021-04-11,2,2021-03-21,spatial,779.5134130631114,84.30004132618296,628.7078861873459,966.4920299158338
26161,2021-04-18,3,2021-03-21,spatial,776.0818503629221,18.43994890814578,740.0738863726393,813.8417657388704
26163,2021-03-28,0,2021-03-21,spatial,5604.611203455564,664.6954887376407,4431.474338486599,7088.310648466279
26163,2021-04-04,1,2021-03-21,spatial,5578.058556176468,353.11264211328637,4919.488478702467,6324.791162909715
26163,2021-04-11,2,2021-03-21,spatial,5566.928916637961,439.4969567619808,4759.077604992506,6511.912629957776
26163,2021-04-18,3,2021-03-21,spatial,5592.375054622957,605.6650395805144,4506.252804187962,6940.280563598982
26165,2021-03-28,0,2021-03-21,spatial,101.69122712594455,6.179063302285991,90.07099153327961,114.81061214430606
26165,2021-04-04,1,2021-03-21,spatial,102.03393496409883,7.316886533451,88.44376481001501,117.71235549076336
26165,2021-04-11,2,2021-03-21,spatial,101.81016860709245,4.557787441369169,93.10286056722548,111.33181481916188
26165,2021-04-18,3,2021-03-21,spatial,102.26432011747706,9.033058044796675,85.79034938928912,121.90172022303824
27001,2021-03-28,0,2021-03-21,spatial,11.996042534393055,0.8969724651241974,10.337792963667466,13.920286176433075
27001,2021-04-04,1,2021-03-21,spatial,12.06504804133175,1.09018801653962,10.072703064779386,14.451471794957671
27001,2021-04-11,2,2021-03-21,spatial,13.082369019707606,0.5933768507527899,11.94893857101165,14.323312330269609
27001,2021-04-18,3,2021-03-21,spatial,7.045304667358838,0.2414427063426941,6.580651261197843,7.542766800086159
27003,2021-03-28,0,2021-03-21,spatial,635.4648141892054,55.77053254686202,533.3736531454941,757.0968826282992
27003,2021-04-04,1,2021-03-21,spatial,636.0186238818646,45.937548103422145,550.8725830699748,734.3253274109607
27003,2021-04-11,2,2021-03-21,spatial,635.3418035395614,52.41734788780636,539.5631646287435,748.122247378855
27003,2021-04-18,3,2021-03-21,spatial,629.1046998503347,9.675425379473293,610.0649492401452,648.738669328121
27005,2021-03-28,0,2021-03-21,spatial,40.76785122004272,3.7439602724071857,34.00346542114414,48.87789148884979
27005,2021-04-04,1,2021-03-21,spatial,40.93731542837409,2.6791797049077157,35.950116867649484,46.61636568948845
27005,2021-04-11,2,2021-03-21,spatial,41.00391717904731,3.5080925374306013,34.58337057712027,48.61646496476844
27005,2021-04-18,3,2021-03-21,spatial,41.22614707351086,3.894099743393288,34.156336331611335,49.759294615968216
27007,2021-03-28,0,2021-03-21,spatial,57.96274169180659,7.040820778824411,45.46649457526903,73.8935221599105
27007,2021-04-04,1,2021-03-21,spatial,58.14286406595289,4.735322145597805,49.426374448807955,68.39653281252163
27007,2021-04-11,2,2021-03-21,spatial,62.04362120650514,2.4639518726934235,57.32026409039725,67.15619673952583
27007,2021-04-18,3,2021-03-21,spatial,58.187353693023404,5.282569470921934,48.606073062172825,69.65730651530342
27009,2021-03-28,0,2021-03-21,spatial,103.06794836972608,7.7062804356015375,88.87511422836565,119.52729482685771
27009,2021-04-04,1,2021-03-21,spatial,102.62829346458435,8.409662247624935,87.16047258042302,120.84109123816927
27009,2021-04-11,2,2021-03-21,spatial,102.79469105145405,6.955183008514526,89.82599129246384,117.63575727163072
27009,2021-04-18,3,2021-03-21,spatial,102.82163286617973,7.997904123757099,88.04240232100368,120.08177771797688
27011,2021-03-28,0,2021-03-21,spatial,7.977809884696885,0.5801319618393689,6.899873493051108,9.224147460162124
27011,2021-04-04,1,2021-03-21,spatial,8.021563572012575,0.5635176318245616,6.976892464687184,9.222656428419544
27011,2021-04-11,2,2021-03-21,spatial,7.980470364262568,0.6141729919349364,6.847450783706733,9.300966045118024
27011,2021-04-18,3,2021-03-21,spatial,7.987883134923207,0.6532332098274096,6.78472399491262,9.404402747264939
27013,2021-03-28,0,2021-03-21,spatial,121.50958931126976,9.887391599891403,103.27332379158985,142.9660608618448
27013,2021-04-04,1,2021-03-21,spatial,121.0985674885775,8.427719236051606,105.37233792540957,139.17184848044704
27013,2021-04-11,2,2021-03-21,spatial,120.75735745038023,7.509073552341842,106.75262488077524,136.59935195677787
27013,2021-04-18,3,2021-03-21,spatial,120.70039815123772,6.391564624762798,108.67246166121755,134.05959422622033
27015,2021-03-28,0,2021-03-21,spatial,78.79130226045538,7.995933284068871,64.51433929941139,96.22774377470971
27015,2021-04-04,1,2021-03-21,spatial,79.02692386660569,5.9292356857064545,68.0693897974459,91.74835729249665
27015,2021-04-11,2,2021-03-21,spatial,78.9417440647242,7.503532269867629,65.3432619461872,95.37018462764463
27015,2021-04-18,3,2021-03-21,spatial,79.20793532473606,6.598008877666148,67.10893131808957,93.48825700516564
27017,2021-03-28,0,2021-03-21,spatial,63.97811504716504,6.840652690142329,51.75345525257806,79.0903560933622
27017,2021-04-04,1,2021-03-21,spatial,64.1108486208122,6.159915749660082,52.94207783263465,77.63580651054609
27017,2021-04-11,2,2021-03-21,spatial,63.8365733792031,4.682920690477423,55.19255401297973,73.83438171460648
27017,2021-04-18,3,2021-03-21,spatial,64.05352805946436,5.3126011732643486,54.30068897620836,75.55805523318935
27019,2021-03-28,0,2021-03-21,spatial,241.8997275431921,22.864588621559353,200.61693107749824,291.6776658439963
27019,2021-04-04,1,2021-03-21,spatial,242.06163105844615,14.870142046123862,214.15311974736954,273.6071895650964
27019,2021-04-11,2,2021-03-21,spatial,242.42317746923501,13.647863787677949,216.678971312164,271.226121383109
27019,2021-04-18,3,2021-03-21,spatial,242.1462945880129,21.85192992887384,202.52128521796573,289.52427355770703
27021,2021-03-28,0,2021-03-21,spatial,30.09083790114383,2.8513739185782803,24.930008658845722,36.32002451277278
27021,2021-04-04,1,2021-03-21,spatial,30.12840291819755,2.784922923610904,25.077728414155448,36.19628729565792
27021,2021-04-11,2,2021-03-21,spatial,30.106957780997714,3.4008835956729526,24.032018474969192,37.71755201382188
27021,2021-04-18,3,2021-03-21,spatial,29.89341448035953,2.34236932651575,25.557257432433317,34.965263063028395
27023,2021-03-28,0,2021-03-21,spatial,5.986238133689861,0.3914599885434141,5.2549340163440235,6.8193143589981595
27023,2021-04-04,1,2021-03-21,spatial,5.987477943712766,0.473060392873028,5.116774466412093,7.0063459630232545
27023,2021-04-11,2,2021-03-21,spatial,5.99542919041298,0.505861425740775,5.071140585840363,7.088182740904906
27023,2021-04-18,3,2021-03-21,spatial,6.0155899383650375,0.4452186923157682,5.19418229342092,6.966894934048509
27025,2021-03-28,0,2021-03-21,spatial,54.94050961278381,5.508394534247827,45.03646311665762,67.02257210326877
27025,2021-04-04,1,2021-03-21,spatial,54.61553854036769,4.974339405119945,45.57650586860957,65.44725167509618
27025,2021-04-11,2,2021-03-21,spatial,55.09988030176591,3.5011487322887684,48.53930762164836,62.54717996667276
27025,2021-04-18,3,2021-03-21,spatial,54.9667986967224,4.191467584640079,47.22075520849478,63.983495088669784
27027,2021-03-28,0,2021-03-21,spatial,129.96060257724793,14.034983840128396,104.91170806138449,160.99021295467875
27027,2021-04-04,1,2021-03-21,spatial,129.54137510476704,8.431112274435607,113.75999497045687,147.51203064303868
27027,2021-04-11,2,2021-03-21,spatial,130.60879080581952,11.07344435011752,110.32717726038216,154.61880435405638
27027,2021-04-18,3,2021-03-21,spatial,129.3634506991021,12.0753743274423,107.55260271782824,155.59737239166776
27029,2021-03-28,0,2021-03-21,spatial,4.0019500247889574,0.3600393186814016,3.3417365096568106,4.79259928322509
27029,2021-04-04,1,2021-03-21,spatial,4.0080328308320805,0.3800144565556664,3.3195642013229825,4.839287990461378
27029,2021-04-11,2,2021-03-21,spatial,6.495317672133616,0.2214434361302204,6.068539706592631,6.952109354429793
27029,2021-04-18,3,2021-03-21,spatial,3.993308505066034,0.3219412335427344,3.399442572834654,4.6909199008282085
27031,2021-03-28,0,2021-03-21,spatial,3.005134423243919,0.3135730638393266,2.4456358890403513,3.6926318190845633
27031,2021-04-04,1,2021-03-21,spatial,3.003745083376851,0.1774822839003363,2.6691942115572216,3.3802278181349887
27031,2021-04-11,2,2021-03-21,spatial,2.9990498902964213,0.2285681158751662,2.5784645884194632,3.4882388088177185
27031,2021-04-18,3,2021-03-21,spatial,3.005846497331233,0.19159151461925109,2.6468091768699096,3.4135869122999187
27033,2021-03-28,0,2021-03-21,spatial,22.009511829200907,1.5900975254857332,19.054127467734325,25.423290139106825
27033,2021-04-04,1,2021-03-21,spatial,22.09798041751202,1.977154683080358,18.49755079471097,26.399210573995067
27033,2021-04-11,2,2021-03-21,spatial,21.936884816605524,1.4057112567872294,19.304415500771025,24.928333905670325
27033,2021-04-18,3,2021-03-21,spatial,25.50670928640282,0.7855785266366523,23.984548141093093,27.125473233594033
27035,2021-03-28,0,2021-03-21,spatial,110.96119076248085,10.67009054722811,91.57903083224414,134.44547014241363
27035,2021-04-04,1,2021-03-21,spatial,111.20698266262991,8.751696760540543,95.11421345828144,130.02255439299637
27035,2021-04-11,2,2021-03-21,spatial,110.89870636136463,8.018277489027897,95.98841238891129,128.12508058571578
27035,2021-04-18,3,2021-03-21,spatial,110.9958578646966,6.8967098267556155,98.05431752380233,125.6454664541342
27037,2021-03-28,0,2021-03-21,spatial,809.4542200146474,84.78306977765763,657.8735618643544,995.9605800888206
27037,2021-04-04,1,2021-03-21,spatial,811.4135244588141,65.18486111312848,691.3912163144298,952.2711485753847
27037,2021-04-11,2,2021-03-21,spatial,814.6557373449216,66.36035635266147,693.3483819220837,957.1868741500548
27037,2021-04-18,3,2021-03-21,spatial,810.9481913745989,69.83681181482241,683.1283361902761,962.6843658122788
27039,2021-03-28,0,2021-03-21,spatial,18.99551798116339,1.28830202538385,16.576153040100465,21.768000241056818
27039,2021-04-04,1,2021-03-21,spatial,19.03515272244369,1.0933805996363646,16.97827987844533,21.34121016739501
27039,2021-04-11,2,2021-03-21,spatial,18.948777949471573,1.6019371270445226,16.033023861224006,22.394788960974495
27039,2021-04-18,3,2021-03-21,spatial,18.98870849645886,1.3779733117942021,16.437781812110565,21.93550531847536
27041,2021-03-28,0,2021-03-21,spatial,76.13609197792842,7.0839616390330455,63.27152675530944,91.61632094147535
27041,2021-04-04,1,2021-03-21,spatial,76.39170804760471,6.412948208641367,64.68766697190527,90.21337963796084
27041,2021-04-11,2,2021-03-21,spatial,75.66445653696779,5.888654764732762,64.83537111515612,88.30226286306194
27041,2021-04-18,3,2021-03-21,spatial,75.8600732446085,7.893048495478187,61.758666888719866,93.18126511776221
27043,2021-03-28,0,2021-03-21,spatial,35.071340890261105,3.297042604786909,29.13855178330954,42.212082501143364
27043,2021-04-04,1,2021-03-21,spatial,35.149204543078,3.2379965404435005,29.26718245868721,42.213376082753676
27043,2021-04-11,2,2021-03-21,spatial,35.14665362209485,3.0587895830530045,29.530065923230662,41.83151043559776
27043,2021-04-18,3,2021-03-21,spatial,35.077076851506845,2.8664861048481987,29.799961876557607,41.28868773534985
27045,2021-03-28,0,2021-03-21,spatial,25.893209901156286,1.752301392051477,22.62481389572412,29.63376061679112
27045,2021-04-04,1,2021-03-21,spatial,25.977799678619043,1.8367956708999198,22.580602025874523,29.886097605775568
27045,2021-04-11,2,2021-03-21,spatial,26.010277684200002,2.012755675404857,22.292560454259895,30.34799643573078
27045,2021-04-18,3,2021-03-21,spatial,26.03386116413742,1.9843924962603996,22.355769459614486,30.317092343341336
27047,2021-03-28,0,2021-03-21,spatial,60.01506991711396,5.087484239393219,50.714201103987754,71.02169685707344
27047,2021-04-04,1,2021-03-21,spatial,60.21947534814482,4.100075911471468,52.57229576277822,68.97901563152476
27047,2021-04-11,2,2021-03-21,spatial,60.082807249544636,4.769162061084356,51.304406796858984,70.36322905514905
27047,2021-04-18,3,2021-03-21,spatial,59.96904286947322,4.38182959191133,51.82200526194514,69.39689200567477
27049,2021-03-28,0,2021-03-21,spatial,92.06748625827572,9.776247136929255,74.68733740949804,113.49209009076063
27049,2021-04-04,1,2021-03-21,spatial,92.01463432260556,8.597680947307104,76.4213756914368,110.7895906468422
27049,2021-04-11,2,2021-03-21,spatial,91.93256733021374,6.860144751554412,79.24986029115695,106.6449442923163
27049,2021-04-18,3,2021-03-21,spatial,92.16047653486916,8.145772676165338,77.35714776066806,109.79662101053681
27051,2021-03-28,0,2021-03-21,spatial,14.045490391263607,1.1388098678507803,11.944555597588248,16.51595982113481
27051,2021-04-04,1,2021-03-21,spatial,13.992359717987346,1.0805226495205842,11.989975500955262,16.329151837045565
27051,2021-04-11,2,2021-03-21,spatial,13.731663698166257,0.7724639825613339,12.274782858649953,15.361460165192337
27051,2021-04-18,3,2021-03-21,spatial,13.95567158723476,1.0432265947607513,12.026295451215699,16.194577144790152
27053,2021-03-28,0,2021-03-21,spatial,2098.9327710127523,119.85655486226904,1873.1838728166824,2351.8880560330413
27053,2021-04-04,1,2021-03-21,spatial,2096.320067987025,181.32655087964974,1765.7058065665015,2488.8392002235933
27053,2021-04-11,2,2021-03-21,spatial,2106.380288737763,190.74470284438155,1758.6655654934207,2522.843460313137
27053,2021-04-18,3,2021-03-21,spatial,2105.160812072157,137.82037932715642,1847.799675886328,2398.367151221933
27055,2021-03-28,0,2021-03-21,spatial,12.943882291240008,1.0350650098751335,11.042563323056221,15.172572152668073
27055,2021-04-04,1,2021-03-21,spatial,13.130734412515455,1.1939098816579734,10.960475589345034,15.730721245310551
27055,2021-04-11,2,2021-03-21,spatial,12.958116856900206,1.411017647695041,10.450279044839332,16.06778075079265
27055,2021-04-18,3,2021-03-21,spatial,13.058555861836147,1.2722668459996995,10.765964479763038,15.83935015922034
27057,2021-03-28,0,2021-03-21,spatial,9.9797550247838,0.8455437391894285,8.436369984503129,11.805493421654782
27057,2021-04-04,1,2021-03-21,spatial,9.997337555247508,0.8329820924775029,8.471174273098546,11.798453788273225
27057,2021-04-11,2,2021-03-21,spatial,9.961876876294056,0.9479041465327658,8.256638985718944,12.019296358977359
27057,2021-04-18,3,2021-03-21,spatial,9.986155691708383,0.9756477075893608,8.223380115455479,12.126802373103757
27059,2021-03-28,0,2021-03-21,spatial,116.01923888248484,9.790267836124727,98.09376427677724,137.22038184702146
27059,2021-04-04,1,2021-03-21,spatial,116.59938708990688,10.628954159348435,97.33193422425856,139.68095032836078
27059,2021-04-11,2,2021-03-21,spatial,115.53770608949443,12.990148324706945,92.38149080018799,144.49822591946347
27059,2021-04-18,3,2021-03-21,spatial,116.49268982176756,10.272405678881368,97.7230872401004,138.8673563757604
27061,2021-03-28,0,2021-03-21,spatial,92.93148345066601,6.487678893021162,80.85879417287188,106.80669560663414
27061,2021-04-04,1,2021-03-21,spatial,93.04357773510556,6.5575060142275206,80.91759497051751,106.98671112139286
27061,2021-04-11,2,2021-03-21,spatial,93.0078579361921,7.330239289423663,79.52329922112024,108.77895814943065
27061,2021-04-18,3,2021-03-21,spatial,92.91893094171343,7.921011963131581,78.44908715850133,110.0577207470447
27063,2021-03-28,0,2021-03-21,spatial,32.98203884901143,2.5310060713225653,28.303678827321487,38.43369242826603
27063,2021-04-04,1,2021-03-21,spatial,32.967962602174175,2.670554870685605,28.042866632847552,38.75804040893765
27063,2021-04-11,2,2021-03-21,spatial,33.059984598218456,2.2639836474373234,28.842318442718078,37.89440796186708
27063,2021-04-18,3,2021-03-21,spatial,33.093228385915474,3.0134552114189463,27.590217964617448,39.69384244832102
27065,2021-03-28,0,2021-03-21,spatial,31.714336530661697,3.015410266231421,26.206404535433826,38.37989832676651
27065,2021-04-04,1,2021-03-21,spatial,31.960750745980896,2.3279592770491346,27.653966845128608,36.93826617958282
27065,2021-04-11,2,2021-03-21,spatial,32.03391384995121,1.8664277242449383,28.52398372122304,35.975747517433255
27065,2021-04-18,3,2021-03-21,spatial,32.02675399800243,2.8741662834067,26.80214368101253,38.269810947070276
27067,2021-03-28,0,2021-03-21,spatial,66.96958978015603,6.355951127533637,55.49267393360121,80.82014502831021
27067,2021-04-04,1,2021-03-21,spatial,57.772820047551356,2.1216502578886587,53.67626647526879,62.182021131901685
27067,2021-04-11,2,2021-03-21,spatial,57.715611041829774,2.1590834823593688,53.55167548774021,62.203315350877894
27067,2021-04-18,3,2021-03-21,spatial,66.68697645019334,5.744848239286659,56.17672825756495,79.16361393776563
27069,2021-03-28,0,2021-03-21,spatial,1.9935583244994532,0.15670829545612672,1.7040950072080232,2.332190855774228
27069,2021-04-04,1,2021-03-21,spatial,2.0000551980599885,0.17048376354545666,1.689208131762291,2.3681041548820234
27069,2021-04-11,2,2021-03-21,spatial,2.0027335629824328,0.14419643442347982,1.7357283526035945,2.3108118953521117
27069,2021-04-18,3,2021-03-21,spatial,2.005557101380855,0.1551987916841164,1.7175271944911814,2.3418897236679705
27071,2021-03-28,0,2021-03-21,spatial,25.970999759204346,1.9867706319520584,22.299941347766318,30.24639473144412
27071,2021-04-04,1,2021-03-21,spatial,26.019060668178877,1.7591942979779962,22.739595776221204,29.77148427424129
27071,2021-04-11,2,2021-03-21,spatial,26.008378008168176,2.5664404602307243,21.38768855964995,31.627341343090762
27071,2021-04-18,3,2021-03-21,spatial,25.99146642547877,1.871975500727772,22.525920368199248,29.990176468016845
27073,2021-03-28,0,2021-03-21,spatial,9.008806508871366,0.6707439809321515,7.763555808655457,10.453791627774585
27073,2021-04-04,1,2021-03-21,spatial,8.988539661701735,0.5455778176845534,7.96477889298176,10.143890538025783
27073,2021-04-11,2,2021-03-21,spatial,8.980261649313944,0.7066168833038093,7.682258034006589,10.497577526444957
27073,2021-04-18,3,2021-03-21,spatial,9.012289488883873,0.6411063825477009,7.8162610534358885,10.391331773104394
27075,2021-03-28,0,2021-03-21,spatial,7.0008144676779525,0.4719201650385316,6.120966899441079,8.007134169492776
27075,2021-04-04,1,2021-03-21,spatial,7.033209939423018,0.7332913319657213,5.728611776948032,8.634909115512135
27075,2021-04-11,2,2021-03-21,spatial,7.004413266357965,0.5530147881053994,5.9848035641074375,8.197730248018331
27075,2021-04-18,3,2021-03-21,spatial,6.992502308503298,0.5520157002280667,5.980434284633081,8.175842456803089
27077,2021-03-28,0,2021-03-21,spatial,6.024163403971424,0.5613838388198494,5.009965311102365,7.2436718548383325
27077,2021-04-04,1,2021-03-21,spatial,5.976232035102651,0.4872467166652554,5.082028152367583,7.027774791201883
27077,2021-04-11,2,2021-03-21,spatial,5.983694106421052,0.3260038885794237,5.367329890627548,6.670839297904933
27077,2021-04-18,3,2021-03-21,spatial,6.005918567647399,0.4688700645517918,5.1368857457343085,7.021970046961888
27079,2021-03-28,0,2021-03-21,spatial,42.82310429077189,3.743947712918308,35.96827135691253,50.98433124298299
27079,2021-04-04,1,2021-03-21,spatial,43.17890877688667,3.5717175139868336,36.613487975843455,50.921621135708
27079,2021-04-11,2,2021-03-21,spatial,43.108592160821225,3.4355422046509427,36.78014070264815,50.52592737782045
27079,2021-04-18,3,2021-03-21,spatial,42.95284429009159,3.3245887963915304,36.83158684952361,50.091429406678344
27081,2021-03-28,0,2021-03-21,spatial,12.011632051574693,1.072385731862745,10.059371637705443,14.342775049846626
27081,2021-04-04,1,2021-03-21,spatial,11.994464103156318,0.9092127935361171,10.31416322519504,13.94850614448997
27081,2021-04-11,2,2021-03-21,spatial,12.035711473218823,1.2214897765915742,9.84071151848155,14.720312692280126
27081,2021-04-18,3,2021-03-21,spatial,11.993809734728725,1.0755987712475794,10.036951913909792,14.332187021192734
27083,2021-03-28,0,2021-03-21,spatial,57.206630450844,6.585685826541656,45.52084014464272,71.8923147538739
27083,2021-04-04,1,2021-03-21,spatial,56.94538083949933,4.7444519956477755,48.246425468739325,67.21278037596245
27083,2021-04-11,2,2021-03-21,spatial,57.210559985297444,4.651377405895636,48.69944135315885,67.20915236164228
27083,2021-04-18,3,2021-03-21,spatial,57.11750378730496,4.2505711300085816,49.259272705321976,66.22934241049656
27085,2021-03-28,0,2021-03-21,spatial,73.0642515554929,5.349950351912628,63.10742321595816,84.59202710742933
27085,2021-04-04,1,2021-03-21,spatial,73.13376236635789,6.118546147281172,61.90606171822424,86.39779448745595
27085,2021-04-11,2,2021-03-21,spatial,73.16349378076045,5.822821721124994,62.45292008738054,85.71091335229652
27085,2021-04-18,3,2021-03-21,spatial,73.24275134660276,6.075176113678232,62.08594212671718,86.4044329692438
27087,2021-03-28,0,2021-03-21,spatial,10.008816064772699,0.9545995664963158,8.276346981338145,12.103939001631273
27087,2021-04-04,1,2021-03-21,spatial,10.037662437743077,0.8714030656855511,8.443794435646861,11.932392241659265
27087,2021-04-11,2,2021-03-21,spatial,9.997220776448712,0.5274391706075751,9.002544596959758,11.101797072664306
27087,2021-04-18,3,2021-03-21,spatial,9.920159373209259,0.4975445584056202,8.974283329895185,10.96572933707687
27089,2021-03-28,0,2021-03-21,spatial,5.000699575702757,0.3743051862712495,4.312514895806442,5.798703737986141
27089,2021-04-04,1,2021-03-21,spatial,4.992751270305242,0.4334548085399755,4.202083688481873,5.9321915257095785
27089,2021-04-11,2,2021-03-21,spatial,5.004353341814442,0.3574514173124155,4.338983044105067,5.771756219179856
27089,2021-04-18,3,2021-03-21,spatial,4.998441410164446,0.4940851714027691,4.111647174522752,6.0764981697990015
27091,2021-03-28,0,2021-03-21,spatial,30.080704644056567,1.8642703087476684,26.591098423750022,34.02825928675417
27091,2021-04-04,1,2021-03-21,spatial,30.032155256742715,2.311033684169846,25.75452833607493,35.02026275129822
27091,2021-04-11,2,2021-03-21,spatial,29.766016491408557,2.6733621344470717,24.903873472463122,35.577426890901044
27091,2021-04-18,3,2021-03-21,spatial,29.977354711727845,3.1486109809893166,24.357771277305325,36.893432707040645
27093,2021-03-28,0,2021-03-21,spatial,48.047515932875605,5.298980791325562,38.59318922971745,59.81790656322076
27093,2021-04-04,1,2021-03-21,spatial,47.75143715103602,4.8303114855964715,39.05945754354599,58.37766045386653
27093,2021-04-11,2,2021-03-21,spatial,48.17370179710059,3.766962357402455,41.20392309903546,56.322441415543224
27093,2021-04-18,3,2021-03-21,spatial,47.882532920914834,4.030306327926377,40.52119222806019,56.581182163115464
27095,2021-03-28,0,2021-03-21,spatial,83.15935793300818,8.32272589068988,68.23715104784223,101.34477635183815
27095,2021-04-04,1,2021-03-21,spatial,82.69737843490472,8.627223005921909,67.18382004424892,101.79320549950279
27095,2021-04-11,2,2021-03-21,spatial,83.11276707806337,5.343483245378001,73.08187473896156,94.520454983481
27095,2021-04-18,3,2021-03-21,spatial,83.46107415900467,7.159076346376915,70.39169576279566,98.95699804204048
27097,2021-03-28,0,2021-03-21,spatial,125.8514778564582,8.26906420722221,110.43076949975355,143.4255556707855
27097,2021-04-04,1,2021-03-21,spatial,125.85274774245,11.288769854613793,105.23561616879488,150.50906424037657
27097,2021-04-11,2,2021-03-21,spatial,126.13815445200198,8.27592476775054,110.60558918774832,143.85198908482954
27097,2021-04-18,3,2021-03-21,spatial,126.07901267838228,7.372533222793878,112.1861084799852,141.69238645791538
27099,2021-03-28,0,2021-03-21,spatial,74.61778443474056,6.123197873075807,63.329958671884185,87.9175333556831
27099,2021-04-04,1,2021-03-21,spatial,75.04634463469245,6.000518673805263,63.97985085311428,88.0269923723164
27099,2021-04-11,2,2021-03-21,spatial,75.12832235978506,4.990108812804759,65.80589330289136,85.77141859645242
27099,2021-04-18,3,2021-03-21,spatial,74.90416310303982,5.396836541475909,64.85237463015595,86.51392770370329
27101,2021-03-28,0,2021-03-21,spatial,11.966003272073928,0.5876678461594858,10.846608466217349,13.20092218256482
27101,2021-04-04,1,2021-03-21,spatial,11.995404027410332,1.031031825061233,10.112014300604988,14.229580131448524
27101,2021-04-11,2,2021-03-21,spatial,11.95872562035767,0.9144843509396198,10.275131208757132,13.918179296933513
27101,2021-04-18,3,2021-03-21,spatial,12.018334084380095,0.8495113103077038,10.446566398647091,13.82658652152716
27103,2021-03-28,0,2021-03-21,spatial,63.1380663595171,5.087145048194331,53.82660986388258,74.060310201584
27103,2021-04-04,1,2021-03-21,spatial,63.01440421373521,4.721319471571545,54.273781914690005,73.16267631125315
27103,2021-04-11,2,2021-03-21,spatial,63.869266446463634,3.1724190101091234,57.83697979972106,70.53070908154578
27103,2021-04-18,3,2021-03-21,spatial,63.08442544061947,4.675408620038231,54.42744726792132,73.11834254476628
27105,2021-03-28,0,2021-03-21,spatial,13.976962500678624,0.8578224460307668,12.36868394141901,15.794362736619833
27105,2021-04-04,1,2021-03-21,spatial,13.976039508434232,0.8118541080835083,12.452470029045296,15.686018909156944
27105,2021-04-11,2,2021-03-21,spatial,14.002727606425712,1.3013404970857905,11.648178485546278,16.833222521706677
27105,2021-04-18,3,2021-03-21,spatial,14.013804032685925,1.1413435501429825,11.921908130070818,16.472757659587646
27107,2021-03-28,0,2021-03-21,spatial,1.0041865680437645,0.12159606725887807,0.7902249819681113,1.2760804662591732
27107,2021-04-04,1,2021-03-21,spatial,1.0033934142081649,0.10096611652967853,0.8218868102807867,1.2249841840537123
27107,2021-04-11,2,2021-03-21,spatial,0.9986714943880144,0.05786645745915759,0.8896200651383103,1.1210906686868978
27107,2021-04-18,3,2021-03-21,spatial,1.001253865839814,0.056911015402108626,0.893580905749698,1.1219009911789528
27109,2021-03-28,0,2021-03-21,spatial,114.93604264064881,9.33030414866974,97.73608798700172,135.1629082969837
27109,2021-04-04,1,2021-03-21,spatial,115.21313188483505,10.181949335960226,96.69481030201179,137.27795439334162
27109,2021-04-11,2,2021-03-21,spatial,115.38899497329479,7.759812409638461,100.91471839727451,131.9393283002675
27109,2021-04-18,3,2021-03-21,spatial,114.96043490715452,9.624365407303987,97.30207249668257,135.82343371455624
27111,2021-03-28,0,2021-03-21,spatial,94.16050837346481,6.698505169944699,81.73750373806506,108.47164314635609
27111,2021-04-04,1,2021-03-21,spatial,93.95196121007747,6.445700376407206,81.94389716155437,107.71968774950157
27111,2021-04-11,2,2021-03-21,spatial,94.45864845097066,6.946202535823071,81.62306680778029,109.31268103655191
27111,2021-04-18,3,2021-03-21,spatial,94.08538589760698,5.548161109269599,83.62762129336329,105.8509102925318
27113,2021-03-28,0,2021-03-21,spatial,14.021319933219914,1.1603003604940259,11.902745070338304,16.516980873566038
27113,2021-04-04,1,2021-03-21,spatial,13.971053584836016,1.0082085664615874,12.103382279873875,16.126924999711182
27113,2021-04-11,2,2021-03-21,spatial,13.963661057466233,1.0396163262670142,12.04066112847866,16.193781059631505
27113,2021-04-18,3,2021-03-21,spatial,13.9888665356154,0.7915695113764936,12.494856318154357,15.661515584371765
27115,2021-03-28,0,2021-03-21,spatial,47.12057618579647,3.662141059454191,40.336943587853796,55.04504066465853
27115,2021-04-04,1,2021-03-21,spatial,47.04512722093004,3.8794139704533768,39.94290996398642,55.41018411600486
27115,2021-04-11,2,2021-03-21,spatial,46.68002042570803,2.414620311791019,42.099895178678345,51.758425946107685
27115,2021-04-18,3,2021-03-21,spatial,47.09862040665541,3.537705137435812,40.57280557427564,54.674060933480845
27117,2021-03-28,0,2021-03-21,spatial,13.998226664616412,1.0640937966916997,12.027155158073125,16.292327418961413
27117,2021-04-04,1,2021-03-21,spatial,14.049242668925178,1.1174721620469952,11.992351489828849,16.458925485777673
27117,2021-04-11,2,2021-03-21,spatial,13.954680198481816,1.2077619084702154,11.763136887299677,16.554521239325908
27117,2021-04-18,3,2021-03-21,spatial,13.989206741703802,0.9520527101102174,12.214060362453392,16.022346333223947
27119,2021-03-28,0,2021-03-21,spatial,20.018800459052674,1.5832795368850432,17.102872931566605,23.431874482310075
27119,2021-04-04,1,2021-03-21,spatial,20.043955576138014,1.6526347403753838,17.003911673652993,23.627513647974805
27119,2021-04-11,2,2021-03-21,spatial,20.076608605676416,1.5711973598439193,17.165372612955967,23.48158832283627
27119,2021-04-18,3,2021-03-21,spatial,19.97672432705207,1.1970552780402848,17.724671605789688,22.51491726981727
27121,2021-03-28,0,2021-03-21,spatial,29.983188280028656,2.172775588021307,25.933823947467776,34.664829269168656
27121,2021-04-04,1,2021-03-21,spatial,30.041741366486868,2.704596719928993,25.10326717568659,35.951743572446134
27121,2021-04-11,2,2021-03-21,spatial,29.92313193892332,1.9344580441435693,26.30095063957891,34.04416202685777
27121,2021-04-18,3,2021-03-21,spatial,29.952923096072656,2.1631308126182183,25.956742258497552,34.56433758383259
27123,2021-03-28,0,2021-03-21,spatial,636.4218720139237,60.02264299950901,527.9638344096369,767.1601211674091
27123,2021-04-04,1,2021-03-21,spatial,636.578279414103,57.277753523511294,532.1995397901486,761.4285160442014
27123,2021-04-11,2,2021-03-21,spatial,633.8534968438406,54.48416351286839,534.2953177790763,751.9628978431195
27123,2021-04-18,3,2021-03-21,spatial,630.8911088999661,63.065432493802874,517.8691138007448,768.5795130121861
27125,2021-03-28,0,2021-03-21,spatial,1.0010977579828275,0.0908034781238156,0.8361332923445344,1.1986087986379113
27125,2021-04-04,1,2021-03-21,spatial,0.998741757837176,0.07572470804965081,0.8586041465517708,1.1617520167514672
27125,2021-04-11,2,2021-03-21,spatial,1.0044341477772027,0.0846193987108212,0.8496196098124933,1.187458417354058
27125,2021-04-18,3,2021-03-21,spatial,1.0008987015305266,0.07427336349659035,0.8633586367611427,1.1603500191805602
27127,2021-03-28,0,2021-03-21,spatial,35.940302987967634,1.6770941103023151,32.73556532046608,39.45877721132096
27127,2021-04-04,1,2021-03-21,spatial,35.97541878352021,2.1259459223997825,31.973257334139053,40.47853939697786
27127,2021-04-11,2,2021-03-21,spatial,35.94663967008438,1.94664693438482,32.27183988036947,40.03988952476454
27127,2021-04-18,3,2021-03-21,spatial,36.003628661944944,2.3600508122360973,31.585246154478124,41.04008784631368
27129,2021-03-28,0,2021-03-21,spatial,28.98353125459379,2.5047321713494566,24.405390976904787,34.42047229568924
27129,2021-04-04,1,2021-03-21,spatial,28.891173790576037,2.3849677101709728,24.50069584990189,34.06841699969964
27129,2021-04-11,2,2021-03-21,spatial,28.99485835805117,2.5597362422845222,24.315355286142808,34.57493428782271
27129,2021-04-18,3,2021-03-21,spatial,29.05766566297517,2.2310215043732415,24.959375873576736,33.828888112347215
27131,2021-03-28,0,2021-03-21,spatial,108.81157710070812,8.887578352002393,92.48886947057396,128.0149641672323
27131,2021-04-04,1,2021-03-21,spatial,109.02690978556973,9.730909953338985,91.23521218458569,130.2881505151918
27131,2021-04-11,2,2021-03-21,spatial,108.99174926641878,7.620631815825914,94.78403575553959,125.32913705839569
27131,2021-04-18,3,2021-03-21,spatial,109.20897459164287,9.690744058829676,91.53467811546317,130.29597499991988
27133,2021-03-28,0,2021-03-21,spatial,5.013336972732434,0.4364088329671592,4.215296468759151,5.962462614062474
27133,2021-04-04,1,2021-03-21,spatial,4.988822279689176,0.3354340120695562,4.362846383138439,5.704612437080474
27133,2021-04-11,2,2021-03-21,spatial,4.990723907036523,0.4756771834280487,4.130288021075218,6.0304087727474975
27133,2021-04-18,3,2021-03-21,spatial,4.997271050875787,0.41778550618490784,4.231853773011887,5.9011296928976025
27135,2021-03-28,0,2021-03-21,spatial,21.110902159297964,2.0335841883828447,17.432701663646938,25.565181953915047
27135,2021-04-04,1,2021-03-21,spatial,20.92863657376569,1.9584583627743992,17.388124520513283,25.19005590971195
27135,2021-04-11,2,2021-03-21,spatial,20.974656717870552,1.7854776849117608,17.699361726160728,24.856050248538608
27135,2021-04-18,3,2021-03-21,spatial,20.92090154256069,1.6489700897738508,17.893382216761523,24.46067021043793
27137,2021-03-28,0,2021-03-21,spatial,272.8506656001857,14.037707386676527,246.3471185444057,302.2056282141765
27137,2021-04-04,1,2021-03-21,spatial,275.3796571694178,27.84493199662659,225.55031594606228,336.21746555602635
27137,2021-04-11,2,2021-03-21,spatial,274.17916820995333,18.307323697446,240.00359248275586,313.2212126604026
27137,2021-04-18,3,2021-03-21,spatial,274.5925683552449,19.01439128852337,239.32090540657413,315.0626497414989
27139,2021-03-28,0,2021-03-21,spatial,373.8283037758871,38.29374284829039,305.09040074065837,458.053089722574
27139,2021-04-04,1,2021-03-21,spatial,374.997347196591,27.73873659147328,323.36651449412767,434.8718995362594
27139,2021-04-11,2,2021-03-21,spatial,373.0014970136875,29.812522299481248,318.4113660479024,436.9508491525425
27139,2021-04-18,3,2021-03-21,spatial,373.02573515220666,28.230743082477478,321.0892990827371,433.3629288903492
27141,2021-03-28,0,2021-03-21,spatial,269.21932736543596,30.86382149231885,214.67345898443958,337.62462565226275
27141,2021-04-04,1,2021-03-21,spatial,268.0811484411862,11.994737022904598,245.2167033538034,293.07751538382547
27141,2021-04-11,2,2021-03-21,spatial,267.44343386627355,21.662228554131072,227.6055014399723,314.2542243736048
27141,2021-04-18,3,2021-03-21,spatial,267.7767003040048,15.386458626782675,238.74696710993157,300.33621827197663
27143,2021-03-28,0,2021-03-21,spatial,29.992704145853228,1.9231820442059533,26.402567053257066,34.07101666160563
27143,2021-04-04,1,2021-03-21,spatial,29.9764371454281,2.600652603678793,25.23683926407334,35.60615394547494
27143,2021-04-11,2,2021-03-21,spatial,30.034393523209715,1.9721254249962712,26.360456069974557,34.22037888542087
27143,2021-04-18,3,2021-03-21,spatial,29.99700485796977,2.0920714659322512,26.093662967568413,34.48424629257459
27145,2021-03-28,0,2021-03-21,spatial,400.4365198821407,35.85915579421528,335.27098120210115,478.26807402296896
27145,2021-04-04,1,2021-03-21,spatial,400.6442126722792,37.260516656274405,332.34809825812243,482.9748868402545
27145,2021-04-11,2,2021-03-21,spatial,401.5779359701612,22.84860883254418,358.36880458731497,449.99686522313743
27145,2021-04-18,3,2021-03-21,spatial,401.1007447812558,29.51981745215072,346.4225244452872,464.40920007061277
27147,2021-03-28,0,2021-03-21,spatial,87.1989862208852,8.939593506580715,71.02205442125795,107.06059209228168
27147,2021-04-04,1,2021-03-21,spatial,86.94745101643524,6.085630437718269,75.66456835285881,99.91280466968756
27147,2021-04-11,2,2021-03-21,spatial,86.93050968994213,4.690969674845767,78.05468255906817,96.81563318426666
27147,2021-04-18,3,2021-03-21,spatial,86.47294362421415,7.469666110867312,72.89113142979302,102.58545631492542
27149,2021-03-28,0,2021-03-21,spatial,11.01983969748684,0.8594009075821056,9.428377672681053,12.879932388598842
27149,2021-04-04,1,2021-03-21,spatial,10.977650238307326,0.7188121575202432,9.628148448687242,12.516301072512002
27149,2021-04-11,2,2021-03-21,spatial,10.975238910182519,0.8259762063051068,9.445640170063664,12.752536298952885
27149,2021-04-18,3,2021-03-21,spatial,11.046852951938925,0.8284521674971199,9.505596966592204,12.838011181270506
27151,2021-03-28,0,2021-03-21,spatial,20.97762096099363,2.209555956603886,17.05443420577343,25.80329408020736
27151,2021-04-04,1,2021-03-21,spatial,20.996162381403,1.5814630333322233,18.068675619203947,24.397960538829164
27151,2021-04-11,2,2021-03-21,spatial,21.035113551787802,1.4834465831804866,18.27039893062029,24.218190517725304
27151,2021-04-18,3,2021-03-21,spatial,18.89820954500844,1.1609895152400571,16.718827235736462,21.361685181102715
27153,2021-03-28,0,2021-03-21,spatial,33.92464165404941,2.2919221464343567,29.648626679875086,38.817356492834115
27153,2021-04-04,1,2021-03-21,spatial,34.100980610387,2.9105635882769976,28.80049213463507,40.37697943333165
27153,2021-04-11,2,2021-03-21,spatial,34.52351538892601,2.0576131244977423,30.65940039409068,38.87463875644265
27153,2021-04-18,3,2021-03-21,spatial,33.91214866449177,2.8334777333081065,28.72181980460569,40.04042344343992
27155,2021-03-28,0,2021-03-21,spatial,10.002319033244351,0.869288726987909,8.414810103973211,11.889321898727509
27155,2021-04-04,1,2021-03-21,spatial,10.01071390548417,0.6037238710149219,8.874916867126025,11.29186835187862
27155,2021-04-11,2,2021-03-21,spatial,10.044276705225748,0.8463588262327302,8.491974324889089,11.880334380598619
27155,2021-04-18,3,2021-03-21,spatial,9.997263008237296,0.8538863334832858,8.430889138159044,11.854653289592859
27157,2021-03-28,0,2021-03-21,spatial,20.99837374221917,2.169006997438131,17.084560296198315,25.80878244294274
27157,2021-04-04,1,2021-03-21,spatial,20.97510993449001,1.9812516291569384,17.393844017480546,25.29373244475422
27157,2021-04-11,2,2021-03-21,spatial,20.982449662904514,2.1097382131963376,17.21558068203947,25.57353144152935
27157,2021-04-18,3,2021-03-21,spatial,20.98890554421664,1.8089364855404024,17.686015485218036,24.908615301860728
27159,2021-03-28,0,2021-03-21,spatial,17.938502877755553,1.2902775963301811,15.538885677128404,20.70868479127079
27159,2021-04-04,1,2021-03-21,spatial,18.032767280043252,1.285454472183052,15.645316542070365,20.78453925184482
27159,2021-04-11,2,2021-03-21,spatial,18.049009673747424,1.0793459509111163,16.030265575191127,20.321980860204423
27159,2021-04-18,3,2021-03-21,spatial,16.702424604756775,0.1668710369721957,16.372078357682096,17.039436385710054
27161,2021-03-28,0,2021-03-21,spatial,39.05945603177908,3.5222026314208468,32.641974289766196,46.73862836712044
27161,2021-04-04,1,2021-03-21,spatial,39.063045904419724,2.4091131355542825,34.51641845294889,44.208571564598024
27161,2021-04-11,2,2021-03-21,spatial,38.9882597058669,3.0435572020148425,33.4202272141955,45.483963503589116
27161,2021-04-18,3,2021-03-21,spatial,39.05270668443147,2.7482688446415264,33.95428679677567,44.916681905539676
27163,2021-03-28,0,2021-03-21,spatial,390.2035622976886,43.138363334067066,313.62140456201735,485.48605999147486
27163,2021-04-04,1,2021-03-21,spatial,385.9451103117067,35.59964496006351,321.1776925774091,463.7732682434512
27163,2021-04-11,2,2021-03-21,spatial,388.2628349159768,24.351180027239607,342.67702100182584,439.91286178534807
27163,2021-04-18,3,2021-03-21,spatial,387.37896570303405,33.27960598174182,326.48160030549195,459.63528397538346
27165,2021-03-28,0,2021-03-21,spatial,16.020997928430052,0.8791074995615781,14.367137020983208,17.86524164472642
27165,2021-04-04,1,2021-03-21,spatial,16.023324000170597,1.269144095916449,13.700866730245925,18.739464960099976
27165,2021-04-11,2,2021-03-21,spatial,16.055866974281333,1.4774714114796332,13.378955102013707,19.268385485277324
27165,2021-04-18,3,2021-03-21,spatial,16.010446462801088,1.4758856584081832,13.341378204135456,19.213486943857372
27167,2021-03-28,0,2021-03-21,spatial,16.975278978584882,1.2662605119589088,14.633937413893351,19.691221046716283
27167,2021-04-04,1,2021-03-21,spatial,17.048027065721676,1.0436413906168311,15.093054539593895,19.256223190020933
27167,2021-04-11,2,2021-03-21,spatial,16.997134595998663,1.4692800468704352,14.308713428216238,20.190675138184663
27167,2021-04-18,3,2021-03-21,spatial,17.02852931582875,1.1878991739656963,14.826603741224368,19.557466815801845
27169,2021-03-28,0,2021-03-21,spatial,28.988731247508674,2.343706496404105,24.659956947272374,34.07737252490364
27169,2021-04-04,1,2021-03-21,spatial,29.01548070843215,2.2338256964842245,24.898262020797812,33.81352963665298
27169,2021-04-11,2,2021-03-21,spatial,29.002565514723784,2.2349949069473465,24.86817791500711,33.82430386780529
27169,2021-04-18,3,2021-03-21,spatial,29.037982518084632,2.056032499505809,25.218360098186327,33.43613246212749
27171,2021-03-28,0,2021-03-21,spatial,286.65371865809175,29.207009276931736,234.2601363291749,350.76541706203585
27171,2021-04-04,1,2021-03-21,spatial,286.1717947516719,23.20770659096087,243.4208218760377,336.4309407890248
27171,2021-04-11,2,2021-03-21,spatial,286.4249822184552,18.859157013589137,251.27921566166532,326.4864952034237
27171,2021-04-18,3,2021-03-21,spatial,286.78939221036063,15.066150259836665,258.20008754950686,318.54425869866486
27173,2021-03-28,0,2021-03-21,spatial,22.962547426952266,1.92562206551521,19.424622238198268,27.14485655726912
27173,2021-04-04,1,2021-03-21,spatial,22.959314105449533,2.191629931870493,18.968895031260608,27.789183467143825
27173,2021-04-11,2,2021-03-21,spatial,23.071465224281486,1.8057044736310792,19.740761906106812,26.964131887460987
27173,2021-04-18,3,2021-03-21,spatial,23.581555761191648,1.0902972006755325,21.50151581909855,25.86281715190743
28001,2021-03-28,0,2021-03-21,spatial,10.493259407678835,0.3960385410407528,9.732505981105817,11.313478071382574
28001,2021-04-04,1,2021-03-21,spatial,11.043749581390598,0.2217929554788189,10.608963515886318,11.496354439699056
28001,2021-04-11,2,2021-03-21,spatial,11.037533249006225,0.22126880943780705,10.60382436811648,11.488981332926176
28001,2021-04-18,3,2021-03-21,spatial,9.967781015732934,0.833086311753418,8.442193345159165,11.769057437493773
28003,2021-03-28,0,2021-03-21,spatial,2.003515668091568,0.11520507550197985,1.7859566371174596,2.247576984157428
28003,2021-04-04,1,2021-03-21,spatial,2.0064659878544018,0.15248365786101933,1.7246733742659461,2.334300407536611
28003,2021-04-11,2,2021-03-21,spatial,2.004111828457897,0.15380894531660114,1.7190526527461547,2.336440489212839
28003,2021-04-18,3,2021-03-21,spatial,2.0010927708046387,0.139478786465857,1.7420563902712831,2.2986467600758904
28005,2021-03-28,0,2021-03-21,spatial,10.995798358514833,0.7147987938927256,9.661854117568307,12.513910898454704
28005,2021-04-04,1,2021-03-21,spatial,14.757568271694325,0.7875642965582672,13.268227612268708,16.4140854120063
28005,2021-04-11,2,2021-03-21,spatial,11.021167171962528,0.8789132389112445,9.401472799019734,12.919903979832766
28005,2021-04-18,3,2021-03-21,spatial,11.002766939967065,1.073356262357032,9.054510136721166,13.370229698486032
28007,2021-03-28,0,2021-03-21,spatial,8.007794816853776,0.5160268471318972,7.042873082365618,9.10491742203758
28007,2021-04-04,1,2021-03-21,spatial,8.018929284567351,0.5095067262065109,7.0626951693606435,9.104630078026275
28007,2021-04-11,2,2021-03-21,spatial,7.98262207265781,0.5688977531161735,6.92660576711928,9.199636488245703
28007,2021-04-18,3,2021-03-21,spatial,8.004303307107854,0.6482085690382341,6.816160345960936,9.39955461437217
28009,2021-03-28,0,2021-03-21,spatial,8.991465584991245,0.8123049743811763,7.510798450207872,10.764029137786864
28009,2021-04-04,1,2021-03-21,spatial,8.986614431769466,0.6213240541352133,7.8281895245870885,10.31646445089703
28009,2021-04-11,2,2021-03-21,spatial,9.04323997136008,0.6611149908789337,7.818144727093081,10.460306381410756
28009,2021-04-18,3,2021-03-21,spatial,9.000637161443526,0.8347815476857735,7.48828672513785,10.818425133215882
28011,2021-03-28,0,2021-03-21,spatial,24.81363706193839,0.7185651352135748,23.418020179184502,26.292426922959628
28011,2021-04-04,1,2021-03-21,spatial,28.04858746504486,0.28817759992462244,27.478024576679267,28.63099771196681
28011,2021-04-11,2,2021-03-21,spatial,25.957464243227008,2.531990486272544,21.38253291549357,31.51123174234365
28011,2021-04-18,3,2021-03-21,spatial,26.55371461541181,1.956535609386031,22.935425243952803,30.74282479513401
28013,2021-03-28,0,2021-03-21,spatial,2.0029386555384474,0.1174775889345089,1.782020496111019,2.251244172895434
28013,2021-04-04,1,2021-03-21,spatial,2.0003010126541927,0.1103233215767822,1.7923482690698982,2.23238095534956
28013,2021-04-11,2,2021-03-21,spatial,1.9990023285246383,0.1321085221513316,1.7515588956041783,2.28140219519627
28013,2021-04-18,3,2021-03-21,spatial,1.9929257124663984,0.2048732554496636,1.6252594723266842,2.4437654190218807
28015,2021-03-28,0,2021-03-21,spatial,1.9932406702411956,0.13609783538435902,1.7388753710183762,2.2848149072217687
28015,2021-04-04,1,2021-03-21,spatial,2.000670707592239,0.1384907556102343,1.7417794169747618,2.2980425886360263
28015,2021-04-11,2,2021-03-21,spatial,1.9934803617430883,0.17764409175340026,1.6695004579292994,2.3803311546163384
28015,2021-04-18,3,2021-03-21,spatial,2.002986953275108,0.19084013341964065,1.6574524610006165,2.4205561422668205
28017,2021-03-28,0,2021-03-21,spatial,3.0047817822407654,0.16851266339324267,2.68708312878252,3.360042516800281
28017,2021-04-04,1,2021-03-21,spatial,2.993320590553997,0.20012954072870556,2.6196477337055017,3.4202950429371732
28017,2021-04-11,2,2021-03-21,spatial,3.000682440858162,0.20587209660503275,2.6173200495671622,3.440196437712516
28017,2021-04-18,3,2021-03-21,spatial,2.9874247982920217,0.2638987848983612,2.504393391005379,3.5636202193727007
28019,2021-03-28,0,2021-03-21,spatial,4.986490510120322,0.4280200357437665,4.203279966682522,5.9156391686050425
28019,2021-04-04,1,2021-03-21,spatial,4.995740052481942,0.410578166396214,4.2366639947286435,5.890818507916813
28019,2021-04-11,2,2021-03-21,spatial,5.01044121727707,0.4146954050022372,4.252540259923741,5.903417641539066
28019,2021-04-18,3,2021-03-21,spatial,4.819374341726107,0.24349898037791776,4.357719213323529,5.329937040154946
28021,2021-03-28,0,2021-03-21,spatial,2.990481938078109,0.2389394542881837,2.550866511463401,3.505860530836214
28021,2021-04-04,1,2021-03-21,spatial,2.9989912418501605,0.2508726501642142,2.5391152975410134,3.542158356260578
28021,2021-04-11,2,2021-03-21,spatial,3.53730454181106,0.10475085983841044,3.3336916514485644,3.7533535580833264
28021,2021-04-18,3,2021-03-21,spatial,3.0038357811204968,0.15553810298942705,2.708554701382619,3.331307798706763
28023,2021-03-28,0,2021-03-21,spatial,16.005747620194608,1.2589969671192909,13.682968765689877,18.722834296293076
28023,2021-04-04,1,2021-03-21,spatial,15.990287062851786,0.9730938753498756,14.155598995040116,18.06276657328273
28023,2021-04-11,2,2021-03-21,spatial,15.968780520675331,1.430711582433413,13.357588091883875,19.09041883634967
28023,2021-04-18,3,2021-03-21,spatial,15.958263702529313,1.415045009919342,13.381477917967267,19.03124467720604
28025,2021-03-28,0,2021-03-21,spatial,7.024963822432229,0.7124472207049035,5.743006090068858,8.593081033262479
28025,2021-04-04,1,2021-03-21,spatial,7.202857200552758,0.2935106573066704,6.638678865020718,7.814981400127237
28025,2021-04-11,2,2021-03-21,spatial,6.9992397314098636,0.6108619589774203,5.8784206523365885,8.33376168789041
28025,2021-04-18,3,2021-03-21,spatial,6.992243447307504,0.6176117176713326,5.865160246798197,8.335913490702096
28027,2021-03-28,0,2021-03-21,spatial,8.992015952833793,0.569086401115991,7.929335335568117,10.197115833066768
28027,2021-04-04,1,2021-03-21,spatial,8.964124963743302,0.7431671925200611,7.600192216822107,10.572829485515983
28027,2021-04-11,2,2021-03-21,spatial,9.013498525014091,0.6714163811739402,7.774703448513972,10.449679039006917
28027,2021-04-18,3,2021-03-21,spatial,8.940780897240625,0.8598110803533301,7.384516987925763,10.825022568594095
28029,2021-03-28,0,2021-03-21,spatial,29.881517582043998,0.7394568179991805,28.43984925842105,31.39626672745514
28029,2021-04-04,1,2021-03-21,spatial,30.105551475572014,2.460738440123965,25.571916892221108,35.442952261589106
28029,2021-04-11,2,2021-03-21,spatial,30.816990293268837,1.3250274866980292,28.28310609064864,33.577885246819626
28029,2021-04-18,3,2021-03-21,spatial,30.004569719008387,2.4751969106895726,25.451035704996904,35.37279246541942
28031,2021-03-28,0,2021-03-21,spatial,5.988022710790768,0.4062257567469094,5.233005275953777,6.851973979409138
28031,2021-04-04,1,2021-03-21,spatial,5.987382897043863,0.4198027309259725,5.2081144267807336,6.883250062916219
28031,2021-04-11,2,2021-03-21,spatial,6.002978460275052,0.4145476361734234,5.228947058932019,6.891588304182661
28031,2021-04-18,3,2021-03-21,spatial,6.000323511614238,0.6481535077200388,4.84724397067188,7.4277016923165355
28033,2021-03-28,0,2021-03-21,spatial,229.25522423053798,22.423873966450767,189.14396793247184,277.8727675616835
28033,2021-04-04,1,2021-03-21,spatial,229.43149443916482,22.809913869003328,187.99032063872272,280.008090106666
28033,2021-04-11,2,2021-03-21,spatial,230.24333661177783,26.5331662029492,183.00235270077823,289.6793034174965
28033,2021-04-18,3,2021-03-21,spatial,231.54480763548938,20.601695066252827,193.99519105572185,276.3625100766357
28035,2021-03-28,0,2021-03-21,spatial,13.023846979115396,0.7920496248206672,11.53606580822791,14.703504032928985
28035,2021-04-04,1,2021-03-21,spatial,13.021081612213088,0.9646187622846532,11.231055406734235,15.096405476750743
28035,2021-04-11,2,2021-03-21,spatial,13.073068268545734,1.1136825397008678,11.03563326003458,15.486661247885824
28035,2021-04-18,3,2021-03-21,spatial,12.981309368503135,1.2411788217838486,10.751374823432071,15.673752956088816
28037,2021-03-28,0,2021-03-21,spatial,6.9192034477395055,0.3490399237745303,6.257312966762179,7.651107848611122
28037,2021-04-04,1,2021-03-21,spatial,7.00104154271713,0.4290422038967023,6.1941077895154635,7.913098116538467
28037,2021-04-11,2,2021-03-21,spatial,9.620415009156222,0.097318799488313,9.427733309661402,9.81703468993464
28037,2021-04-18,3,2021-03-21,spatial,9.61809711176267,0.09602214795078476,9.427830138662047,9.81220394202241
28039,2021-03-28,0,2021-03-21,spatial,7.006161452008107,0.41950029357739305,6.214084793765861,7.899199949902365
28039,2021-04-04,1,2021-03-21,spatial,6.990754087785553,0.6060064638834757,5.888785774596293,8.298933699832329
28039,2021-04-11,2,2021-03-21,spatial,7.041068734355918,0.6925025997883805,5.798321075383601,8.550173106556464
28039,2021-04-18,3,2021-03-21,spatial,6.984816654110247,0.5076603946327715,6.040272643871853,8.07706316717894
28041,2021-03-28,0,2021-03-21,spatial,1.9951293181029883,0.15826191362698402,1.703797649183514,2.336275670917631
28041,2021-04-04,1,2021-03-21,spatial,2.004156447938703,0.1845845278928017,1.6690022053488511,2.4066133974788424
28041,2021-04-11,2,2021-03-21,spatial,1.9992009589226527,0.17835705094932625,1.6741635713101142,2.387344069988073
28041,2021-04-18,3,2021-03-21,spatial,2.0103799817331884,0.20662385248460008,1.6389009692978078,2.4660597233554515
28043,2021-03-28,0,2021-03-21,spatial,4.996721914719909,0.3702460448417721,4.311102033743817,5.791379952879548
28043,2021-04-04,1,2021-03-21,spatial,5.000664351358306,0.3808008802713584,4.295708823633054,5.821307956761529
28043,2021-04-11,2,2021-03-21,spatial,5.00043160868556,0.4447035592909115,4.190120347496592,5.96744584868084
28043,2021-04-18,3,2021-03-21,spatial,5.012469571981223,0.4619457182349327,4.174957616035794,6.01798952725517
28045,2021-03-28,0,2021-03-21,spatial,50.913342178053895,3.606956579514498,44.238294826793386,58.59557701961037
28045,2021-04-04,1,2021-03-21,spatial,51.00216260811722,3.9392819686591847,43.70148097498681,59.52248145077004
28045,2021-04-11,2,2021-03-21,spatial,50.83242894846696,3.2954484225518743,44.68169834131081,57.82984820905837
28045,2021-04-18,3,2021-03-21,spatial,50.98886721784061,3.833045055435192,43.87981166060753,59.24967500470314
28047,2021-03-28,0,2021-03-21,spatial,91.24714687017115,7.772476031527617,77.05990385527726,108.04635608660172
28047,2021-04-04,1,2021-03-21,spatial,91.09737384929964,6.256210187787207,79.41008663206938,104.50475341614428
28047,2021-04-11,2,2021-03-21,spatial,90.93627156664516,7.153739557441118,77.69271052241922,106.43734052831634
28047,2021-04-18,3,2021-03-21,spatial,91.10635648616548,6.4117514275129555,79.17041326474853,104.84179442675831
28049,2021-03-28,0,2021-03-21,spatial,153.85896368251582,9.12645863483706,136.66118693603872,173.22095055809191
28049,2021-04-04,1,2021-03-21,spatial,152.91386822455524,8.438464024683546,136.95015837592277,170.7384012745148
28049,2021-04-11,2,2021-03-21,spatial,154.77113487119567,14.689127136820874,128.02824625896835,187.1001508594036
28049,2021-04-18,3,2021-03-21,spatial,153.55487216886934,12.12747752980772,131.25265692133607,179.64663969377412
28051,2021-03-28,0,2021-03-21,spatial,9.002722800941852,0.5807818178097429,7.918533662262687,10.235356858663511
28051,2021-04-04,1,2021-03-21,spatial,9.02548913534758,0.6888796581096454,7.750938317677642,10.509624872964329
28051,2021-04-11,2,2021-03-21,spatial,8.971164871630581,0.4262830458903029,8.158213077784735,9.865125902770908
28051,2021-04-18,3,2021-03-21,spatial,8.953855675563727,0.4209425938112201,8.153503237734531,9.83277115630368
28053,2021-03-28,0,2021-03-21,spatial,4.00353205611027,0.32008258971816034,3.4163610202490555,4.691620361344028
28053,2021-04-04,1,2021-03-21,spatial,4.0023774395136025,0.3206331593405634,3.412487777527317,4.694236642785816
28053,2021-04-11,2,2021-03-21,spatial,4.007982304736856,0.3821330479179685,3.3179479339467965,4.841523277303283
28053,2021-04-18,3,2021-03-21,spatial,3.990414361327365,0.29798392892760034,3.438775617579773,4.630545445792898
28055,2021-03-28,0,2021-03-21,spatial,0.9979352402926098,0.07831252185065757,0.8538116709618943,1.166386895011552
28055,2021-04-04,1,2021-03-21,spatial,0.995482196594822,0.0929106148804604,0.8277413261132908,1.1972155702198424
28055,2021-04-11,2,2021-03-21,spatial,1.152434260501735,0.052846343403660616,1.051546856597082,1.2630009936752316
28055,2021-04-18,3,2021-03-21,spatial,1.0358264498563088,0.06458772922574614,0.9141030961001078,1.1737586698912372
28057,2021-03-28,0,2021-03-21,spatial,10.998145854047381,0.6935506386656551,9.695889452544105,12.475308512842114
28057,2021-04-04,1,2021-03-21,spatial,10.981147350151788,0.7721028386620086,9.541906109009284,12.637474708736768
28057,2021-04-11,2,2021-03-21,spatial,11.00614059819486,1.1828167386033508,8.896988604628696,13.615295719746351
28057,2021-04-18,3,2021-03-21,spatial,10.980074850136594,0.8607533516777298,9.387810650252248,12.84240257992024
28059,2021-03-28,0,2021-03-21,spatial,57.82314133714525,4.328500251475808,49.80952333462075,67.12603233790682
28059,2021-04-04,1,2021-03-21,spatial,59.380751886020356,2.9148006484067555,53.84457388643819,65.48614725758317
28059,2021-04-11,2,2021-03-21,spatial,58.0630494635916,4.172740172833556,50.30279424895306,67.02048590634007
28059,2021-04-18,3,2021-03-21,spatial,57.95381133233217,4.365214720728419,49.89522973287142,67.31393493776916
28061,2021-03-28,0,2021-03-21,spatial,6.001383081910587,0.4182074103392938,5.223196397194045,6.895509216385412
28061,2021-04-04,1,2021-03-21,spatial,6.001523262523941,0.45542991818311795,5.155701769190466,6.986106466796564
28061,2021-04-11,2,2021-03-21,spatial,6.0010523198401,0.4771442578019193,5.120914666508174,7.032460271401937
28061,2021-04-18,3,2021-03-21,spatial,5.994406871722704,0.4696713678292118,5.128635717638971,7.0063298939661305
28063,2021-03-28,0,2021-03-21,spatial,5.187274722950513,0.05222209291930142,5.083937297360231,5.292712611804409
28063,2021-04-04,1,2021-03-21,spatial,5.191079484337455,0.05147439381989239,5.089175673599498,5.295023780079061
28063,2021-04-11,2,2021-03-21,spatial,5.18888539524337,0.05176964241863104,5.0864053462476715,5.293430195222765
28063,2021-04-18,3,2021-03-21,spatial,4.011857161929714,0.3670190341194043,3.3412947819019623,4.816994290627958
28065,2021-03-28,0,2021-03-21,spatial,1.0006826510604578,0.06735867300569973,0.8754576147392734,1.143819816372961
28065,2021-04-04,1,2021-03-21,spatial,0.9983990145929688,0.04829949250998819,0.906502421042511,1.0996116162534393
28065,2021-04-11,2,2021-03-21,spatial,1.0051079989660323,0.07233510223937123,0.8714266657176585,1.159296736408132
28065,2021-04-18,3,2021-03-21,spatial,1.0027385066879186,0.07364288679734858,0.8664064872229692,1.1605228349772918
28067,2021-03-28,0,2021-03-21,spatial,45.98094175970661,4.220315103278237,38.324857073322605,55.16646809835669
28067,2021-04-04,1,2021-03-21,spatial,46.26834789268647,3.020251168684458,40.61445807043232,52.70930891177288
28067,2021-04-11,2,2021-03-21,spatial,46.08811256076114,3.6798482004714144,39.27860218584596,54.07814945560389
28067,2021-04-18,3,2021-03-21,spatial,47.6005244998784,1.267844400901914,45.13097107347546,50.20521116141448
28069,2021-03-28,0,2021-03-21,spatial,5.020394083862048,0.11616884590718125,4.793206531329137,5.2583498316914765
28069,2021-04-04,1,2021-03-21,spatial,5.015784851009423,0.3959546626144537,4.286228196929991,5.869518960664553
28069,2021-04-11,2,2021-03-21,spatial,4.9960106768083286,0.3784291041806633,4.293268417710577,5.813781076397972
28069,2021-04-18,3,2021-03-21,spatial,4.986235365353657,0.3866497523704077,4.2742425374491635,5.816830210468428
28071,2021-03-28,0,2021-03-21,spatial,38.9700191566418,2.5988404638455544,34.1301313413189,44.49623641589956
28071,2021-04-04,1,2021-03-21,spatial,38.83420063760451,2.5936952178348878,34.01700531125735,44.33356567877078
28071,2021-04-11,2,2021-03-21,spatial,38.81723457657146,3.3163892112542035,32.75023204854743,46.00815340602768
28071,2021-04-18,3,2021-03-21,spatial,41.070649701638935,1.2064351136195448,38.7270298300065,43.556096977201406
28073,2021-03-28,0,2021-03-21,spatial,26.020601515393423,1.3987553368720849,23.375596122396068,28.96489568341722
28073,2021-04-04,1,2021-03-21,spatial,26.006224744384863,1.999939384452852,22.337827593652268,30.277059065835317
28073,2021-04-11,2,2021-03-21,spatial,25.92318213786708,1.9684384150523004,22.281128766077572,30.160562295037337
28073,2021-04-18,3,2021-03-21,spatial,25.930652226954212,2.231428584411665,21.8418425932592,30.78489015037405
28075,2021-03-28,0,2021-03-21,spatial,64.16959776367719,5.6348318045252785,53.87113430330026,76.43680294476114
28075,2021-04-04,1,2021-03-21,spatial,64.15598923538012,4.885043087743926,55.10299918182678,74.69631446354526
28075,2021-04-11,2,2021-03-21,spatial,64.17879631820077,5.731078236343224,53.74866633892374,76.63293207835858
28075,2021-04-18,3,2021-03-21,spatial,63.999021361991566,4.878969427911155,54.989932304555175,74.4840839702828
28077,2021-03-28,0,2021-03-21,spatial,10.98006453937599,0.7344843646878333,9.60944365586953,12.546180778657446
28077,2021-04-04,1,2021-03-21,spatial,10.950808679378799,0.991659086883381,9.141341232437949,13.118448122997794
28077,2021-04-11,2,2021-03-21,spatial,11.025996663454338,0.7064471132601089,9.701287333644963,12.531594853487235
28077,2021-04-18,3,2021-03-21,spatial,11.053135638096947,0.9212625314707616,9.372650201300855,13.034926601358947
28079,2021-03-28,0,2021-03-21,spatial,14.94832954976839,1.074420937662127,12.956461266188375,17.246418735616356
28079,2021-04-04,1,2021-03-21,spatial,15.014907568782823,0.9761002764210764,13.183447331527207,17.100796447978468
28079,2021-04-11,2,2021-03-21,spatial,14.980751770549213,1.3636913852956103,12.500247526076492,17.9534783725402
28079,2021-04-18,3,2021-03-21,spatial,14.993123843942199,1.3104533408195977,12.60085999390188,17.83955719757032
28081,2021-03-28,0,2021-03-21,spatial,14.06261232834852,1.2445263155709116,11.78058097418061,16.78669888444739
28081,2021-04-04,1,2021-03-21,spatial,14.033462170572085,0.9054059194210988,12.340545892489967,15.958618217426464
28081,2021-04-11,2,2021-03-21,spatial,14.094705383329066,0.9543055794012084,12.314115986683214,16.13276341214277
28081,2021-04-18,3,2021-03-21,spatial,13.942400999176776,1.1979640417692066,11.739484753148318,16.558694841331388
28083,2021-03-28,0,2021-03-21,spatial,18.017874501629294,0.9989027173448116,16.1329652037899,20.123008848999373
28083,2021-04-04,1,2021-03-21,spatial,17.975015311333404,1.1340007470778757,15.855801165982676,20.377473964283656
28083,2021-04-11,2,2021-03-21,spatial,17.954816858175008,1.3659107883027364,15.433289471365432,20.88831736155364
28083,2021-04-18,3,2021-03-21,spatial,17.919268713418422,1.5647689824875228,15.055328945871427,21.328008997887114
28085,2021-03-28,0,2021-03-21,spatial,32.995293985831424,2.1363976487583782,29.00702573982368,37.53192192044645
28085,2021-04-04,1,2021-03-21,spatial,33.00914330502646,3.1660542955073594,27.277133532223736,39.945676126289975
28085,2021-04-11,2,2021-03-21,spatial,32.99772099050293,2.272831454995257,28.757108608879037,37.86366721968997
28085,2021-04-18,3,2021-03-21,spatial,33.07585613905317,3.2407224829951358,27.184148358425702,40.24449266928215
28087,2021-03-28,0,2021-03-21,spatial,7.016371536411098,0.43352043493589604,6.205374438882664,7.933360028766295
28087,2021-04-04,1,2021-03-21,spatial,7.026319448965937,0.4147770988765254,6.247823626362507,7.9018179691573325
28087,2021-04-11,2,2021-03-21,spatial,6.9951155056129535,0.3992941879968821,6.243703894628983,7.836957319350009
28087,2021-04-18,3,2021-03-21,spatial,7.014414999977981,0.5713243386709493,5.9684813395388305,8.243641052535787
28089,2021-03-28,0,2021-03-21,spatial,78.05280739306707,6.319303454312285,66.44261414139896,91.69176771061576
28089,2021-04-04,1,2021-03-21,spatial,77.9266362364353,7.087712212245095,65.10953131727287,93.26684607104093
28089,2021-04-11,2,2021-03-21,spatial,58.840714629535974,1.728321888704151,55.47953399934398,62.40552954456012
28089,2021-04-18,3,2021-03-21,spatial,71.0388483765694,2.2635159024760507,66.65382653221515,75.7123520317342
28091,2021-03-28,0,2021-03-21,spatial,6.746947255677675,0.06997197286747082,6.608377456426612,6.888422698468485
28091,2021-04-04,1,2021-03-21,spatial,6.748894472865012,0.06885515749313105,6.612517787438547,6.888083793497274
28091,2021-04-11,2,2021-03-21,spatial,7.0029469884852675,0.5664573275352229,5.9637300991914115,8.223253854191706
28091,2021-04-18,3,2021-03-21,spatial,6.982223251789005,0.5715233241371592,5.93486304585439,8.21441727654976
28093,2021-03-28,0,2021-03-21,spatial,24.965629365347265,1.2810126059280604,22.538716503210956,27.65386616043973
28093,2021-04-04,1,2021-03-21,spatial,25.0397306171473,1.5946962544386294,22.052707488213297,28.431343848115485
28093,2021-04-11,2,2021-03-21,spatial,24.950959467643735,1.9322811776138784,21.39099157883007,29.10339037167952
28093,2021-04-18,3,2021-03-21,spatial,24.98604196235129,2.1033575976973844,21.115728931229945,29.565746698947372
28095,2021-03-28,0,2021-03-21,spatial,7.891511369639683,0.3590819399645289,7.205379062996067,8.642980633312778
28095,2021-04-04,1,2021-03-21,spatial,7.9922339327662195,0.4590688506113661,7.129133031826777,8.959827646769579
28095,2021-04-11,2,2021-03-21,spatial,7.982913364077722,0.626220364986514,6.825596103555817,9.336460114475852
28095,2021-04-18,3,2021-03-21,spatial,8.005009135028889,0.8675871971933858,6.4568466524776795,9.92437558158618
28097,2021-03-28,0,2021-03-21,spatial,0.9972020077076272,0.06855345867414674,0.8693494457884563,1.1438574545523992
28097,2021-04-04,1,2021-03-21,spatial,1.001079688007571,0.07518349945093518,0.8620699167392246,1.162504945691648
28097,2021-04-11,2,2021-03-21,spatial,1.000206468693269,0.09171794367527686,0.8335823393723107,1.2001369663963517
28097,2021-04-18,3,2021-03-21,spatial,1.0011798598511321,0.07448876814321974,0.8630475185808144,1.1614205361714074
28099,2021-03-28,0,2021-03-21,spatial,23.055286817386627,1.98073920485992,19.447690325636998,27.332101721675855
28099,2021-04-04,1,2021-03-21,spatial,23.02618991464097,1.7439188722735606,19.802315838386296,26.774919979678522
28099,2021-04-11,2,2021-03-21,spatial,22.99879676062923,2.0894509383112734,19.21054587368011,27.534077163388858
28099,2021-04-18,3,2021-03-21,spatial,22.954189011792803,1.815645022446644,19.61196236483413,26.865990429079908
28101,2021-03-28,0,2021-03-21,spatial,19.823411763422605,0.9732571197648284,17.970600890335557,21.867251759708072
28101,2021-04-04,1,2021-03-21,spatial,19.820224973648354,0.9878354396896653,17.94121234579964,21.89602967928781
28101,2021-04-11,2,2021-03-21,spatial,19.952024540008463,1.6093806187104085,16.992405692691733,23.42712918020264
28101,2021-04-18,3,2021-03-21,spatial,19.99227647781254,1.5081042401563312,17.205412236833258,23.23054590401733
28103,2021-03-28,0,2021-03-21,spatial,7.999918328017876,0.6748127786714334,6.766951963138201,9.45753621476525
28103,2021-04-04,1,2021-03-21,spatial,8.018180628411057,0.6128483906700329,6.888302538713237,9.333390952052497
28103,2021-04-11,2,2021-03-21,spatial,7.9860360281352065,0.5395519965921387,6.979834774107032,9.137289564398447
28103,2021-04-18,3,2021-03-21,spatial,8.01352732355571,0.7621988145620875,6.631550397278841,9.683500285502511
28105,2021-03-28,0,2021-03-21,spatial,17.950007351397726,1.8512607859231291,14.629333454275555,22.024432276582328
28105,2021-04-04,1,2021-03-21,spatial,17.947791481286572,1.3157873851985509,15.503997330850337,20.77678499174997
28105,2021-04-11,2,2021-03-21,spatial,18.07756530719204,1.6882616689520682,15.016960576326875,21.761951479779917
28105,2021-04-18,3,2021-03-21,spatial,17.890503607192738,1.5569400403166778,15.047162836217177,21.271127507744925
28107,2021-03-28,0,2021-03-21,spatial,9.01759171604436,0.5496576130142296,7.989448889228513,10.178043753043411
28107,2021-04-04,1,2021-03-21,spatial,8.993418265489076,0.7712648956686466,7.581581649359928,10.668166068601387
28107,2021-04-11,2,2021-03-21,spatial,8.971759024377143,0.7618342966001321,7.576918799479866,10.623376351481854
28107,2021-04-18,3,2021-03-21,spatial,9.018149510978539,0.667298619774104,7.782929327971753,10.449410135342507
28109,2021-03-28,0,2021-03-21,spatial,43.10936950361654,4.028243547127976,35.79752001695036,51.91470632935943
28109,2021-04-04,1,2021-03-21,spatial,43.10237811150209,2.738467176674184,37.99057031011765,48.902003410359995
28109,2021-04-11,2,2021-03-21,spatial,43.18615484195712,4.0312919699261265,35.885435590787026,51.972170306114776
28109,2021-04-18,3,2021-03-21,spatial,42.984553755632426,3.9471487420342797,35.84259280532566,51.54961505174142
28111,2021-03-28,0,2021-03-21,spatial,5.003266474507551,0.3835987285834453,4.299254731287148,5.822561578582415
28111,2021-04-04,1,2021-03-21,spatial,5.010490681657851,0.4687164550446346,4.160137609534806,6.034660202931953
28111,2021-04-11,2,2021-03-21,spatial,5.037606353061316,0.3015297005497441,4.470880653892005,5.676169804781537
28111,2021-04-18,3,2021-03-21,spatial,4.986311443639115,0.44090042508331306,4.185737046823366,5.940005675185838
28113,2021-03-28,0,2021-03-21,spatial,22.005657592988385,1.5484208113674025,19.129545882166525,25.3141903672312
28113,2021-04-04,1,2021-03-21,spatial,21.276997356129048,0.7700596966067436,19.79422464180262,22.87084362661325
28113,2021-04-11,2,2021-03-21,spatial,22.006559184964342,1.7957353828525142,18.70340366718178,25.89307570851947
28113,2021-04-18,3,2021-03-21,spatial,21.944279275778637,2.1100640968257616,18.128839459339208,26.562725871858987
28115,2021-03-28,0,2021-03-21,spatial,6.988112691329925,0.5231340422544287,6.020790788800607,8.110848009793491
28115,2021-04-04,1,2021-03-21,spatial,6.9943417002989365,0.5040396419698511,6.056515843540471,8.077385923577948
28115,2021-04-11,2,2021-03-21,spatial,7.018289970930038,0.5262319201164826,6.0453460936405055,8.147820381677265
28115,2021-04-18,3,2021-03-21,spatial,6.984906594503027,0.6260182478907818,5.840466423031391,8.353599969608053
28117,2021-03-28,0,2021-03-21,spatial,10.312807978764086,0.29109413417077684,9.747095255750567,10.91135416411507
28117,2021-04-04,1,2021-03-21,spatial,10.962274304013471,0.9479699332670692,9.231403615675175,13.017679967148176
28117,2021-04-11,2,2021-03-21,spatial,10.966680327481573,0.8612319374849366,9.386014582379811,12.813540438233314
28117,2021-04-18,3,2021-03-21,spatial,11.016216526173912,0.9155704060657348,9.336564229633792,12.998039060917716
28119,2021-03-28,0,2021-03-21,spatial,2.0002284258037624,0.16015083004382066,1.7031953963624695,2.349063274794065
28119,2021-04-04,1,2021-03-21,spatial,1.9977436867899332,0.1554773385679958,1.7111669238010792,2.3323147394900103
28119,2021-04-11,2,2021-03-21,spatial,1.9982278590585334,0.1556407050857167,1.7113809502702757,2.3331535717322627
28119,2021-04-18,3,2021-03-21,spatial,2.002801491662833,0.13534372883295448,1.7503160597443117,2.291708284727064
28121,2021-03-28,0,2021-03-21,spatial,93.47736713108897,6.926037221475747,80.57200172580444,108.44980860096848
28121,2021-04-04,1,2021-03-21,spatial,94.05824972764408,8.824398944001029,78.0614708423892,113.333175078015
28121,2021-04-11,2,2021-03-21,spatial,93.96044763201955,6.45066935504062,81.90335186565656,107.79248367869856
28121,2021-04-18,3,2021-03-21,spatial,93.80469255522756,6.246556010585933,82.10977003965999,107.16532686829578
28123,2021-03-28,0,2021-03-21,spatial,31.18056315469736,2.126850304110235,27.212833969259393,35.72680154306363
28123,2021-04-04,1,2021-03-21,spatial,31.021117614651974,2.700590092062591,26.104359386415076,36.86394765783316
28123,2021-04-11,2,2021-03-21,spatial,31.0037356013888,2.6133613815281103,26.226028410141772,36.65181804154186
28123,2021-04-18,3,2021-03-21,spatial,30.983752854324237,3.0271497570668195,25.518991349596764,37.61876509092569
28125,2021-03-28,0,2021-03-21,spatial,1.9921118140960201,0.16032603733796555,1.6976229154134477,2.3376860926116945
28125,2021-04-04,1,2021-03-21,spatial,1.8179417740610224,0.13461373893765272,1.5696751720620292,2.105475293677854
28125,2021-04-11,2,2021-03-21,spatial,2.197010827047332,0.12149978969248328,1.967941011393578,2.452744541740664
28125,2021-04-18,3,2021-03-21,spatial,2.000471002839816,0.0195587244567786,1.961724411345788,2.0399828895729306
28127,2021-03-28,0,2021-03-21,spatial,21.948238015223733,1.2808235273992559,19.539473259381875,24.653947707705587
28127,2021-04-04,1,2021-03-21,spatial,22.078184777188202,1.7697855594025336,18.83319203234609,25.882295588473454
28127,2021-04-11,2,2021-03-21,spatial,22.015846770255415,1.8812682874100568,18.568327133782716,26.103455928968426
28127,2021-04-18,3,2021-03-21,spatial,21.994150265242716,1.8759505544453288,18.57258261869315,26.046062404008
28129,2021-03-28,0,2021-03-21,spatial,7.020410699977301,0.5619550088763079,5.9851363668309245,8.234760810045229
28129,2021-04-04,1,2021-03-21,spatial,7.071850975947162,0.3845362979510297,6.344854245311719,7.882147373670336
28129,2021-04-11,2,2021-03-21,spatial,7.00636017622171,0.5334840715074413,6.025171834289695,8.147333266011756
28129,2021-04-18,3,2021-03-21,spatial,6.981073905840162,0.5692780218193599,5.936195456681763,8.209869980602813
28131,2021-03-28,0,2021-03-21,spatial,7.029953457673615,0.6522772997628721,5.843802768539393,8.45686406172284
28131,2021-04-04,1,2021-03-21,spatial,6.989696249394735,0.5478761838965579,5.979145064839468,8.171043373090424
28131,2021-04-11,2,2021-03-21,spatial,7.031373721091009,0.5831574642055888,5.959426881730543,8.296136086041283
28131,2021-04-18,3,2021-03-21,spatial,6.987427926736302,0.6036537773602209,5.889707598271634,8.28974074123172
28133,2021-03-28,0,2021-03-21,spatial,18.047579572012282,1.3142505485929588,15.617327367913342,20.85600952934588
28133,2021-04-04,1,2021-03-21,spatial,18.013927628292556,1.3506695323552511,15.519451770861806,20.909346115345553
28133,2021-04-11,2,2021-03-21,spatial,17.958748074447094,1.4317647411421337,15.320072961978946,21.05189924368328
28133,2021-04-18,3,2021-03-21,spatial,17.983272540418607,1.3204072186673823,15.522084902344902,20.834707018908166
28135,2021-03-28,0,2021-03-21,spatial,6.96956607000093,0.3862766857006658,6.238356863650626,7.786481643450369
28135,2021-04-04,1,2021-03-21,spatial,6.974192338472624,0.5127033536924855,6.025049383863316,8.072856448991002
28135,2021-04-11,2,2021-03-21,spatial,7.020817501692053,0.5399755888304382,6.024710632882668,8.18161757396812
28135,2021-04-18,3,2021-03-21,spatial,7.000480923778088,0.4437366144305971,6.168897359027634,7.944164136961027
28137,2021-03-28,0,2021-03-21,spatial,27.92186237591387,2.141449243784457,23.992103770105697,32.49529120122008
28137,2021-04-04,1,2021-03-21,spatial,28.069609391583683,2.7832346977410904,23.05505777077828,34.17484264102475
28137,2021-04-11,2,2021-03-21,spatial,35.57660618150487,0.3352387467970657,34.912593913030584,36.253247482751185
28137,2021-04-18,3,2021-03-21,spatial,35.572953990731456,0.34932004061387817,34.881907943334554,36.27769036264842
28139,2021-03-28,0,2021-03-21,spatial,0.9583846202058496,0.039088835192675135,0.8834303275397111,1.039698379842889
28139,2021-04-04,1,2021-03-21,spatial,0.998478223927454,0.07693528843805518,0.8565869456848958,1.1638734032541098
28139,2021-04-11,2,2021-03-21,spatial,1.0005535762865518,0.09664824985601292,0.8256903328432827,1.2124490492367437
28139,2021-04-18,3,2021-03-21,spatial,1.00419943975681,0.08615688830235646,0.8469263389276088,1.1906779473699731
28141,2021-03-28,0,2021-03-21,spatial,28.689965960220512,1.1391060734530334,26.507571746607013,31.05203881619112
28141,2021-04-04,1,2021-03-21,spatial,29.88710536282052,2.564292114018088,25.188018038303234,35.462856410932886
28141,2021-04-11,2,2021-03-21,spatial,26.570386315394376,1.319226091283742,24.065079875745955,29.33650885824925
28141,2021-04-18,3,2021-03-21,spatial,29.99524245400176,2.758629850674895,25.010157096361798,35.97396715293845
28143,2021-03-28,0,2021-03-21,spatial,5.988163417077223,0.1746567722034168,5.649029274976238,6.347657157392376
28143,2021-04-04,1,2021-03-21,spatial,5.987876522906072,0.17192129100215678,5.654056120097753,6.341405973336859
28143,2021-04-11,2,2021-03-21,spatial,4.998852329377449,0.4689930851318051,4.146070172527765,6.027038513843437
28143,2021-04-18,3,2021-03-21,spatial,4.990134730059902,0.4054322578028092,4.249650133240918,5.859645816339091
28145,2021-03-28,0,2021-03-21,spatial,4.9824073613976525,0.2819592286587457,4.449949201865602,5.578576740719225
28145,2021-04-04,1,2021-03-21,spatial,4.984056231094373,0.4521602737033931,4.1587614983076735,5.9731284241279825
28145,2021-04-11,2,2021-03-21,spatial,4.990932065127999,0.4546268365773999,4.166149368835331,5.9789989924644455
28145,2021-04-18,3,2021-03-21,spatial,4.983319796584582,0.4670505115861685,4.135786698082985,6.004535051709168
28147,2021-03-28,0,2021-03-21,spatial,10.98549386806598,0.6364783150295668,9.787583326797456,12.330017686276257
28147,2021-04-04,1,2021-03-21,spatial,11.038297999448247,0.8573464233708206,9.451332862755065,12.891729081384364
28147,2021-04-11,2,2021-03-21,spatial,11.576730346751079,0.1199918824560142,11.339266185814672,11.819167424524009
28147,2021-04-18,3,2021-03-21,spatial,11.010089523188924,0.8851126486858201,9.386272754691037,12.914825136319484
28149,2021-03-28,0,2021-03-21,spatial,31.94245187875825,1.85253289332769,28.45111493520568,35.8622231272994
28149,2021-04-04,1,2021-03-21,spatial,30.37893882675268,1.0677172406589197,28.316798001210703,32.591252874005136
28149,2021-04-11,2,2021-03-21,spatial,25.23837684197317,0.8142572413740079,23.661399944994564,26.920455556231623
28149,2021-04-18,3,2021-03-21,spatial,25.25134016901857,0.7638500168374911,23.768577740156797,26.826602218365828
28151,2021-03-28,0,2021-03-21,spatial,3.881052916709712,0.07087723560185498,3.742016223919619,4.02525559510362
28151,2021-04-04,1,2021-03-21,spatial,3.999113317878632,0.3233532645751933,3.4036226929692344,4.698789722571286
28151,2021-04-11,2,2021-03-21,spatial,4.024916373590571,0.3119679060599629,3.448721195675704,4.697379374914483
28151,2021-04-18,3,2021-03-21,spatial,3.9826914518634178,0.28440258825311004,3.4551422867199486,4.590789578105613
28153,2021-03-28,0,2021-03-21,spatial,4.984360367636071,0.36332408759113455,4.311443653619294,5.762303829160723
28153,2021-04-04,1,2021-03-21,spatial,5.001364101021612,0.4206207071414447,4.22845902505771,5.915545763304714
28153,2021-04-11,2,2021-03-21,spatial,5.00286273920692,0.3930950563893946,4.280531281539578,5.847086247280714
28153,2021-04-18,3,2021-03-21,spatial,5.034667568569749,0.15081137303638698,4.742096544636562,5.3452892169977355
28155,2021-03-28,0,2021-03-21,spatial,0.9973517158061519,0.06961979612288745,0.8679322220226262,1.1460692664496377
28155,2021-04-04,1,2021-03-21,spatial,0.9992013144258612,0.07300759166788194,0.8638056617518571,1.1558193132533288
28155,2021-04-11,2,2021-03-21,spatial,0.9993772632228531,0.08839399985930595,0.8384817470512522,1.191146876791524
28155,2021-04-18,3,2021-03-21,spatial,1.004391945543621,0.09718843658443717,0.8283577795557527,1.2178351011732151
28157,2021-03-28,0,2021-03-21,spatial,2.9999300800482795,0.2158816905447472,2.59778339658407,3.4643305893064005
28157,2021-04-04,1,2021-03-21,spatial,3.4218988624102247,0.03455107083771843,3.3534743266193154,3.491719537441276
28157,2021-04-11,2,2021-03-21,spatial,3.4230171901279864,0.03394054657577373,3.355814348522129,3.491565821891124
28157,2021-04-18,3,2021-03-21,spatial,3.422126367558968,0.033652125041823966,3.355473952003575,3.4901027524143498
28159,2021-03-28,0,2021-03-21,spatial,9.041985668195057,0.6843552992423226,7.775200241496719,10.515163890892484
28159,2021-04-04,1,2021-03-21,spatial,8.23733628780313,0.3494785005716269,7.569582378814277,8.963996390113541
28159,2021-04-11,2,2021-03-21,spatial,8.209432996124681,0.35543112951509115,7.5323583909534415,8.947369020412458
28159,2021-04-18,3,2021-03-21,spatial,9.014893531331094,0.7578649454765299,7.627440544809321,10.654728136365543
28161,2021-03-28,0,2021-03-21,spatial,28.973040436504355,2.193359406581985,24.932332110756608,33.66861424780864
28161,2021-04-04,1,2021-03-21,spatial,30.47760398676732,0.6259083309975892,29.25215741978149,31.75438759761584
28161,2021-04-11,2,2021-03-21,spatial,29.001035023963443,2.8131236130947985,23.927100420537013,35.150938378611826
28161,2021-04-18,3,2021-03-21,spatial,30.268618703839532,0.2949960661734486,29.68438252388823,30.864353587315808
28163,2021-03-28,0,2021-03-21,spatial,25.516001294592492,1.0618141508518422,23.47972013257753,27.728879151430235
28163,2021-04-04,1,2021-03-21,spatial,25.94928628551088,2.0578138621147435,22.147050775970122,30.404294708982864
28163,2021-04-11,2,2021-03-21,spatial,25.94424216755836,2.0206263672647653,22.214872014565916,30.2996884793021
28163,2021-04-18,3,2021-03-21,spatial,25.992446935749804,2.0093590444174443,22.2929550323975,30.305865540298928
29001,2021-03-28,0,2021-03-21,spatial,27.044479074981588,1.1850845705591069,24.77580681858985,29.520889220379626
29001,2021-04-04,1,2021-03-21,spatial,27.02280659900445,1.5749984317229302,24.06802778349916,30.34033710846218
29001,2021-04-11,2,2021-03-21,spatial,27.45191077614202,0.7113383943029639,26.067784921112523,28.90952981014161
29001,2021-04-18,3,2021-03-21,spatial,26.993967380430398,0.7972482556294312,25.447730182366875,28.634155962587577
29003,2021-03-28,0,2021-03-21,spatial,9.015000981998046,0.32579045380276683,8.388308786346514,9.688513474576386
29003,2021-04-04,1,2021-03-21,spatial,8.987239658410257,0.5284999229879581,7.990026963436116,10.108911652904698
29003,2021-04-11,2,2021-03-21,spatial,9.025748130530516,0.6274289522721264,7.865537513676327,10.357096279069047
29003,2021-04-18,3,2021-03-21,spatial,9.017564287044953,0.6492967243087813,7.816153690941774,10.403642109190748
29005,2021-03-28,0,2021-03-21,spatial,6.019031251960961,0.5794962650344319,4.9708618880007425,7.288220439102517
29005,2021-04-04,1,2021-03-21,spatial,6.007925451606871,0.25607188769015626,5.518396281560052,6.540880065587009
29005,2021-04-11,2,2021-03-21,spatial,6.014923775175031,0.43339513549656256,5.2095899990774726,6.944751511649205
29005,2021-04-18,3,2021-03-21,spatial,6.004196845503772,0.3728998074856425,5.3050922116623696,6.795429432933633
29007,2021-03-28,0,2021-03-21,spatial,18.968373984537077,1.010774719018085,17.05339717877889,21.098389244401947
29007,2021-04-04,1,2021-03-21,spatial,19.020719201137112,0.8627748577922351,17.372256409547955,20.825605517177614
29007,2021-04-11,2,2021-03-21,spatial,18.986959209470843,1.3658360163320031,16.46114943680952,21.900330921968845
29007,2021-04-18,3,2021-03-21,spatial,18.964776142605366,1.5989789261123353,16.03950084963521,22.423561525439464
29009,2021-03-28,0,2021-03-21,spatial,5.0005284511172485,0.21897628918635925,4.581362890214913,5.458044994392503
29009,2021-04-04,1,2021-03-21,spatial,5.00318083346079,0.21091384783236186,4.599729253636999,5.442019969439889
29009,2021-04-11,2,2021-03-21,spatial,4.9856914168797335,0.2780025866942166,4.461305856378796,5.571713687553481
29009,2021-04-18,3,2021-03-21,spatial,4.9980048067864935,0.21558473196635794,4.584745948642741,5.448513904255903
29011,2021-03-28,0,2021-03-21,spatial,1.0000950043250472,0.04757301647412225,0.909873123877316,1.0992631735441591
29011,2021-04-04,1,2021-03-21,spatial,0.9998742460063909,0.056274124036520747,0.8939924843507197,1.1182963227626417
29011,2021-04-11,2,2021-03-21,spatial,0.997711561759256,0.06561549489320354,0.8750294863106708,1.1375940765894104
29011,2021-04-18,3,2021-03-21,spatial,1.142773012893514,0.013601003269204538,1.1158709046561903,1.1703236938506678
29013,2021-03-28,0,2021-03-21,spatial,7.004819872375124,0.5254296969095018,6.030535863470815,8.136507692731163
29013,2021-04-04,1,2021-03-21,spatial,7.010064874418321,0.5089021425826629,6.068358942204872,8.097907525176598
29013,2021-04-11,2,2021-03-21,spatial,6.714164844295036,0.1823570272475522,6.359231791356307,7.088908068682405
29013,2021-04-18,3,2021-03-21,spatial,7.012819232119059,0.2837600932399225,6.4677486387656025,7.603825740476692
29015,2021-03-28,0,2021-03-21,spatial,14.833442166177823,0.7158613164659959,13.471607335802775,16.33294387319155
29015,2021-04-04,1,2021-03-21,spatial,13.990568524346902,0.6006120935758681,12.84162484882808,15.242308503686663
29015,2021-04-11,2,2021-03-21,spatial,14.015561982466233,0.798018739443894,12.50757654935498,15.705358820648836
29015,2021-04-18,3,2021-03-21,spatial,13.994165718951011,0.9110918151247368,12.295813463623366,15.927101915529056
29017,2021-03-28,0,2021-03-21,spatial,4.993315790947946,0.4274054750940802,4.211194482833513,5.920696061359234
29017,2021-04-04,1,2021-03-21,spatial,5.009660013017909,0.29705400397283266,4.449654138675702,5.6401447536998495
29017,2021-04-11,2,2021-03-21,spatial,4.989198501558402,0.2593284109107124,4.496457904616042,5.535935666694111
29017,2021-04-18,3,2021-03-21,spatial,4.995593025239248,0.30849304622229645,4.416098732590669,5.651130372073637
29019,2021-03-28,0,2021-03-21,spatial,101.95575639529223,2.7374919164658245,96.630829167053,107.57411844376914
29019,2021-04-04,1,2021-03-21,spatial,101.81408643348223,2.6055737919711373,96.738546935393,107.1559220670082
29019,2021-04-11,2,2021-03-21,spatial,101.94221646773501,2.6992279410713382,96.67828233138508,107.49276101878851
29019,2021-04-18,3,2021-03-21,spatial,102.05502959186244,3.167095555396002,95.9135498077415,108.5897569829625
29021,2021-03-28,0,2021-03-21,spatial,31.91622513635731,2.5739323730017643,27.18739947250017,37.46755654158822
29021,2021-04-04,1,2021-03-21,spatial,31.99827019760777,1.2643030151276844,29.56705284131725,34.629399863902634
29021,2021-04-11,2,2021-03-21,spatial,31.981468514203172,1.6446576832374942,28.87147048411183,35.426471571229136
29021,2021-04-18,3,2021-03-21,spatial,32.044718777035754,2.3109820560721412,27.753849164469663,36.998976084870186
29023,2021-03-28,0,2021-03-21,spatial,23.94344864160439,2.2224106800442285,19.91396421008338,28.78827775350044
29023,2021-04-04,1,2021-03-21,spatial,23.98203647654434,1.4956393040379916,21.18230744477088,27.151814081722414
29023,2021-04-11,2,2021-03-21,spatial,23.906672563153094,1.5743091099158868,20.966584440409573,27.259041388748606
29023,2021-04-18,3,2021-03-21,spatial,24.01364817085647,1.0179001220532176,22.06718670167134,26.131799502562018
29025,2021-03-28,0,2021-03-21,spatial,0.9986974315350362,0.019809917757771304,0.9598645671507892,1.0391013418854465
29025,2021-04-04,1,2021-03-21,spatial,1.0012360467441774,0.08993209793350175,0.8359181758544273,1.199248503330171
29025,2021-04-11,2,2021-03-21,spatial,0.9994405404081459,0.02858210142796286,0.9438699498480924,1.058282864045082
29025,2021-04-18,3,2021-03-21,spatial,0.9993510703764944,0.0704787330856103,0.8683667272178854,1.1500930776819782
29027,2021-03-28,0,2021-03-21,spatial,29.01124087272947,1.3387092859104048,26.45652907396375,31.812642339535426
29027,2021-04-04,1,2021-03-21,spatial,28.97785797075614,2.208183129673621,24.877825981979107,33.7536026331877
29027,2021-04-11,2,2021-03-21,spatial,28.95735198718173,1.3261661108784992,26.427346435499906,31.729566044631003
29027,2021-04-18,3,2021-03-21,spatial,29.007619462512928,1.8307105000963528,25.582369057656287,32.89148026070447
29029,2021-03-28,0,2021-03-21,spatial,10.017619007903619,0.5242268107757296,9.022006036487873,11.1231016895415
29029,2021-04-04,1,2021-03-21,spatial,9.9609297874051,0.5342439924408232,8.950305208168569,11.085669138864693
29029,2021-04-11,2,2021-03-21,spatial,10.004674947787617,0.3428909318292448,9.342835479224158,10.713398628657117
29029,2021-04-18,3,2021-03-21,spatial,10.03625746551195,0.8603389183814225,8.465209399650867,11.898874458817124
29031,2021-03-28,0,2021-03-21,spatial,22.938381004259792,1.2710738026221282,20.52900449465896,25.630532802186288
29031,2021-04-04,1,2021-03-21,spatial,22.97137578872509,0.8702373568756563,21.29578471510972,24.778805415534855
29031,2021-04-11,2,2021-03-21,spatial,23.00582505137933,0.9990474030169212,21.09334709717252,25.091702319999236
29031,2021-04-18,3,2021-03-21,spatial,22.966831186041425,1.284757803595608,20.534384975189642,25.687418219023307
29033,2021-03-28,0,2021-03-21,spatial,4.997267782088461,0.23934313515845615,4.541665335798373,5.498574518263004
29033,2021-04-04,1,2021-03-21,spatial,5.000928776370508,0.251930214243866,4.5211729352044365,5.531593014634322
29033,2021-04-11,2,2021-03-21,spatial,4.98732415615832,0.3681643713078291,4.3022759682492415,5.7814520551832995
29033,2021-04-18,3,2021-03-21,spatial,5.003882673198299,0.32548812242600395,4.394939986579454,5.697197659943857
29035,2021-03-28,0,2021-03-21,spatial,10.004183966904137,0.6229611431148512,8.838771551161413,11.323258697698867
29035,2021-04-04,1,2021-03-21,spatial,9.984568754847157,0.6790193059063062,8.718460011548627,11.434543840106715
29035,2021-04-11,2,2021-03-21,spatial,10.009026032436807,0.6151293417634686,8.855493452010776,11.312819851416647
29035,2021-04-18,3,2021-03-21,spatial,9.99216722801346,0.4373227303860964,9.157594749759424,10.902798020758574
29037,2021-03-28,0,2021-03-21,spatial,62.868031876940364,3.906817061631082,55.54525543094358,71.15620229695017
29037,2021-04-04,1,2021-03-21,spatial,62.9155747188096,3.958233024544152,55.48568331471685,71.34037657509046
29037,2021-04-11,2,2021-03-21,spatial,63.065781499293706,4.506758846742294,54.70229198066159,72.70797350726572
29037,2021-04-18,3,2021-03-21,spatial,60.831889942080956,2.22181574445097,56.559374303054284,65.42715296137244
29039,2021-03-28,0,2021-03-21,spatial,0.9990454212673824,0.056604429139107876,0.8921407314166874,1.1187604361145886
29039,2021-04-04,1,2021-03-21,spatial,1.000046060355861,0.0553883606041141,0.8956200688546992,1.1166477367039973
29039,2021-04-11,2,2021-03-21,spatial,0.9956140712032346,0.06629182430086343,0.8714198576066796,1.1375083665184098
29039,2021-04-18,3,2021-03-21,spatial,1.0008013919608123,0.06965363762869257,0.8716405860326522,1.1491014096872023
29041,2021-03-28,0,2021-03-21,spatial,3.99635078654374,0.19021485354043466,3.6329810487573706,4.396064662812224
29041,2021-04-04,1,2021-03-21,spatial,3.9974826681719113,0.14250231972742206,3.723038675186209,4.292157314625689
29041,2021-04-11,2,2021-03-21,spatial,4.002026485974809,0.1328498058304931,3.7447372603541065,4.2769932523728915
29041,2021-04-18,3,2021-03-21,spatial,4.004256519580109,0.16410704883057148,3.6899584726291264,4.345325399604134
29043,2021-03-28,0,2021-03-21,spatial,48.988143424232454,2.358667343573525,44.498815597080316,53.93038362824716
29043,2021-04-04,1,2021-03-21,spatial,49.03053238119116,2.3412759723195857,44.573750665670815,53.932932941057366
29043,2021-04-11,2,2021-03-21,spatial,48.9246368337944,1.8798540310164649,45.309724681435064,52.82795484077219
29043,2021-04-18,3,2021-03-21,spatial,49.02246155195773,3.3476044760065995,42.79047230284715,56.162075510750405
29045,2021-03-28,0,2021-03-21,spatial,31.083862108370308,2.0203448421152856,27.29780210251784,35.39502850608842
29045,2021-04-04,1,2021-03-21,spatial,31.03461208825708,1.2526808364902655,28.627247686564235,33.644420099827855
29045,2021-04-11,2,2021-03-21,spatial,34.02892970011794,0.9916351198550888,32.10083490470624,36.07283299556179
29045,2021-04-18,3,2021-03-21,spatial,18.09669532647836,0.4677309101761013,17.186592071683805,19.05499242510961
29047,2021-03-28,0,2021-03-21,spatial,58.086305329138746,3.065891024341689,52.28022066027633,64.5371963656149
29047,2021-04-04,1,2021-03-21,spatial,58.03283703913309,1.839988237935276,54.47473056456793,61.8233470805105
29047,2021-04-11,2,2021-03-21,spatial,57.99273890867254,2.6817241514452186,52.8804857667539,63.59922223414763
29047,2021-04-18,3,2021-03-21,spatial,57.92451846024965,3.8641021403457247,50.71353153032179,66.16083987063075
29049,2021-03-28,0,2021-03-21,spatial,4.988674460269047,0.424290544285317,4.210493036877122,5.910679023233584
29049,2021-04-04,1,2021-03-21,spatial,4.961228511156712,0.4402330579452127,4.1620473378874765,5.913865543011202
29049,2021-04-11,2,2021-03-21,spatial,4.984094892158559,0.33443334709790995,4.358721570567501,5.6991944752292945
29049,2021-04-18,3,2021-03-21,spatial,4.987403423366293,0.33237264761294144,4.367010015119584,5.69593218730566
29051,2021-03-28,0,2021-03-21,spatial,22.06484980353529,1.2018523357162845,19.793047332252726,24.597404769463573
29051,2021-04-04,1,2021-03-21,spatial,21.999319874730336,1.1162497945087189,19.880788427698647,24.343605723222733
29051,2021-04-11,2,2021-03-21,spatial,22.00642604532066,1.1317051168416867,19.852264590072785,24.394334716369595
29051,2021-04-18,3,2021-03-21,spatial,21.509090538536363,0.5623440712404693,20.412540720343614,22.66454637535031
29053,2021-03-28,0,2021-03-21,spatial,15.017417989071365,0.5544410157261527,13.949602387861153,16.16697284897042
29053,2021-04-04,1,2021-03-21,spatial,14.965304265277796,0.955114491480864,13.178989449658895,16.993740878830312
29053,2021-04-11,2,2021-03-21,spatial,16.137175754931985,0.16223006390112746,15.81594391716496,16.4649320147718
29053,2021-04-18,3,2021-03-21,spatial,14.991978812732825,0.963258034462442,13.193003670606744,17.03625909103483
29055,2021-03-28,0,2021-03-21,spatial,49.87548487087826,2.7332342615070373,44.71114815681398,55.63632547257904
29055,2021-04-04,1,2021-03-21,spatial,50.011032292180545,2.444282492511661,45.35026951955638,55.150793532792036
29055,2021-04-11,2,2021-03-21,spatial,49.99527193793863,1.9952777017173988,46.155996884809895,54.15389948973319
29055,2021-04-18,3,2021-03-21,spatial,49.86249218193817,3.2553105099142488,43.75899461412239,56.81730461401981
29057,2021-03-28,0,2021-03-21,spatial,2.9991747478446946,0.1576716419888697,2.7011782038705774,3.330046553470661
29057,2021-04-04,1,2021-03-21,spatial,3.5143760503522783,0.03509371007044403,3.4448559834039414,3.585299090235269
29057,2021-04-11,2,2021-03-21,spatial,2.0398707434597685,0.020085046338045868,2.0000935203276256,2.080439043341085
29057,2021-04-18,3,2021-03-21,spatial,2.9329605671499577,0.12278652694009533,2.698090352346078,3.1882763603437727
29059,2021-03-28,0,2021-03-21,spatial,2.9935165091156275,0.17808207503750118,2.658680864414829,3.3705215282843435
29059,2021-04-04,1,2021-03-21,spatial,2.9943966959008845,0.17404184405654646,2.6668499400296324,3.3621732658578103
29059,2021-04-11,2,2021-03-21,spatial,3.0062527414571627,0.1175863006645218,2.7804061497967085,3.2504443806454297
29059,2021-04-18,3,2021-03-21,spatial,2.9934078962829007,0.1930169249839302,2.6320319870830824,3.404400431872858
29061,2021-03-28,0,2021-03-21,spatial,1.001143464602021,0.062006129636094864,0.8845663519591174,1.1330842898279965
29061,2021-04-04,1,2021-03-21,spatial,1.0001212432245563,0.058615746674483764,0.8895667029171793,1.1244154011935368
29061,2021-04-11,2,2021-03-21,spatial,0.999931720226282,0.049607698365141714,0.9057581501794604,1.1038967133959383
29061,2021-04-18,3,2021-03-21,spatial,0.9975727435390718,0.06438499452162866,0.8775228777909391,1.1340460788409843
29063,2021-03-28,0,2021-03-21,spatial,2.0003480478107623,0.04752738130274595,1.9075369831189544,2.097674827692083
29063,2021-04-04,1,2021-03-21,spatial,2.0000676394435453,0.03919313730704877,1.923128321094307,2.0800850980516072
29063,2021-04-11,2,2021-03-21,spatial,1.9969204570564048,0.10470271272179134,1.7986895996679175,2.216998037096888
29063,2021-04-18,3,2021-03-21,spatial,2.004301092159695,0.08867008111424088,1.8351845723084848,2.189002092023512
29065,2021-03-28,0,2021-03-21,spatial,2.9955551380766527,0.1326084581568351,2.741770347630432,3.2728308528876715
29065,2021-04-04,1,2021-03-21,spatial,2.997423829406561,0.15393658923190495,2.705777782414399,3.3205053539456837
29065,2021-04-11,2,2021-03-21,spatial,2.9083004208994008,0.07350249191454143,2.7651090448994973,3.0589069728753
29065,2021-04-18,3,2021-03-21,spatial,3.0010797593987135,0.1550126070278441,2.7076867503344513,3.3262635425461133
29067,2021-03-28,0,2021-03-21,spatial,5.015850120779074,0.33043309138904137,4.3988365503559415,5.719410609172026
29067,2021-04-04,1,2021-03-21,spatial,4.989617111102955,0.3251909348769131,4.385046013982644,5.677541087601902
29067,2021-04-11,2,2021-03-21,spatial,4.980269962180213,0.4266865800240921,4.196538331866462,5.910368721727611
29067,2021-04-18,3,2021-03-21,spatial,5.000763456236268,0.2798527625954124,4.474474485473874,5.588954686503182
29069,2021-03-28,0,2021-03-21,spatial,11.997054564228318,0.7136632487787872,10.652363167850416,13.511491858582175
29069,2021-04-04,1,2021-03-21,spatial,12.012668920197248,0.6305378322610294,10.817798923061948,13.33951718021285
29069,2021-04-11,2,2021-03-21,spatial,19.319201186739885,0.5401878702313583,18.269984554922498,20.42867268835056
29069,2021-04-18,3,2021-03-21,spatial,12.027875068881006,0.6178439531774256,10.854320240432985,13.32831310188415
29071,2021-03-28,0,2021-03-21,spatial,72.1274461499684,4.15985241565552,64.27903606298773,80.93413975621439
29071,2021-04-04,1,2021-03-21,spatial,71.78168587644556,3.967767378981108,64.28696369411574,80.15016001971064
29071,2021-04-11,2,2021-03-21,spatial,71.99135825361668,3.2227670028450137,65.83016668854945,78.72918942649544
29071,2021-04-18,3,2021-03-21,spatial,71.84413601357295,3.897424887672188,64.46683895698722,80.06565798860741
29073,2021-03-28,0,2021-03-21,spatial,5.0056685579037925,0.22480251032125725,4.577750158361273,5.47358786407783
29073,2021-04-04,1,2021-03-21,spatial,9.202760887556977,0.09027132376129357,9.023922232604,9.385143817790807
29073,2021-04-11,2,2021-03-21,spatial,4.995220631183916,0.2663601100374356,4.491683050146674,5.555207007179775
29073,2021-04-18,3,2021-03-21,spatial,4.999202209465642,0.24725963349438695,4.530082271073816,5.516902615810992
29075,2021-03-28,0,2021-03-21,spatial,2.003276874563418,0.06559194023167683,1.876424976114639,2.1387043379001582
29075,2021-04-04,1,2021-03-21,spatial,2.0435848606418703,0.049764571410013066,1.9465900540627616,2.1454127302912864
29075,2021-04-11,2,2021-03-21,spatial,1.8873890820225696,0.043458744408358826,1.8024242176820329,1.9763591234471616
29075,2021-04-18,3,2021-03-21,spatial,2.0019380794633017,0.17017233776599913,1.6912905781092975,2.369643706337858
29077,2021-03-28,0,2021-03-21,spatial,132.9881857027643,7.001033524964908,119.70256930976257,147.74835359419902
29077,2021-04-04,1,2021-03-21,spatial,133.01600300095234,4.445033255317479,124.40744796509505,142.22023957370746
29077,2021-04-11,2,2021-03-21,spatial,132.88920846491519,5.831225806339336,121.76879243865791,145.02518562239854
29077,2021-04-18,3,2021-03-21,spatial,133.34768001542486,6.171129251426848,121.56869515934956,146.26794950943906
29079,2021-03-28,0,2021-03-21,spatial,0.9969172873305502,0.06361694713642302,0.8778990463937882,1.1320710301041912
29079,2021-04-04,1,2021-03-21,spatial,1.0017025880898436,0.08245741382519478,0.8500576397191145,1.1804000435987472
29079,2021-04-11,2,2021-03-21,spatial,1.0023748693822323,0.05678045247036365,0.8948869561225361,1.1227735211635683
29079,2021-04-18,3,2021-03-21,spatial,0.8492042348993163,0.02315623722059975,0.8041977005079479,0.8967295381663504
29081,2021-03-28,0,2021-03-21,spatial,1.000425663683966,0.06870209893031562,0.8730526943619566,1.1463815586628998
29081,2021-04-04,1,2021-03-21,spatial,1.0003015269367457,0.06616257249124366,0.8766484628167114,1.1413961094245255
29081,2021-04-11,2,2021-03-21,spatial,1.0036359366376515,0.06970487928834213,0.8736727969022574,1.1529317347203918
29081,2021-04-18,3,2021-03-21,spatial,1.0004938532412144,0.07590959363461264,0.8604375794798954,1.1633475504155864
29083,2021-03-28,0,2021-03-21,spatial,11.990240254829915,0.5024873407940103,11.027462369677755,13.037075670632724
29083,2021-04-04,1,2021-03-21,spatial,11.98483132558203,0.6165210325131011,10.813400767141108,13.283164565501206
29083,2021-04-11,2,2021-03-21,spatial,11.989508253088053,0.7032513521143506,10.665011514729198,13.478495353928034
29083,2021-04-18,3,2021-03-21,spatial,11.977898969879538,0.6964350067860542,10.66312845215257,13.454781528368347
29085,2021-03-28,0,2021-03-21,spatial,4.031047954566858,0.14021229150375872,3.7606107419779176,4.32093314807456
29085,2021-04-04,1,2021-03-21,spatial,4.010583872262506,0.22619251530782125,3.583424229076773,4.4886627896123175
29085,2021-04-11,2,2021-03-21,spatial,2.6963222533528315,0.02659987788378802,2.6436660145944173,2.75002729308114
29085,2021-04-18,3,2021-03-21,spatial,3.3892077964687126,0.08586430788332099,3.2217730907233517,3.5653440401245997
29087,2021-03-28,0,2021-03-21,spatial,0.9986196046652421,0.07590411032811165,0.8594131881657893,1.1603744607993922
29087,2021-04-04,1,2021-03-21,spatial,1.0011079010574095,0.05562407167692104,0.8962424266683188,1.1182432339040254
29087,2021-04-11,2,2021-03-21,spatial,0.8680594560228659,0.008901190688420536,0.8504407105376863,0.8860432124825032
29087,2021-04-18,3,2021-03-21,spatial,0.8682761011005377,0.008658978136534028,0.851120441755123,0.8857775595046249
29089,2021-03-28,0,2021-03-21,spatial,8.998678801448149,0.4404093055312246,8.160965766060228,9.922382043114998
29089,2021-04-04,1,2021-03-21,spatial,9.266610513917163,0.5947012627354361,8.155180468282643,10.529511977154698
29089,2021-04-11,2,2021-03-21,spatial,9.00488196567866,0.4889262980425762,8.078677433869888,10.037274031494738
29089,2021-04-18,3,2021-03-21,spatial,8.990988367143283,0.377876405288207,8.267895872566413,9.77732098517748
29091,2021-03-28,0,2021-03-21,spatial,20.059471017214566,1.4333077121831272,17.399178626142515,23.126515689992736
29091,2021-04-04,1,2021-03-21,spatial,19.52879733062827,0.2335850860145736,19.067176906073325,20.001593684237413
29091,2021-04-11,2,2021-03-21,spatial,21.45833915407228,0.2687869735033986,20.927943013450697,22.002177612737512
29091,2021-04-18,3,2021-03-21,spatial,19.2467465426551,0.6317679616057572,18.025835661147692,20.550351142700954
29093,2021-03-28,0,2021-03-21,spatial,1.9904037485909165,0.13438360067708335,1.7402120747371999,2.2765656783544923
29093,2021-04-04,1,2021-03-21,spatial,1.6582379979463422,0.02387767510193513,1.611170686829472,1.7066802917350554
29093,2021-04-11,2,2021-03-21,spatial,1.6569961608141357,0.024561617413429885,1.6085439227751668,1.706907867468008
29093,2021-04-18,3,2021-03-21,spatial,1.5413180885644642,0.0263690183549095,1.489528044264066,1.5949088432972474
29095,2021-03-28,0,2021-03-21,spatial,213.70082745072915,11.56253970873047,191.82715885237099,238.06870688353456
29095,2021-04-04,1,2021-03-21,spatial,213.0904569825504,10.761072367388596,192.629966308983,235.72419041073482
29095,2021-04-11,2,2021-03-21,spatial,212.56983058029368,12.09117767842813,189.80356486538827,238.06682927679125
29095,2021-04-18,3,2021-03-21,spatial,212.52155848019945,11.79653089473667,190.27159645847095,237.37338446472077
29097,2021-03-28,0,2021-03-21,spatial,51.02277525606125,2.9253239436935066,45.525976902280256,57.18325606539909
29097,2021-04-04,1,2021-03-21,spatial,51.097694281641395,4.3144816826545815,43.19565502032219,60.44530079869622
29097,2021-04-11,2,2021-03-21,spatial,50.88438395425575,2.845635818367534,45.505321314449205,56.89929123919783
29097,2021-04-18,3,2021-03-21,spatial,50.96864169556189,2.81965868735472,45.6498900811294,56.90709072187757
29099,2021-03-28,0,2021-03-21,spatial,249.05787237938696,10.035370075412567,229.82566849673583,269.899459881384
29099,2021-04-04,1,2021-03-21,spatial,248.6802942541756,7.200262831794017,234.68608135317885,263.50897502642067
29099,2021-04-11,2,2021-03-21,spatial,243.93739404121789,9.849815428242145,225.02999446584752,264.43342521012886
29099,2021-04-18,3,2021-03-21,spatial,261.8716897272107,5.8160627166895935,250.49975066299518,273.75988079462365
29101,2021-03-28,0,2021-03-21,spatial,14.017456761935644,0.5746490909159809,12.917122579445696,15.211521982875466
29101,2021-04-04,1,2021-03-21,spatial,13.97372532475156,1.1339720571028655,11.888094425106564,16.425256434641145
29101,2021-04-11,2,2021-03-21,spatial,13.960401985841838,0.5329224539558972,12.934832394267636,15.067286352521114
29101,2021-04-18,3,2021-03-21,spatial,14.015707092666936,0.7901419799170779,12.51752429570154,15.693202638711147
29103,2021-03-28,0,2021-03-21,spatial,20.990116068858455,1.096315039830212,18.915076275440818,23.292793862861746
29103,2021-04-04,1,2021-03-21,spatial,20.982786871512914,0.8711360862488687,19.31301886997345,22.796919935694127
29103,2021-04-11,2,2021-03-21,spatial,21.04220950797444,0.9478028239442952,19.230439067818434,23.02467350932511
29103,2021-04-18,3,2021-03-21,spatial,21.0421821874543,1.9663170099586635,17.47171355693098,25.34230141578598
29105,2021-03-28,0,2021-03-21,spatial,6.9808165620109115,0.3416074047817462,6.32995605647864,7.698600027810526
29105,2021-04-04,1,2021-03-21,spatial,7.0098057112063605,0.3826527853046455,6.284764322658608,7.818491447913992
29105,2021-04-11,2,2021-03-21,spatial,6.993134285513772,0.3120099510390921,6.39788513544594,7.643764478403617
29105,2021-04-18,3,2021-03-21,spatial,6.993796526528148,0.3230740987721426,6.3775483930280075,7.669591328848168
29107,2021-03-28,0,2021-03-21,spatial,14.009232954168356,0.2915313257758278,13.437411392492676,14.605388064088292
29107,2021-04-04,1,2021-03-21,spatial,13.987975657898776,0.4287139919837624,13.15517011004708,14.873503069073465
29107,2021-04-11,2,2021-03-21,spatial,14.000370728006608,0.4938907572819693,13.04650989712594,15.02397055359641
29107,2021-04-18,3,2021-03-21,spatial,13.99358531520176,0.9483287315753508,12.227022665711058,16.01538128517426
29109,2021-03-28,0,2021-03-21,spatial,9.953862064596104,0.5537700167292124,8.906747746116178,11.124079498513849
29109,2021-04-04,1,2021-03-21,spatial,9.994386491265203,0.7314540473475775,8.643588203021956,11.556284148504643
29109,2021-04-11,2,2021-03-21,spatial,10.966860843300127,0.3995183173447299,10.19700420932396,11.794840355791461
29109,2021-04-18,3,2021-03-21,spatial,8.988502390784074,0.11002814133798662,8.771266543405781,9.211118466109221
29111,2021-03-28,0,2021-03-21,spatial,34.09195706775021,1.5779965215077039,31.089114683425517,37.38483866602218
29111,2021-04-04,1,2021-03-21,spatial,33.93815265798837,2.0974791229138536,29.994190819948173,38.40070941573459
29111,2021-04-11,2,2021-03-21,spatial,22.800036213912183,0.4947475933993556,21.833429904929904,23.809435971318845
29111,2021-04-18,3,2021-03-21,spatial,24.081472939054237,0.6128553583532632,22.885227520940226,25.34024791249164
29113,2021-03-28,0,2021-03-21,spatial,61.26386324472293,3.515095916046924,54.63656595641264,68.69503736128563
29113,2021-04-04,1,2021-03-21,spatial,61.32467647038993,3.691852046772638,54.411527441521464,69.1161619794594
29113,2021-04-11,2,2021-03-21,spatial,61.49868844067785,1.6367490459029088,58.313192813794096,64.85819927577185
29113,2021-04-18,3,2021-03-21,spatial,60.97042637501243,2.795458085298085,55.63399642202069,66.81872832129345
29115,2021-03-28,0,2021-03-21,spatial,15.956588822489806,0.9354541612321408,14.191044186318019,17.941789448833216
29115,2021-04-04,1,2021-03-21,spatial,15.987576391821172,1.0411090343249676,14.043260149798716,18.20108693834752
29115,2021-04-11,2,2021-03-21,spatial,3.7145221113764637,0.03852886908505604,3.638262287142061,3.792380380234504
29115,2021-04-18,3,2021-03-21,spatial,15.994814055010195,1.1302416125192258,13.888620543364851,18.420409417591426
29117,2021-03-28,0,2021-03-21,spatial,5.997196577469334,0.3743249018158397,5.2916500188873234,6.796815106901678
29117,2021-04-04,1,2021-03-21,spatial,6.023536842643198,0.3400870860231913,5.380207958021922,6.7437906448545
29117,2021-04-11,2,2021-03-21,spatial,6.01770063629345,0.3454361157400643,5.365942402384407,6.748622745550741
29117,2021-04-18,3,2021-03-21,spatial,5.9905977642171315,0.28288417953863537,5.451860845473608,6.58257108716166
29119,2021-03-28,0,2021-03-21,spatial,23.94662472813334,0.8377969940900502,22.33132653151516,25.678762748857608
29119,2021-04-04,1,2021-03-21,spatial,24.03319672031845,1.1367752523604382,21.865643985473227,26.415620092472892
29119,2021-04-11,2,2021-03-21,spatial,23.992616329680647,0.8867906751517693,22.280442607680047,25.836364585721192
29119,2021-04-18,3,2021-03-21,spatial,22.555112686902785,0.8423976404886696,20.933966063358504,24.301802476375343
29121,2021-03-28,0,2021-03-21,spatial,15.977777625203322,0.8781478124206411,14.31782360632893,17.83018040029505
29121,2021-04-04,1,2021-03-21,spatial,20.27158999638007,0.8839397713929005,18.57844739702568,22.119036763380226
29121,2021-04-11,2,2021-03-21,spatial,11.042697132381404,0.1135367270122788,10.818041105071408,11.272018545052436
29121,2021-04-18,3,2021-03-21,spatial,11.04750897300344,0.10944331891143402,10.830618488715668,11.268742836408816
29123,2021-03-28,0,2021-03-21,spatial,3.0048463813770585,0.15991174859832438,2.702618807475349,3.3408713617697856
29123,2021-04-04,1,2021-03-21,spatial,3.0032906726201154,0.11966170900985112,2.7735606844279967,3.2520488608336207
29123,2021-04-11,2,2021-03-21,spatial,2.989974645234688,0.17079188774355702,2.6684152327073485,3.3502838199870086
29123,2021-04-18,3,2021-03-21,spatial,2.9869506665178114,0.17889081841552132,2.6500142440276324,3.3667269163999887
29125,2021-03-28,0,2021-03-21,spatial,10.00820127630064,0.5559245451088389,8.954825979749154,11.185487357706487
29125,2021-04-04,1,2021-03-21,spatial,10.002420474453233,0.5187290369538339,9.020476071819877,11.091256664414225
29125,2021-04-11,2,2021-03-21,spatial,10.033824957793588,0.6157091484512139,8.878936395150037,11.338930565899187
29125,2021-04-18,3,2021-03-21,spatial,9.988808062795787,0.6827382168516358,8.714601033755622,11.44932351221761
29127,2021-03-28,0,2021-03-21,spatial,123.9692636239374,5.115036489010847,114.14069961992024,134.6441573832718
29127,2021-04-04,1,2021-03-21,spatial,16.548745557410655,0.16307603291777012,16.225794406779517,16.87812458720008
29127,2021-04-11,2,2021-03-21,spatial,124.17901709365835,6.206391140242883,112.39477969537062,137.1987945360263
29127,2021-04-18,3,2021-03-21,spatial,123.95720386153135,5.92848468893695,112.64193297458417,136.4091327573027
29129,2021-03-28,0,2021-03-21,spatial,1.0015188441696312,0.07570835238755529,0.8617643640618652,1.1639376575043274
29129,2021-04-04,1,2021-03-21,spatial,1.0014125085698045,0.04633243007971876,0.9129872598958196,1.0984019781771113
29129,2021-04-11,2,2021-03-21,spatial,0.9994347517841004,0.06267015150410929,0.8820730490422898,1.1324116796882848
29129,2021-04-18,3,2021-03-21,spatial,1.0016471265713809,0.04919029012774102,0.9080983957026632,1.1048328803536522
29131,2021-03-28,0,2021-03-21,spatial,6.996431325116321,0.405325488728935,6.235411893382069,7.850331641927595
29131,2021-04-04,1,2021-03-21,spatial,6.992583421905012,0.3678459512217363,6.294466098651606,7.768128725449062
29131,2021-04-11,2,2021-03-21,spatial,7.001013984834814,0.3034184951188393,6.418499870469075,7.636394454312048
29131,2021-04-18,3,2021-03-21,spatial,7.004508917969353,0.2987258638479467,6.4333154409595705,7.626416834706634
29133,2021-03-28,0,2021-03-21,spatial,19.041174685051626,0.907392455876178,17.312847756724302,20.94203902681639
29133,2021-04-04,1,2021-03-21,spatial,18.96546670131717,1.1705562128579698,16.76830721854929,21.45052106397947
29133,2021-04-11,2,2021-03-21,spatial,18.977610171252508,0.6498545642439012,17.72321609606401,20.320786355023287
29133,2021-04-18,3,2021-03-21,spatial,19.055434288424674,1.0936672879449467,16.997736492424036,21.36223114661828
29135,2021-03-28,0,2021-03-21,spatial,2.0022009143834776,0.11088474206361164,1.7930799635655534,2.2357109459783864
29135,2021-04-04,1,2021-03-21,spatial,2.003989591499735,0.10042479207485397,1.8136206910178865,2.2143407950343397
29135,2021-04-11,2,2021-03-21,spatial,1.7768980595287795,0.02987662078285905,1.718113394086345,1.8376940223064613
29135,2021-04-18,3,2021-03-21,spatial,1.9985209928841468,0.11986154961853873,1.772404128425445,2.2534850235013115
29137,2021-03-28,0,2021-03-21,spatial,21.021206077854206,1.0812076185048871,18.96753243977831,23.29723733809939
29137,2021-04-04,1,2021-03-21,spatial,21.007250533512863,0.6456977657676021,19.752539978176,22.341662159163374
29137,2021-04-11,2,2021-03-21,spatial,20.986429379913407,1.0178976157029471,19.044495072464688,23.126379378515782
29137,2021-04-18,3,2021-03-21,spatial,21.02945209283989,1.6982104728518086,17.911225692548655,24.690541167655876
29139,2021-03-28,0,2021-03-21,spatial,5.011576942330441,0.2885235940237133,4.4692385988223515,5.619727587494704
29139,2021-04-04,1,2021-03-21,spatial,5.019289858215673,0.4202589038478529,4.249442989139381,5.92860540667919
29139,2021-04-11,2,2021-03-21,spatial,8.669927228038269,0.2284414083525112,8.22439437472209,9.139595539157163
29139,2021-04-18,3,2021-03-21,spatial,8.670285630382683,0.2355983239844494,8.212179594165008,9.15394653154366
29141,2021-03-28,0,2021-03-21,spatial,7.997272699631986,0.4806337533010946,7.091544628350192,9.018679848195237
29141,2021-04-04,1,2021-03-21,spatial,8.008756585826559,0.5046115628186918,7.068693197970132,9.073838721623824
29141,2021-04-11,2,2021-03-21,spatial,6.703544315438442,0.2005328844095671,6.315437589228559,7.115501618714634
29141,2021-04-18,3,2021-03-21,spatial,7.984078071025242,0.6073209341233017,6.857560297732189,9.295653246433274
29143,2021-03-28,0,2021-03-21,spatial,4.994939975326881,0.29356714583347976,4.442604375323544,5.61594579425081
29143,2021-04-04,1,2021-03-21,spatial,5.000176599541575,0.28029249520196275,4.471752322005282,5.591044455564016
29143,2021-04-11,2,2021-03-21,spatial,4.991279056237577,0.31642489344294905,4.3977095727167566,5.664964046692504
29143,2021-04-18,3,2021-03-21,spatial,2.9736709865027766,0.09783591316496627,2.784233518430656,3.1759976587569536
29145,2021-03-28,0,2021-03-21,spatial,32.991582820035504,1.4779237574846975,30.169562635006088,36.077570965789434
29145,2021-04-04,1,2021-03-21,spatial,32.926053306856105,2.144368827988295,28.914773500876546,37.49380870415826
29145,2021-04-11,2,2021-03-21,spatial,25.927551191551032,0.4844284747770908,24.976197904739337,26.91514190248066
29145,2021-04-18,3,2021-03-21,spatial,32.98244040768156,0.7431203250319532,31.53066566287225,34.50105959948737
29147,2021-03-28,0,2021-03-21,spatial,2.99648804462811,0.1505500997034215,2.7107751602436685,3.3123147700645474
29147,2021-04-04,1,2021-03-21,spatial,2.9985708690789243,0.2253101315080923,2.5829201244269373,3.481109296356436
29147,2021-04-11,2,2021-03-21,spatial,3.00558048078928,0.26259330510886514,2.5256459629639085,3.576714297636739
29147,2021-04-18,3,2021-03-21,spatial,2.9833100913756656,0.27290468240525645,2.4875662925034066,3.577850016751541
29149,2021-03-28,0,2021-03-21,spatial,2.0048098976067217,0.13015920699054578,1.76187898235664,2.281236546772253
29149,2021-04-04,1,2021-03-21,spatial,1.9970911441539363,0.13910484228302303,1.7382458210918377,2.2944815915351247
29149,2021-04-11,2,2021-03-21,spatial,1.999111437067013,0.14431384611873788,1.7316686174918896,2.3078587308468426
29149,2021-04-18,3,2021-03-21,spatial,2.11643732797128,0.05145964604200764,2.0161632249397945,2.22169857470938
29151,2021-03-28,0,2021-03-21,spatial,5.009764367476536,0.3429483622581324,4.369060985211293,5.744424054182392
29151,2021-04-04,1,2021-03-21,spatial,5.013996995620684,0.2472281511764405,4.542407442698118,5.534546644974762
29151,2021-04-11,2,2021-03-21,spatial,4.9931613870799465,0.2810219201063843,4.464408540495006,5.584538334984404
29151,2021-04-18,3,2021-03-21,spatial,5.8653576381799475,0.0578449946481225,5.750805210841171,5.982191877913357
29153,2021-03-28,0,2021-03-21,spatial,3.9967273510235946,0.2599864176350011,3.509513949666057,4.551578864628833
29153,2021-04-04,1,2021-03-21,spatial,4.009781423954411,0.2046540099546893,3.621501700122327,4.439690603306019
29153,2021-04-11,2,2021-03-21,spatial,3.9995421293742077,0.2225539852905926,3.5795690258279738,4.468788596956623
29153,2021-04-18,3,2021-03-21,spatial,3.992940994772807,0.19188591116171475,3.626774639781226,4.396076230614373
29155,2021-03-28,0,2021-03-21,spatial,3.999918653763968,0.2620506714692022,3.509141011815644,4.559334943468351
29155,2021-04-04,1,2021-03-21,spatial,3.9928241141107312,0.2817269326375482,3.4667119382160245,4.598779676637411
29155,2021-04-11,2,2021-03-21,spatial,3.5981142418831187,0.162157367557583,3.2885697076426577,3.9367954000046135
29155,2021-04-18,3,2021-03-21,spatial,3.9999294749075736,0.32501050676017834,3.4032766499791656,4.70118578351023
29157,2021-03-28,0,2021-03-21,spatial,6.9938526491063415,0.4088032382372593,6.2267112755188325,7.855507139013138
29157,2021-04-04,1,2021-03-21,spatial,7.007972598197265,0.3903672008142272,6.272290728958311,7.829943167388874
29157,2021-04-11,2,2021-03-21,spatial,5.2866621438705375,0.08845258509747157,5.11282964445687,5.466404822178031
29157,2021-04-18,3,2021-03-21,spatial,7.0014160202769204,0.4664290419817036,6.130433585696768,7.996143438102162
29159,2021-03-28,0,2021-03-21,spatial,9.988061998757765,0.32285105844796946,9.362638931550617,10.655263245798018
29159,2021-04-04,1,2021-03-21,spatial,9.975068433461765,0.5961968511702429,8.85255441506005,11.239918512443321
29159,2021-04-11,2,2021-03-21,spatial,10.009616212262467,0.6471602637083086,8.795408887807458,11.391445013509069
29159,2021-04-18,3,2021-03-21,spatial,10.002986832954496,0.6625661530358886,8.766073634908349,11.414431334663
29161,2021-03-28,0,2021-03-21,spatial,38.049644305092905,2.6232779042526424,33.178198844937526,43.63634802812683
29161,2021-04-04,1,2021-03-21,spatial,38.093961960152356,2.1448917889930987,34.0253545012812,42.649076228342985
29161,2021-04-11,2,2021-03-21,spatial,31.275850267470307,0.3208732319998781,30.640805950866145,31.92405615967721
29161,2021-04-18,3,2021-03-21,spatial,31.27207339140975,0.30552258472399235,30.667132851945055,31.88894700130703
29163,2021-03-28,0,2021-03-21,spatial,26.03598516769977,1.5665752515766107,23.095229686480003,29.351192122999787
29163,2021-04-04,1,2021-03-21,spatial,25.98631751584229,1.1542594645100406,23.77607546938569,28.4020253428149
29163,2021-04-11,2,2021-03-21,spatial,17.765476303936218,0.5714317674117935,16.659569517758502,18.94479614069788
29163,2021-04-18,3,2021-03-21,spatial,25.980069637350034,1.4536238388646159,23.229014525609692,29.05693728924307
29165,2021-03-28,0,2021-03-21,spatial,39.98250770417425,1.9242975211487192,36.3226753997462,44.01110063400021
29165,2021-04-04,1,2021-03-21,spatial,40.08274594292932,2.6862706323117633,35.08348802086322,45.794378294712274
29165,2021-04-11,2,2021-03-21,spatial,40.080478148409725,1.58472463924914,37.038113001713135,43.37274764864093
29165,2021-04-18,3,2021-03-21,spatial,39.822000058163596,1.9061230797582969,36.19061966690241,43.81775452390618
29167,2021-03-28,0,2021-03-21,spatial,46.005558483596,2.6276074531344094,41.05552484850363,51.552413936920175
29167,2021-04-04,1,2021-03-21,spatial,45.98616208394413,1.7284897753096002,42.66561760119751,49.56513516287237
29167,2021-04-11,2,2021-03-21,spatial,46.06008149648694,2.107803529395249,42.050076415912365,50.452491131745006
29167,2021-04-18,3,2021-03-21,spatial,45.965908163837994,2.1574123696664445,41.855855559838325,50.47954903957885
29169,2021-03-28,0,2021-03-21,spatial,2.9970784494862284,0.13391116120833255,2.7415808596191096,3.2763867608933914
29169,2021-04-04,1,2021-03-21,spatial,3.0080896051579815,0.15176312387982888,2.7196739165424666,3.3270911698719483
29169,2021-04-11,2,2021-03-21,spatial,2.997537973210814,0.17161874300617544,2.675065398768314,3.3588838257853006
29169,2021-04-18,3,2021-03-21,spatial,3.0088774119299355,0.11628213445716895,2.7854252151114163,3.2502553760575674
29171,2021-03-28,0,2021-03-21,spatial,3.0038204534678523,0.12450444291892768,2.764588893608644,3.2637537311719753
29171,2021-04-04,1,2021-03-21,spatial,3.006762779901044,0.16784490022932153,2.690394537834785,3.3603333219201734
29171,2021-04-11,2,2021-03-21,spatial,2.997084310800181,0.13771340348421168,2.734388081716313,3.285018109209457
29171,2021-04-18,3,2021-03-21,spatial,2.9213935892058123,0.12658665636397826,2.6795882569992404,3.185019370330534
29173,2021-03-28,0,2021-03-21,spatial,47.07314429300227,2.8825305482130625,41.66222735669211,53.18680863263735
29173,2021-04-04,1,2021-03-21,spatial,47.211169550081074,4.076080199961721,39.72455209715478,56.10873912021136
29173,2021-04-11,2,2021-03-21,spatial,46.95515903477018,2.7631529871371403,41.759719833455144,52.7969768181785
29173,2021-04-18,3,2021-03-21,spatial,47.010717951975316,2.8063358617628187,41.73996326249776,52.94704234552615
29175,2021-03-28,0,2021-03-21,spatial,18.029479590740827,1.1911215629835945,15.802111241626267,20.57080407437295
29175,2021-04-04,1,2021-03-21,spatial,17.952910685744556,1.2858068397382425,15.55481350650728,20.72072429254684
29175,2021-04-11,2,2021-03-21,spatial,17.974518256156053,1.0880633555168655,15.931058190606052,20.280090793428734
29175,2021-04-18,3,2021-03-21,spatial,18.05493330664584,1.1384429962157026,15.925207588010945,20.46947362575286
29177,2021-03-28,0,2021-03-21,spatial,23.982266748459374,0.9734865827133272,22.117413397790926,26.00435720262414
29177,2021-04-04,1,2021-03-21,spatial,23.984950660763694,0.7516543049222925,22.5283255411694,25.535757513268198
29177,2021-04-11,2,2021-03-21,spatial,24.001809935863022,1.3818764579199558,21.393750094721657,26.927811984651882
29177,2021-04-18,3,2021-03-21,spatial,25.400626952720078,0.6099581993447514,24.210242580567552,26.649540889322424
29179,2021-03-28,0,2021-03-21,spatial,0.9980382516883864,0.06854391823312275,0.8701043053272839,1.144782695286793
29179,2021-04-04,1,2021-03-21,spatial,1.0006525017764878,0.04169526108021138,0.9207347206303459,1.08750697337235
29179,2021-04-11,2,2021-03-21,spatial,0.9991311997492596,0.04487569605701695,0.9135032405426816,1.0927855644161266
29179,2021-04-18,3,2021-03-21,spatial,1.0004483586256017,0.07541125362979174,0.8614123100779811,1.1619254874428857
29181,2021-03-28,0,2021-03-21,spatial,2.0035689352845827,0.09057865596354638,1.8304049873295771,2.1931149151281217
29181,2021-04-04,1,2021-03-21,spatial,1.997601482488919,0.07170942069177165,1.85944329328724,2.1460249405011043
29181,2021-04-11,2,2021-03-21,spatial,1.997336760178372,0.0864624062238333,1.8314611045037592,2.178235794224395
29181,2021-04-18,3,2021-03-21,spatial,2.001705431753152,0.13487168977821432,1.7508704317791561,2.288475813392152
29183,2021-03-28,0,2021-03-21,spatial,389.6603973059356,14.385345603076495,361.97634523365923,419.46173341964777
29183,2021-04-04,1,2021-03-21,spatial,389.29572333287575,16.87127606488778,357.0154820895961,424.4946446530682
29183,2021-04-11,2,2021-03-21,spatial,414.57384334913496,10.982835950086127,393.2334038140181,437.0724102333908
29183,2021-04-18,3,2021-03-21,spatial,388.86961556320375,14.733360193199944,360.5946596936478,419.36166785372325
29185,2021-03-28,0,2021-03-21,spatial,5.299243790597647,0.05200152891904457,5.1962389740290025,5.404290467113335
29185,2021-04-04,1,2021-03-21,spatial,5.301156909430131,0.052256950104160656,5.197609098290786,5.406767620835538
29185,2021-04-11,2,2021-03-21,spatial,5.299215348875029,0.05398736800508416,5.1923108565451885,5.408320897881952
29185,2021-04-18,3,2021-03-21,spatial,5.299531717831099,0.052900791119014884,5.194694071551823,5.406485163794823
29186,2021-03-28,0,2021-03-21,spatial,9.981646709248931,0.6019436853246171,8.848663615843616,11.259696984058216
29186,2021-04-04,1,2021-03-21,spatial,9.967847254730234,0.3460584632829289,9.299375788966909,10.68437077373674
29186,2021-04-11,2,2021-03-21,spatial,9.992179905705417,0.5676747930456714,8.92118342803242,11.191750519807863
29186,2021-04-18,3,2021-03-21,spatial,10.002240754131321,0.6701110833381885,8.751140415122897,11.432203730923732
29187,2021-03-28,0,2021-03-21,spatial,19.936737058031284,1.0711871613689807,17.912566069123002,22.189645134441534
29187,2021-04-04,1,2021-03-21,spatial,20.059924591654983,1.3517724899702093,17.540900978502453,22.94070157034996
29187,2021-04-11,2,2021-03-21,spatial,20.03178089794966,1.0106554767759754,18.113214241451896,22.153563723944345
29187,2021-04-18,3,2021-03-21,spatial,20.01712564354331,0.7206015626368509,18.62570515582333,21.512491241392
29189,2021-03-28,0,2021-03-21,spatial,988.7814215383656,83.66753381748265,836.1264915850596,1169.307167538741
29189,2021-04-04,1,2021-03-21,spatial,990.4230203437713,28.522032187924122,934.9162950987896,1049.2252240862124
29189,2021-04-11,2,2021-03-21,spatial,991.7944717145564,47.56702512176504,901.3148890137034,1091.356956501582
29189,2021-04-18,3,2021-03-21,spatial,1004.874135559823,25.03748982671841,955.9856982242047,1056.2626932524279
29195,2021-03-28,0,2021-03-21,spatial,1.0032495675919926,0.07447061658717345,0.8649832384458452,1.1636175709970542
29195,2021-04-04,1,2021-03-21,spatial,1.00125898332866,0.057806856712318215,0.8921600111859069,1.1236992682105749
29195,2021-04-11,2,2021-03-21,spatial,0.9990620887958312,0.0455873973014936,0.9121942791566559,1.0942022769446418
29195,2021-04-18,3,2021-03-21,spatial,0.9985026370279574,0.04944950230624515,0.9049877398549642,1.101680688305864
29197,2021-03-28,0,2021-03-21,spatial,1.996020843673328,0.12123012250945668,1.7685730497487056,2.2527196198904433
29197,2021-04-04,1,2021-03-21,spatial,1.9994924681767148,0.06814358945012781,1.8676077937760216,2.1406904295532616
29197,2021-04-11,2,2021-03-21,spatial,1.9304115577768872,0.06739273438192447,1.800140061419491,2.0701104665489667
29197,2021-04-18,3,2021-03-21,spatial,2.0191460149296065,0.04895238928658815,1.9235668528886365,2.119474362683948
29199,2021-03-28,0,2021-03-21,spatial,3.996488034531337,0.2453178196499863,3.535745164642327,4.517270297042987
29199,2021-04-04,1,2021-03-21,spatial,3.9987039351977285,0.11252930262062244,3.7801772401612634,4.229863349127959
29199,2021-04-11,2,2021-03-21,spatial,4.0044842821585585,0.15969542968924738,3.697969717394855,4.336404998295095
29199,2021-04-18,3,2021-03-21,spatial,3.3768168012610715,0.11639793869422192,3.1523389303197984,3.617279728269021
29201,2021-03-28,0,2021-03-21,spatial,34.980103453437216,1.7481177112800264,31.646933129328822,38.664335422732975
29201,2021-04-04,1,2021-03-21,spatial,34.99817567641336,1.4113067779921542,32.289964475427325,37.93352890212128
29201,2021-04-11,2,2021-03-21,spatial,34.99350721708888,1.3642973072532958,32.37420929786611,37.82472449244237
29201,2021-04-18,3,2021-03-21,spatial,35.087390381654146,2.152934074940533,31.048473512175136,39.651706655138156
29203,2021-03-28,0,2021-03-21,spatial,3.0068794664992433,0.19348193996368407,2.6458634056124937,3.4171545314380225
29203,2021-04-04,1,2021-03-21,spatial,2.9996203029523634,0.12651530978797584,2.757120916418712,3.263448443012567
29203,2021-04-11,2,2021-03-21,spatial,3.1631557062279456,0.07108619254916325,3.024093769103666,3.3086123598634427
29203,2021-04-18,3,2021-03-21,spatial,2.996536305560179,0.1267506892807704,2.7541504196184707,3.2602539667329165
29205,2021-03-28,0,2021-03-21,spatial,39.92535111153408,1.7583910285474855,36.56429205476528,43.59536508984677
29205,2021-04-04,1,2021-03-21,spatial,39.96986300031871,1.2670648688803232,37.517745648962624,42.582247963729145
29205,2021-04-11,2,2021-03-21,spatial,39.88864182930707,1.9088348064632197,36.25470707240402,43.88681844288972
29205,2021-04-18,3,2021-03-21,spatial,40.02041690281048,1.2461945465511828,37.603596820846256,42.59256838396009
29207,2021-03-28,0,2021-03-21,spatial,4.99516793986625,0.3119370667727077,4.410220021608124,5.65770021114941
29207,2021-04-04,1,2021-03-21,spatial,4.998524805947254,0.2691225891027489,4.487475056807793,5.5677747328680445
29207,2021-04-11,2,2021-03-21,spatial,5.0069612278511455,0.19326122389239786,4.635585180113567,5.408089758495276
29207,2021-04-18,3,2021-03-21,spatial,5.011830527250007,0.27546968030774804,4.489707113951155,5.5946734600622205
29209,2021-03-28,0,2021-03-21,spatial,11.985507108972586,0.4804622425449485,11.062118308431902,12.985973992859568
29209,2021-04-04,1,2021-03-21,spatial,11.988707462694835,0.5606525423097308,10.919422821398372,13.162701818306227
29209,2021-04-11,2,2021-03-21,spatial,12.060607331567931,1.0506845325557534,10.139579501966166,14.34558989138202
29209,2021-04-18,3,2021-03-21,spatial,12.385214047360304,0.3610828768669508,11.684980752452152,13.127409471063144
29211,2021-03-28,0,2021-03-21,spatial,5.9910017041158925,0.4089879656823141,5.229227439105467,6.86374839050018
29211,2021-04-04,1,2021-03-21,spatial,5.992022986450955,0.4026445272870654,5.23737973674965,6.855401226346644
29211,2021-04-11,2,2021-03-21,spatial,5.987516137537058,0.3199726826296204,5.382777213204258,6.660195671729406
29211,2021-04-18,3,2021-03-21,spatial,6.001203150975798,0.34201036817864383,5.357315388729581,6.7224788249441145
29213,2021-03-28,0,2021-03-21,spatial,9.015895486986368,0.27392431562254915,8.48456092280645,9.58050418540385
29213,2021-04-04,1,2021-03-21,spatial,8.990654055540155,0.4907601288565042,8.061345773400253,10.027092574681364
29213,2021-04-11,2,2021-03-21,spatial,8.522355209927383,0.08515198349319474,8.353717105112263,8.694397644819494
29213,2021-04-18,3,2021-03-21,spatial,8.993333772402176,0.3194943609067161,8.377167238579263,9.654821258593676
29215,2021-03-28,0,2021-03-21,spatial,10.018004598511515,0.6453810803576504,8.805707670585582,11.397200530633093
29215,2021-04-04,1,2021-03-21,spatial,9.980040387103564,0.4139302133779802,9.184808718791736,10.84412415954165
29215,2021-04-11,2,2021-03-21,spatial,7.660675941738835,0.14814252795424435,7.37006299449085,7.96274820557221
29215,2021-04-18,3,2021-03-21,spatial,9.230908509604712,0.2842201010300513,8.680521971899969,9.816192181590916
29217,2021-03-28,0,2021-03-21,spatial,16.00897780010751,0.9564906062777672,14.207292235819471,18.039142572022453
29217,2021-04-04,1,2021-03-21,spatial,15.971920897303836,0.8063748980424978,14.436465718958914,17.670686310342138
29217,2021-04-11,2,2021-03-21,spatial,16.0396703037611,0.29918781922104515,15.452927207557941,16.64869186256995
29217,2021-04-18,3,2021-03-21,spatial,16.183295523497147,0.6701019355488517,14.89730246753484,17.58030049880441
29219,2021-03-28,0,2021-03-21,spatial,36.01705454709206,1.3495648438286774,33.414150259194386,38.822720559570534
29219,2021-04-04,1,2021-03-21,spatial,36.04902973593629,2.2244782036365094,31.877044909547067,40.76703309826605
29219,2021-04-11,2,2021-03-21,spatial,36.746794945713575,1.6405700117471878,33.61120002148567,40.174910087088115
29219,2021-04-18,3,2021-03-21,spatial,35.880949622680475,1.9171983116935936,32.25853213360789,39.910140377529395
29221,2021-03-28,0,2021-03-21,spatial,4.001921724969914,0.14756630058926956,3.718276364232205,4.307204716369492
29221,2021-04-04,1,2021-03-21,spatial,4.000751347023359,0.21456834045074133,3.5941528312131736,4.4533474485854105
29221,2021-04-11,2,2021-03-21,spatial,4.002006730600435,0.2088329235882697,3.6061416138668334,4.4413280416343115
29221,2021-04-18,3,2021-03-21,spatial,4.008890094583071,0.21683650464303764,3.597911392191034,4.4668136700996754
29223,2021-03-28,0,2021-03-21,spatial,6.0115215729933515,0.4064558333853317,5.25412598451883,6.878097656783536
29223,2021-04-04,1,2021-03-21,spatial,5.9517034063164695,0.21809723110774615,5.531891596128767,6.403374473488968
29223,2021-04-11,2,2021-03-21,spatial,5.950161187216668,0.2167146005245315,5.532166548201333,6.399738302414388
29223,2021-04-18,3,2021-03-21,spatial,6.138035472521237,0.2020855232275725,5.746464162306441,6.556288945306381
29225,2021-03-28,0,2021-03-21,spatial,16.94680651832283,0.9122343615696924,15.218774547567792,18.871049720318478
29225,2021-04-04,1,2021-03-21,spatial,16.992804715290873,0.7889373307580474,15.489841393767714,18.64159901651359
29225,2021-04-11,2,2021-03-21,spatial,16.972083735939634,0.8603144571281663,15.340413742623722,18.777304913190708
29225,2021-04-18,3,2021-03-21,spatial,19.86543804512095,0.4985278433995639,18.89107766979305,20.89005379272585
29227,2021-03-28,0,2021-03-21,spatial,0.9998819865458126,0.05465412782025807,0.8966044835547936,1.1150557524037883
29227,2021-04-04,1,2021-03-21,spatial,0.9959805091603496,0.03958818212605434,0.9198773407475832,1.0783798346648372
29227,2021-04-11,2,2021-03-21,spatial,0.9727224875476276,0.009955151584954634,0.9530133229723532,0.992839255205557
29227,2021-04-18,3,2021-03-21,spatial,1.001394074749478,0.08214819240703769,0.8506234703552121,1.1788883423644636
29229,2021-03-28,0,2021-03-21,spatial,1.000437371582473,0.0657935435803268,0.8770930869666403,1.1411273778479964
29229,2021-04-04,1,2021-03-21,spatial,0.9994166759031504,0.033630605121080105,0.9344591883582206,1.0688895828914515
29229,2021-04-11,2,2021-03-21,spatial,0.9998951121816321,0.038110059023410935,0.9266340319325259,1.0789483236220263
29229,2021-04-18,3,2021-03-21,spatial,0.9992077176698884,0.0650132585029526,0.8773088698903158,1.1380439629840886
29510,2021-03-28,0,2021-03-21,spatial,246.4866665904816,17.338867509416975,214.3165408271199,283.4857103068693
29510,2021-04-04,1,2021-03-21,spatial,246.51414045190756,12.769622830996965,222.29189702863653,273.3757831708741
29510,2021-04-11,2,2021-03-21,spatial,247.2949665953628,14.821224774528648,219.39733882972808,278.73993745595607
29510,2021-04-18,3,2021-03-21,spatial,228.5195536920733,8.010397545346969,213.05003107634,245.11231543032486
30001,2021-03-28,0,2021-03-21,spatial,6.986683652058173,0.3400940902067537,6.339262993257762,7.700224538065965
30001,2021-04-04,1,2021-03-21,spatial,6.999354408338924,0.3760579345233701,6.287875131114199,7.791338268012395
30001,2021-04-11,2,2021-03-21,spatial,6.990945786772188,0.450313194384968,6.149570615164111,7.947436667053143
30001,2021-04-18,3,2021-03-21,spatial,6.999435053781303,0.281423826427812,6.459523892016629,7.584474009400623
30003,2021-03-28,0,2021-03-21,spatial,33.07088587368268,2.107833606925376,29.120005532934755,37.557805105263036
30003,2021-04-04,1,2021-03-21,spatial,33.014688798895065,1.9070969976950292,29.433434224709305,37.031685401252325
30003,2021-04-11,2,2021-03-21,spatial,32.98569256231517,2.078223845039541,29.088906879708837,37.404496439656704
30003,2021-04-18,3,2021-03-21,spatial,33.002099385023214,1.8805792458392327,29.449789929007224,36.982897550185186
30005,2021-03-28,0,2021-03-21,spatial,1.0029970257233372,0.05068912139028662,0.9066482475810179,1.1095847108224453
30005,2021-04-04,1,2021-03-21,spatial,1.0002297108231113,0.05506789586051495,0.8957666757344365,1.116875076417652
30005,2021-04-11,2,2021-03-21,spatial,0.9967801177265666,0.06238264884691909,0.8797306751610721,1.1294031584303603
30005,2021-04-18,3,2021-03-21,spatial,0.9998866844983408,0.04743155171131717,0.90924064967418,1.099569604807425
30007,2021-03-28,0,2021-03-21,spatial,4.003446480975684,0.21634712987664487,3.594420484272656,4.459017467812983
30007,2021-04-04,1,2021-03-21,spatial,3.9976944631004314,0.21703431756531336,3.5865066707007616,4.456024340024781
30007,2021-04-11,2,2021-03-21,spatial,3.9861438406018435,0.29336653553456365,3.4442938584136478,4.613236666538738
30007,2021-04-18,3,2021-03-21,spatial,4.000165498272424,0.34740244580956026,3.3647428175598915,4.755586052539142
30009,2021-03-28,0,2021-03-21,spatial,3.0007382146433272,0.19933194933016013,2.6286523409088303,3.425492862897052
30009,2021-04-04,1,2021-03-21,spatial,3.0124083246532236,0.20306671434862908,2.6355691573339546,3.4431287409735747
30009,2021-04-11,2,2021-03-21,spatial,2.9918122427779217,0.14573183552405147,2.7148261623601533,3.2970584342145486
30009,2021-04-18,3,2021-03-21,spatial,3.0076818998871926,0.216952007234076,2.6040479207052893,3.4738801613370245
30011,2021-03-28,0,2021-03-21,spatial,0.9994506450495,0.01021185850871535,0.9792322856710508,1.0200864559988765
30011,2021-04-04,1,2021-03-21,spatial,0.9998537061351986,0.010134018774114429,0.9798089833811992,1.020308499542866
30011,2021-04-11,2,2021-03-21,spatial,1.0000080577963943,0.010350946860038878,0.9795247170910588,1.020919736081303
30011,2021-04-18,3,2021-03-21,spatial,0.9997112457256616,0.010267069544286469,0.9793961183019596,1.0204477597513006
30013,2021-03-28,0,2021-03-21,spatial,189.18815007359063,9.426608463039006,171.30990918522508,208.9321995353344
30013,2021-04-04,1,2021-03-21,spatial,189.02496658385633,5.8346851276456775,177.71159064422318,201.05856833817867
30013,2021-04-11,2,2021-03-21,spatial,188.31908248575962,12.663435622402561,164.7488219680695,215.26148960962985
30013,2021-04-18,3,2021-03-21,spatial,189.54431678019944,14.887380439152984,162.1053743212781,221.62774167171318
30015,2021-03-28,0,2021-03-21,spatial,0.9994856887053732,0.056044923232469034,0.8938311460469041,1.117629035802734
30015,2021-04-04,1,2021-03-21,spatial,0.9998281140319096,0.0099261914340547,0.9801759708600551,1.0198742749543808
30015,2021-04-11,2,2021-03-21,spatial,0.9984864333423608,0.06745226521082351,0.8728373826958542,1.1422232563979804
30015,2021-04-18,3,2021-03-21,spatial,0.9940176394781248,0.07343347731524369,0.8576448508340806,1.1520748554984503
30017,2021-03-28,0,2021-03-21,spatial,14.002543097536373,0.801192857437067,12.491026875141372,15.696965122104453
30017,2021-04-04,1,2021-03-21,spatial,14.003908722943134,1.1025807830652192,11.97516275373466,16.37635024704467
30017,2021-04-11,2,2021-03-21,spatial,13.993112898322403,1.0782325569031543,12.00979487394217,16.303959446471698
30017,2021-04-18,3,2021-03-21,spatial,13.973991488124685,1.34377324541846,11.546794440758116,16.911398147082654
30019,2021-03-28,0,2021-03-21,spatial,1.0000885547797322,0.009977015803157713,0.980342922730237,1.0202318945863746
30019,2021-04-04,1,2021-03-21,spatial,1.0034627242745937,0.07895546547299255,0.8596763374693586,1.1712983074219827
30019,2021-04-11,2,2021-03-21,spatial,1.001040388994436,0.06417536580103997,0.8811982861296416,1.1371809003390478
30019,2021-04-18,3,2021-03-21,spatial,0.9997600118405254,0.03211077312260305,0.9376782913991633,1.0659520332756416
30021,2021-03-28,0,2021-03-21,spatial,5.0087277990780485,0.2650193645605374,4.50564118664081,5.567987579579358
30021,2021-04-04,1,2021-03-21,spatial,5.009613604151973,0.21026780848259474,4.6066247883136,5.447855993518366
30021,2021-04-11,2,2021-03-21,spatial,4.9986824420039095,0.1671762450820779,4.675615862140737,5.344071645902476
30021,2021-04-18,3,2021-03-21,spatial,5.002430343155014,0.3700186953045622,4.315710325013724,5.798421917494759
30023,2021-03-28,0,2021-03-21,spatial,0.9990335530082612,0.08165250081286425,0.8494092160700555,1.175014376055456
30023,2021-04-04,1,2021-03-21,spatial,0.9999455255822984,0.05943645721652752,0.88825783542261,1.1256765932791766
30023,2021-04-11,2,2021-03-21,spatial,1.0018487912700964,0.03846028254514306,0.9276239047747722,1.0820128668558329
30023,2021-04-18,3,2021-03-21,spatial,0.9992858945361508,0.04572962350915858,0.9121453923341682,1.09475123967198
30025,2021-03-28,0,2021-03-21,spatial,1.0019000233947015,0.06813125820171932,0.8747390637192882,1.1475463924181546
30025,2021-04-04,1,2021-03-21,spatial,0.996418628828366,0.049956249131633636,0.9017658683334278,1.1010065015114263
30025,2021-04-11,2,2021-03-21,spatial,0.9969316547576448,0.06365844813066812,0.8776472449825437,1.1324284670631926
30025,2021-04-18,3,2021-03-21,spatial,0.9996209523663536,0.04873710580293742,0.9067833972722554,1.1019633259890842
30027,2021-03-28,0,2021-03-21,spatial,5.9930187509746204,0.41362696716954217,5.221357357610383,6.878723536741588
30027,2021-04-04,1,2021-03-21,spatial,5.9983898637759525,0.29232681364043833,5.442623377852094,6.610907729582733
30027,2021-04-11,2,2021-03-21,spatial,5.998376561550107,0.2399763492610164,5.538115487479261,6.4968889607844975
30027,2021-04-18,3,2021-03-21,spatial,5.993174872014318,0.2602756701659228,5.495614595864546,6.5357831085120655
30029,2021-03-28,0,2021-03-21,spatial,46.01187786849101,1.6351545017279268,42.8568393146351,49.3991843272019
30029,2021-04-04,1,2021-03-21,spatial,45.82841931281129,3.5318201394574187,39.29638926480098,53.4462340180478
30029,2021-04-11,2,2021-03-21,spatial,46.10582803384324,3.078724606578919,40.361788325327794,52.66732389437704
30029,2021-04-18,3,2021-03-21,spatial,46.04302816651949,3.1195507918993743,40.216710204879064,52.713422652997494
30031,2021-03-28,0,2021-03-21,spatial,241.58978244840048,12.465536732078618,217.98158909026557,267.7548284102858
30031,2021-04-04,1,2021-03-21,spatial,241.77657846969174,10.596410589691716,221.5242337447216,263.8804473368544
30031,2021-04-11,2,2021-03-21,spatial,241.22720826138016,23.48323815878597,198.89912516400486,292.5632073926795
30031,2021-04-18,3,2021-03-21,spatial,233.50707221452458,13.671952077069962,207.6759247194481,262.5511495752741
30033,2021-03-28,0,2021-03-21,spatial,0.9995239621707426,0.00989987953239272,0.9799094654627876,1.0195310752322144
30033,2021-04-04,1,2021-03-21,spatial,1.0002639018888164,0.010567568832245196,0.9793522507090748,1.0216220697889171
30033,2021-04-11,2,2021-03-21,spatial,0.9992729914445924,0.010067745642191652,0.9793378991404776,1.0196138761779827
30033,2021-04-18,3,2021-03-21,spatial,0.9989939867836722,0.0442208133091523,0.9147139180996282,1.0910394669661487
30035,2021-03-28,0,2021-03-21,spatial,4.006245523392972,0.14561459779666758,3.7257104977418263,4.3079040101033685
30035,2021-04-04,1,2021-03-21,spatial,4.009325795149972,0.3408063005383625,3.386452239044293,4.746765109019068
30035,2021-04-11,2,2021-03-21,spatial,4.0021243550925,0.2201401854632673,3.585701294147908,4.4669084342762515
30035,2021-04-18,3,2021-03-21,spatial,4.005496428052319,0.2609849452735444,3.517718246472484,4.560911508824953
30037,2021-03-28,0,2021-03-21,spatial,1.0001029599674822,0.009797421949651152,0.9806972900375992,1.0198926220111937
30037,2021-04-04,1,2021-03-21,spatial,1.0000287333564355,0.009765389659213228,0.9806810604305644,1.0197581128969757
30037,2021-04-11,2,2021-03-21,spatial,1.0005179257110997,0.010009478853213448,0.9807020174439828,1.02073423105446
30037,2021-04-18,3,2021-03-21,spatial,1.0000698900585303,0.00998370011570498,0.9803050671883936,1.020233209515253
30039,2021-03-28,0,2021-03-21,spatial,0.999909425218054,0.01005602141565455,0.9799993424179544,1.0202240097151942
30039,2021-04-04,1,2021-03-21,spatial,0.9999641144962199,0.00986145943226784,0.980419252237382,1.01989860766025
30039,2021-04-11,2,2021-03-21,spatial,1.0004472541752036,0.010245190866556328,0.9801662686890854,1.0211478810889325
30039,2021-04-18,3,2021-03-21,spatial,1.0002916431181323,0.009655395502847029,0.9811781566790388,1.0197774629213257
30041,2021-03-28,0,2021-03-21,spatial,1.9962010573293585,0.11583253843660545,1.7783580014650842,2.2407291771398063
30041,2021-04-04,1,2021-03-21,spatial,2.0026734004647584,0.17303288980881704,1.6878676652947735,2.3761938399528724
30041,2021-04-11,2,2021-03-21,spatial,1.9985760173510236,0.18005008371500145,1.672013781507537,2.388919362572056
30041,2021-04-18,3,2021-03-21,spatial,1.9972953046024635,0.06441919495978726,1.8726910330550024,2.1301904389851805
30043,2021-03-28,0,2021-03-21,spatial,6.994563727943693,0.482765451917825,6.089480866122479,8.03416954907328
30043,2021-04-04,1,2021-03-21,spatial,7.027921871681255,0.5452920120492045,6.016654734859384,8.209160739819334
30043,2021-04-11,2,2021-03-21,spatial,7.002733720060929,0.5150916005687771,6.046982221663966,8.109545845594427
30043,2021-04-18,3,2021-03-21,spatial,6.990520220799253,0.5104914925219466,6.039991508563727,8.090636036179394
30045,2021-03-28,0,2021-03-21,spatial,1.000071441036518,0.009752833319246977,0.9807461627597476,1.0197775175204655
30045,2021-04-04,1,2021-03-21,spatial,1.0004648582415987,0.009911208259921436,0.9808341990590248,1.0204884103109746
30045,2021-04-11,2,2021-03-21,spatial,0.9993252014630944,0.009933719078822085,0.979655263579218,1.0193900807827383
30045,2021-04-18,3,2021-03-21,spatial,1.0000227104591417,0.04511164030319094,0.9140234641525332,1.0941135109275044
30047,2021-03-28,0,2021-03-21,spatial,7.00391572563843,0.5993905677167469,5.90604879207434,8.305863567817923
30047,2021-04-04,1,2021-03-21,spatial,6.996013001418192,0.3209458769860447,6.385637764433385,7.664731342673543
30047,2021-04-11,2,2021-03-21,spatial,6.991807701472629,0.3017236070199662,6.415431435872086,7.619966860066162
30047,2021-04-18,3,2021-03-21,spatial,7.007538694129843,0.25588619169983146,6.514136508379768,7.538312788894991
30049,2021-03-28,0,2021-03-21,spatial,41.00464052922057,1.9923468991778803,37.219293310381154,45.17497231635053
30049,2021-04-04,1,2021-03-21,spatial,40.93904121808528,3.1287186546663515,35.152884215659114,47.67759838919553
30049,2021-04-11,2,2021-03-21,spatial,40.920785620088246,2.3435122641721193,36.48306609910831,45.89829953481207
30049,2021-04-18,3,2021-03-21,spatial,41.059185016575405,3.013724599123745,35.470149031010145,47.528886127641954
30051,2021-03-28,0,2021-03-21,spatial,1.0001529113313343,0.051209103728477694,0.9030228465294268,1.1077303856585734
30051,2021-04-04,1,2021-03-21,spatial,1.0008875733807812,0.04629019753579647,0.9130270120418806,1.0972029538400083
30051,2021-04-11,2,2021-03-21,spatial,1.0005099370367077,0.05705672373835961,0.8927035551319017,1.1213354403649605
30051,2021-04-18,3,2021-03-21,spatial,1.0007309779183875,0.09552281843114396,0.8275588793274112,1.2101404687717436
30053,2021-03-28,0,2021-03-21,spatial,27.998652848285836,0.9651537572190412,26.1318742753684,29.998788187104612
30053,2021-04-04,1,2021-03-21,spatial,28.00076651843133,0.9278799409900806,26.20361383914237,29.92117539331615
30053,2021-04-11,2,2021-03-21,spatial,28.087279096745178,1.8218969536668572,24.68481814683208,31.958722254540945
30053,2021-04-18,3,2021-03-21,spatial,27.978150210503067,2.416000769976692,23.582341654069676,33.19334867945086
30055,2021-03-28,0,2021-03-21,spatial,0.9980731765444412,0.045993841610719656,0.9103411739737968,1.0942601457749557
30055,2021-04-04,1,2021-03-21,spatial,1.0004985268652629,0.045168921101115235,0.9145506752716231,1.0945236052253342
30055,2021-04-11,2,2021-03-21,spatial,0.9996552742085666,0.036899232485486,0.928654266051154,1.0760847214995282
30055,2021-04-18,3,2021-03-21,spatial,0.9985926741792891,0.0618907621996223,0.8825510686158996,1.129891928507239
30057,2021-03-28,0,2021-03-21,spatial,7.001166811544198,0.423534471865355,6.2034544024087825,7.901458371973367
30057,2021-04-04,1,2021-03-21,spatial,7.001526133122527,0.13215201331078968,6.742238293530468,7.270785465983347
30057,2021-04-11,2,2021-03-21,spatial,7.002001225494433,0.1716194372567908,6.666969386760703,7.35386924967521
30057,2021-04-18,3,2021-03-21,spatial,7.021630451810324,0.5100784686820403,6.07619199409451,8.114176485816815
30059,2021-03-28,0,2021-03-21,spatial,1.0004354449264423,0.009904512289994331,0.980822173578875,1.02044091826874
30059,2021-04-04,1,2021-03-21,spatial,0.9998284495655037,0.00990950358776406,0.9802085468650928,1.01984106520767
30059,2021-04-11,2,2021-03-21,spatial,1.0000895208475014,0.00992423211843603,0.9804463961956448,1.0201261931196923
30059,2021-04-18,3,2021-03-21,spatial,1.0003554811756643,0.009900586044117235,0.98075112541758,1.0203517108299176
30061,2021-03-28,0,2021-03-21,spatial,2.0012810653874085,0.07865665184196277,1.8502011541706664,2.1646975485070516
30061,2021-04-04,1,2021-03-21,spatial,1.9977813417494317,0.11379320964264054,1.7832537097621852,2.238116913815037
30061,2021-04-11,2,2021-03-21,spatial,1.9993404404361002,0.1331956771505077,1.75201110737185,2.2815849625288998
30061,2021-04-18,3,2021-03-21,spatial,2.006448399358507,0.1473935211656734,1.7322490157997437,2.324051070353571
30063,2021-03-28,0,2021-03-21,spatial,127.04112683935804,4.0001331839403935,119.28368912426487,135.30305800485797
30063,2021-04-04,1,2021-03-21,spatial,126.8117473416827,6.773298453378287,114.02441003463385,141.03312842369675
30063,2021-04-11,2,2021-03-21,spatial,126.98266828568063,2.305881733372677,122.4539547354627,131.67886721000704
30063,2021-04-18,3,2021-03-21,spatial,126.68003127706824,10.830450363597084,106.83139087387413,150.21643164138123
30065,2021-03-28,0,2021-03-21,spatial,4.9997076271276555,0.16252660613661726,4.685066762725605,5.33547921998363
30065,2021-04-04,1,2021-03-21,spatial,5.001350392754708,0.14086567822097598,4.727628776697135,5.290920021978305
30065,2021-04-11,2,2021-03-21,spatial,5.0034657924314025,0.17040561989830427,4.673355838232465,5.356893590516679
30065,2021-04-18,3,2021-03-21,spatial,4.999158928747101,0.18119742355512755,4.649432201732179,5.37519183214696
30067,2021-03-28,0,2021-03-21,spatial,13.011732805004986,0.6530945544437924,11.772107185975386,14.38189339547837
30067,2021-04-04,1,2021-03-21,spatial,12.968598391230733,0.6609013395124635,11.713392196309755,14.358312384180053
30067,2021-04-11,2,2021-03-21,spatial,13.028660561316519,0.8215762215860123,11.488767522402913,14.774952638827665
30067,2021-04-18,3,2021-03-21,spatial,13.005061881927825,0.5732151029397841,11.91061977056249,14.200070005658876
30069,2021-03-28,0,2021-03-21,spatial,1.0000053459670664,0.010001756523098936,0.9802076008032752,1.0202029561321586
30069,2021-04-04,1,2021-03-21,spatial,1.0002394724049066,0.009805982322032487,0.9808347943140784,1.0200280495315273
30069,2021-04-11,2,2021-03-21,spatial,1.0001486338011054,0.009861767512850604,0.9806217694375507,1.0200643314985267
30069,2021-04-18,3,2021-03-21,spatial,1.0003157838086136,0.009934553329403087,0.9806474342412524,1.0203786115148008
30071,2021-03-28,0,2021-03-21,spatial,1.9982178703995312,0.09249572141634722,1.8220933460376645,2.191366686161808
30071,2021-04-04,1,2021-03-21,spatial,2.0007922170739283,0.09990979559236098,1.8116008912911905,2.2097414033895784
30071,2021-04-11,2,2021-03-21,spatial,2.0079324856710645,0.11394661398897515,1.7933606334084573,2.2481774116733915
30071,2021-04-18,3,2021-03-21,spatial,2.0068600375225882,0.17383224995528704,1.6897299265132968,2.3835094277555657
30073,2021-03-28,0,2021-03-21,spatial,1.0011006718190036,0.027751729145365486,0.9471314886688617,1.0581451119580008
30073,2021-04-04,1,2021-03-21,spatial,1.0003404290862177,0.04747914058578665,0.9096983791191159,1.1000140233660554
30073,2021-04-11,2,2021-03-21,spatial,0.9978913232387392,0.07922523325697818,0.8515585119381603,1.169370136091688
30073,2021-04-18,3,2021-03-21,spatial,0.9985096326190018,0.06835135838408136,0.8714045903022806,1.1441545035780432
30075,2021-03-28,0,2021-03-21,spatial,1.0002759916541797,0.010062129978224794,0.9803612651109525,1.0205952592042835
30075,2021-04-04,1,2021-03-21,spatial,1.0002624909014386,0.00978875732152393,0.9808839448313528,1.02002388353535
30075,2021-04-11,2,2021-03-21,spatial,1.0002137344193238,0.009923512269230996,0.9805719866754209,1.0202489242150878
30075,2021-04-18,3,2021-03-21,spatial,0.999647073185862,0.0102406571340004,0.9793755017763606,1.0203382350452623
30077,2021-03-28,0,2021-03-21,spatial,7.961182469603622,0.5420263251405473,6.94964034979621,9.119957742299944
30077,2021-04-04,1,2021-03-21,spatial,7.975417915257927,0.4591980095880898,7.106569556359867,8.950491572420221
30077,2021-04-11,2,2021-03-21,spatial,7.986572186694733,0.29742603759713104,7.4134664394105805,8.603982470898899
30077,2021-04-18,3,2021-03-21,spatial,7.996972311586901,0.4046290935895106,7.230879800636625,8.844230289467275
30079,2021-03-28,0,2021-03-21,spatial,3.993740705997289,0.2513107389157889,3.5217926296315105,4.528933558591888
30079,2021-04-04,1,2021-03-21,spatial,3.997681005730836,0.13359033559085484,3.7395104830258017,4.27367525672767
30079,2021-04-11,2,2021-03-21,spatial,3.9937861673465465,0.17720332226668847,3.6551647610650377,4.3637781039016765
30079,2021-04-18,3,2021-03-21,spatial,4.001453078879117,0.12925206428845767,3.750872809420226,4.268773577781244
30081,2021-03-28,0,2021-03-21,spatial,47.93778916206272,2.784564980871637,42.68099890858361,53.84203014246274
30081,2021-04-04,1,2021-03-21,spatial,47.99287577442664,3.072209137547992,42.2492095217326,54.51737798584711
30081,2021-04-11,2,2021-03-21,spatial,48.0917239346783,1.7199874144703415,44.77698968925536,51.65184008705904
30081,2021-04-18,3,2021-03-21,spatial,48.014758492118396,2.968368408429016,42.438401477438056,54.3238423879398
30083,2021-03-28,0,2021-03-21,spatial,8.030845176844966,0.5904815384782085,6.934515724294281,9.30050155175293
30083,2021-04-04,1,2021-03-21,spatial,7.992439030628465,0.6469887162903056,6.799927742184368,9.394082419733648
30083,2021-04-11,2,2021-03-21,spatial,7.970891172825818,0.6211314792447333,6.8261532637955185,9.307600288732072
30083,2021-04-18,3,2021-03-21,spatial,8.017415388833575,0.5242939929202207,7.037919680175285,9.133231471534
30085,2021-03-28,0,2021-03-21,spatial,3.9980290059981782,0.19160502753979647,3.6341521975227304,4.398339712821786
30085,2021-04-04,1,2021-03-21,spatial,4.0000804799689735,0.2087027781045152,3.6035381747612663,4.4402592869128865
30085,2021-04-11,2,2021-03-21,spatial,4.01531457285204,0.2535633419982096,3.5414533898803864,4.5525803516229555
30085,2021-04-18,3,2021-03-21,spatial,3.99198329025516,0.30675793290268033,3.42494822990063,4.652896779738701
30087,2021-03-28,0,2021-03-21,spatial,2.989913576223929,0.24110750949047374,2.544835363992417,3.5128336079326834
30087,2021-04-04,1,2021-03-21,spatial,2.9981305249427765,0.254066498608784,2.532564775767439,3.5492820284803144
30087,2021-04-11,2,2021-03-21,spatial,2.9990932822123604,0.20217592876865947,2.6227964852596632,3.4293779810829763
30087,2021-04-18,3,2021-03-21,spatial,2.9924884481651524,0.1835820146756917,2.6485956014448906,3.3810322374305315
30089,2021-03-28,0,2021-03-21,spatial,4.99334812720722,0.2647776369149844,4.4940332984411135,5.548139914346602
30089,2021-04-04,1,2021-03-21,spatial,5.007101468876219,0.24562800991440706,4.5390889762018265,5.523369392199293
30089,2021-04-11,2,2021-03-21,spatial,4.990247389577707,0.2924986359115079,4.438241127711102,5.610909432951408
30089,2021-04-18,3,2021-03-21,spatial,4.989467678023572,0.2590114661085629,4.498878781882412,5.5335537846222005
30091,2021-03-28,0,2021-03-21,spatial,4.003449308984342,0.2606858109910551,3.5171354816347127,4.557005680701787
30091,2021-04-04,1,2021-03-21,spatial,4.0006505975919815,0.2052798763703469,3.611408639958316,4.431845520588278
30091,2021-04-11,2,2021-03-21,spatial,3.9974834915234223,0.2481690911650161,3.5309202329145237,4.525696762005876
30091,2021-04-18,3,2021-03-21,spatial,4.000834514949118,0.2182347331825712,3.5883684799211335,4.460711575629476
30093,2021-03-28,0,2021-03-21,spatial,44.99259641020132,2.5823292283061345,40.11645859575154,50.46142662118346
30093,2021-04-04,1,2021-03-21,spatial,44.98895871239088,2.572911175600444,40.143921880275286,50.418751114093496
30093,2021-04-11,2,2021-03-21,spatial,44.98105871169052,2.8274637338931803,39.67084804501837,51.00207690363762
30093,2021-04-18,3,2021-03-21,spatial,44.92201360595403,2.903871308207462,39.49720668627122,51.091899294107506
30095,2021-03-28,0,2021-03-21,spatial,5.981435769587081,0.4298546642017163,5.186455964018911,6.898270054523366
30095,2021-04-04,1,2021-03-21,spatial,5.997878183135739,0.2597208783227051,5.5014644224206615,6.539084857683539
30095,2021-04-11,2,2021-03-21,spatial,6.011292701896771,0.3951640351176097,5.274877598625613,6.8505172437162605
30095,2021-04-18,3,2021-03-21,spatial,5.997925627077844,0.3747601495345277,5.295340959839772,6.793729072555452
30097,2021-03-28,0,2021-03-21,spatial,2.0013299084828096,0.13932005869492953,1.7424988685418519,2.298607749421106
30097,2021-04-04,1,2021-03-21,spatial,1.9974147261540196,0.1201228897534652,1.7725342596380471,2.2508256562959907
30097,2021-04-11,2,2021-03-21,spatial,1.9998965869543952,0.14466348415392666,1.7311344234643624,2.310384626577888
30097,2021-04-18,3,2021-03-21,spatial,2.00109852032686,0.08100130034084392,1.8456167290634464,2.16967869059486
30099,2021-03-28,0,2021-03-21,spatial,4.012811755833912,0.3282998118731793,3.411082778371325,4.7206881902312885
30099,2021-04-04,1,2021-03-21,spatial,4.0034331184945895,0.18393029509103212,3.6532156250969967,4.387224401470628
30099,2021-04-11,2,2021-03-21,spatial,4.004519241428048,0.26158444400544256,3.5148063876103115,4.562463073782661
30099,2021-04-18,3,2021-03-21,spatial,3.9964087507965202,0.22029337974002766,3.5803722506830846,4.460788372045924
30101,2021-03-28,0,2021-03-21,spatial,3.0052052524660438,0.13074169354433782,2.7546044485001993,3.2786045250042184
30101,2021-04-04,1,2021-03-21,spatial,2.995795395833692,0.17188137003661005,2.6708422220843,3.3602846246359337
30101,2021-04-11,2,2021-03-21,spatial,3.0050230151642787,0.09718343491746943,2.81663454857649,3.206011701528976
30101,2021-04-18,3,2021-03-21,spatial,3.0005971876251096,0.04974615998039085,2.9027177007170426,3.101777165640189
30103,2021-03-28,0,2021-03-21,spatial,0.9989005819462048,0.010120329079550034,0.9788664045017929,1.0193447931439747
30103,2021-04-04,1,2021-03-21,spatial,0.9994496071802368,0.010272259095406132,0.9791192611696776,1.0202020907028448
30103,2021-04-11,2,2021-03-21,spatial,1.0003201199406406,0.009910171059422448,0.9806853701245498,1.020347986052829
30103,2021-04-18,3,2021-03-21,spatial,0.9998299468309108,0.010081664202087476,0.9798532860269032,1.0202138798077722
30105,2021-03-28,0,2021-03-21,spatial,6.997386565723595,0.2589793783430207,6.499465974113614,7.533452585979051
30105,2021-04-04,1,2021-03-21,spatial,6.995270791711192,0.23258431315179756,6.546144362417898,7.47521147414681
30105,2021-04-11,2,2021-03-21,spatial,7.0092137698489525,0.34478398671429084,6.354265020217861,7.731669597525811
30105,2021-04-18,3,2021-03-21,spatial,6.9762536165969955,0.6148714855961497,5.85129148987605,8.31749958232103
30107,2021-03-28,0,2021-03-21,spatial,1.0001297892627994,0.010424223346377048,0.9794904215984972,1.0212040601055188
30107,2021-04-04,1,2021-03-21,spatial,0.997236179429847,0.05372645876503891,0.8956277484942405,1.1103720259179009
30107,2021-04-11,2,2021-03-21,spatial,1.0021405867800086,0.051883523294215264,0.9038210748120676,1.1111554970994697
30107,2021-04-18,3,2021-03-21,spatial,0.9966268721496144,0.0606087177089633,0.8827065260629591,1.1252495511966791
30109,2021-03-28,0,2021-03-21,spatial,0.9998171992156278,0.04498381649135457,0.9139836029263244,1.093711559645958
30109,2021-04-04,1,2021-03-21,spatial,1.0000489403269306,0.009925077765586337,0.9804075777334808,1.02008379551804
30109,2021-04-11,2,2021-03-21,spatial,1.0001158461462445,0.010022380719418177,0.9802702872708078,1.0203631780961
30109,2021-04-18,3,2021-03-21,spatial,0.9987047255383604,0.025415779375255892,0.9491036913495956,1.0508979555167093
30111,2021-03-28,0,2021-03-21,spatial,99.86894339419763,10.372824607524127,81.43310659825802,122.47851360845428
30111,2021-04-04,1,2021-03-21,spatial,100.00400112111713,7.4977638151962624,86.17147307533402,116.05697202703445
30111,2021-04-11,2,2021-03-21,spatial,99.99632218954174,6.7576319488934375,87.40914838578009,114.39608594861151
30111,2021-04-18,3,2021-03-21,spatial,99.94556934105229,7.576960316200522,85.97319713639256,116.18873281006191
31001,2021-03-28,0,2021-03-21,spatial,19.97919197278529,0.7212723330293068,18.58651285427736,21.476223916502253
31001,2021-04-04,1,2021-03-21,spatial,20.036781679756707,1.2476490080598188,17.694603490855606,22.68898652008286
31001,2021-04-11,2,2021-03-21,spatial,19.97973630194604,1.0636085939398563,17.965244783688807,22.220118206111888
31001,2021-04-18,3,2021-03-21,spatial,20.0073558496035,1.3810984029825977,17.446056393474247,22.94468612645289
31003,2021-03-28,0,2021-03-21,spatial,0.9994608752878754,0.05441592415511761,0.8965556135758177,1.114177443211928
31003,2021-04-04,1,2021-03-21,spatial,0.9995901554654664,0.051997801120837774,0.9011606784871316,1.1087706141161189
31003,2021-04-11,2,2021-03-21,spatial,0.9991663493270868,0.045286873687311394,0.9129568310915642,1.0935165383821863
31003,2021-04-18,3,2021-03-21,spatial,0.999014674102708,0.06438598536804885,0.8789821406986923,1.135438677149023
31005,2021-03-28,0,2021-03-21,spatial,1.000109200776355,0.010440089860115435,0.9794373229058948,1.0212173766361787
31005,2021-04-04,1,2021-03-21,spatial,0.9998343159841432,0.009885999396633408,0.9802551802205688,1.0198045157940838
31005,2021-04-11,2,2021-03-21,spatial,0.9992951852126866,0.009747508147704748,0.9799977533488788,1.018972608637971
31005,2021-04-18,3,2021-03-21,spatial,0.9998798930241678,0.009769578346126384,0.9805350395203702,1.01960639873008
31007,2021-03-28,0,2021-03-21,spatial,1.0004306330121266,0.010025908452656496,0.980589049537166,1.0206736980608204
31007,2021-04-04,1,2021-03-21,spatial,0.999467358092204,0.01022959034334656,0.9792147652279648,1.0201388248667334
31007,2021-04-11,2,2021-03-21,spatial,0.9999912304085736,0.010080880981593215,0.9800346163361374,1.0203542244584085
31007,2021-04-18,3,2021-03-21,spatial,1.000293602843386,0.010003073765207355,0.980481234243278,1.0205063156171892
31009,2021-03-28,0,2021-03-21,spatial,1.0000239853316022,0.009886548417241332,0.9804497931517836,1.0199889665168025
31009,2021-04-04,1,2021-03-21,spatial,0.9998543814678148,0.010139247508371836,0.9797925096853756,1.0203270327728944
31009,2021-04-11,2,2021-03-21,spatial,1.000106539976325,0.010129943970923077,0.9800480457989709,1.0205755683008442
31009,2021-04-18,3,2021-03-21,spatial,1.0001461513501777,0.010114248738964764,0.9801246414002318,1.0205766509772969
31011,2021-03-28,0,2021-03-21,spatial,4.001091426414017,0.16138544488546686,3.691937927577973,4.336132653515652
31011,2021-04-04,1,2021-03-21,spatial,4.015613831973468,0.18664590651128693,3.66024886493146,4.4054803491725405
31011,2021-04-11,2,2021-03-21,spatial,4.000465580658681,0.2027071185585186,3.6151964297556365,4.426792616388079
31011,2021-04-18,3,2021-03-21,spatial,4.0010754264741895,0.22924951814356406,3.5693419824730808,4.485029634858293
31013,2021-03-28,0,2021-03-21,spatial,0.999051805646452,0.04506650503487206,0.9128160188665254,1.093434481578025
31013,2021-04-04,1,2021-03-21,spatial,0.9994151902657988,0.04854015794547742,0.9068510125027356,1.1014275870712662
31013,2021-04-11,2,2021-03-21,spatial,1.0008751150413673,0.03824730853967817,0.9272695383826524,1.080323416701824
31013,2021-04-18,3,2021-03-21,spatial,0.9962950076081124,0.07734614179446002,0.8538652791226019,1.1624828488222507
31015,2021-03-28,0,2021-03-21,spatial,0.9994654019866837,0.009800631770700171,0.9800637088877469,1.0192511779688982
31015,2021-04-04,1,2021-03-21,spatial,0.9997519629154352,0.010047568668851035,0.9798441901973056,1.0200642075062991
31015,2021-04-11,2,2021-03-21,spatial,0.999801904617108,0.009960564785987228,0.9800758824068702,1.0199249531793086
31015,2021-04-18,3,2021-03-21,spatial,0.9998033503862396,0.009946775271928613,0.9801134123120008,1.0198888484604716
31017,2021-03-28,0,2021-03-21,spatial,0.999917806752241,0.010171496912406805,0.9797806992241912,1.0204687855679342
31017,2021-04-04,1,2021-03-21,spatial,0.9997785940868292,0.009857689263370587,0.9802719041889216,1.0196734527664262
31017,2021-04-11,2,2021-03-21,spatial,0.999921541272728,0.009751840698318229,0.9805968067009384,1.0196271106215824
31017,2021-04-18,3,2021-03-21,spatial,0.9997338870286068,0.00991859795554905,0.9800977781645304,1.0197634023261146
31019,2021-03-28,0,2021-03-21,spatial,31.021553875031504,0.967718352389296,29.148615385621643,33.01483765490217
31019,2021-04-04,1,2021-03-21,spatial,31.017803893975078,1.6384364978054753,27.920126295885698,34.45916211872119
31019,2021-04-11,2,2021-03-21,spatial,31.014158798574552,0.6312271369353103,29.77823187343716,32.3013820992245
31019,2021-04-18,3,2021-03-21,spatial,31.007711368110343,1.2109652030329636,28.685209078990322,33.51825540613707
31021,2021-03-28,0,2021-03-21,spatial,3.001622879532436,0.1061822761086095,2.797281531264073,3.22089135835432
31021,2021-04-04,1,2021-03-21,spatial,2.9990329064229027,0.11687649588060688,2.774126719880606,3.2421728644733636
31021,2021-04-11,2,2021-03-21,spatial,3.000453759467593,0.1638720020113238,2.6907288547405424,3.3458305346680195
31021,2021-04-18,3,2021-03-21,spatial,3.0021668609438894,0.17699188981749306,2.667984665274131,3.3782075205532016
31023,2021-03-28,0,2021-03-21,spatial,9.042203498403152,0.5960710908152069,7.927355237695866,10.313836286501358
31023,2021-04-04,1,2021-03-21,spatial,8.985089114890577,0.29987753814010626,8.407170764466093,9.602734221094659
31023,2021-04-11,2,2021-03-21,spatial,8.999194607388203,0.3630383631876976,8.302274810458988,9.754616105892028
31023,2021-04-18,3,2021-03-21,spatial,9.000487622550336,0.2493439720861803,8.516047458407114,9.512485438735933
31025,2021-03-28,0,2021-03-21,spatial,29.00064413080625,1.3869554660251862,26.358280271118037,31.907899580354265
31025,2021-04-04,1,2021-03-21,spatial,28.98576797382773,1.8010888306527268,25.602585301042623,32.81601194385484
31025,2021-04-11,2,2021-03-21,spatial,29.030781084111357,1.6192282281452572,25.966967563976702,32.45609054184566
31025,2021-04-18,3,2021-03-21,spatial,29.10736706313889,2.1331730297059552,25.16420573216764,33.66841085173889
31027,2021-03-28,0,2021-03-21,spatial,2.0021326690309804,0.07557477753551772,1.856355185291604,2.1593578945246086
31027,2021-04-04,1,2021-03-21,spatial,2.0039620415288177,0.06802541776857668,1.8725717083864597,2.1445714713636788
31027,2021-04-11,2,2021-03-21,spatial,1.9995879143945268,0.08008333872303013,1.8453430653026623,2.1667254737464585
31027,2021-04-18,3,2021-03-21,spatial,1.9991609968307644,0.09999622609194607,1.8090743535384024,2.209220800368025
31029,2021-03-28,0,2021-03-21,spatial,5.008543712033631,0.2067981759833516,4.611865247536491,5.4393415177842614
31029,2021-04-04,1,2021-03-21,spatial,5.012136247815555,0.33105351853942955,4.393999875429893,5.7172304230456525
31029,2021-04-11,2,2021-03-21,spatial,4.994950668164981,0.1855164634742092,4.6381362585474895,5.379215009352735
31029,2021-04-18,3,2021-03-21,spatial,5.007137405824446,0.2299148494977835,4.567782132912987,5.488752368497423
31031,2021-03-28,0,2021-03-21,spatial,1.0002552828037996,0.009806036304568307,0.9808315145453976,1.0200637071094036
31031,2021-04-04,1,2021-03-21,spatial,1.000269806005246,0.009881776580305326,0.9807059598043656,1.0202239262473365
31031,2021-04-11,2,2021-03-21,spatial,0.9987288841859848,0.0614768623059327,0.8833248978896122,1.1292100862213366
31031,2021-04-18,3,2021-03-21,spatial,1.002807983940913,0.06570005652149727,0.8798107356596112,1.1430002066316032
31033,2021-03-28,0,2021-03-21,spatial,3.995962685538074,0.1773851498713267,3.6562666038027167,4.367219219628393
31033,2021-04-04,1,2021-03-21,spatial,4.0016823778315285,0.18508998404825552,3.648490988501282,4.389064384019586
31033,2021-04-11,2,2021-03-21,spatial,4.010544883417541,0.2463033551028,3.546812217228513,4.534908891927484
31033,2021-04-18,3,2021-03-21,spatial,4.005556544629425,0.2973949012978093,3.451643434322762,4.64836056722402
31035,2021-03-28,0,2021-03-21,spatial,0.9976959346907972,0.057127002228830874,0.8902959290642642,1.1180520382079526
31035,2021-04-04,1,2021-03-21,spatial,0.99929642667137,0.026633896799122692,0.9473975722836868,1.0540383230569987
31035,2021-04-11,2,2021-03-21,spatial,1.0012684155164029,0.03521150623851724,0.9333268663288145,1.0741557712295935
31035,2021-04-18,3,2021-03-21,spatial,1.0009252229874293,0.06822797609905408,0.8742464333574193,1.1459598389952443
31037,2021-03-28,0,2021-03-21,spatial,4.998528041469972,0.3652055821404427,4.320522408309738,5.782930909768455
31037,2021-04-04,1,2021-03-21,spatial,5.00604709999942,0.1874971514362955,4.645257699618162,5.394858410002222
31037,2021-04-11,2,2021-03-21,spatial,4.998285498134416,0.10521163598903553,4.792360774600998,5.213058677315634
31037,2021-04-18,3,2021-03-21,spatial,5.0109570251212086,0.3426573681068804,4.3721215565633615,5.743136365894794
31039,2021-03-28,0,2021-03-21,spatial,17.930073630706637,0.8580091574467557,16.300391246776837,19.72268858676205
31039,2021-04-04,1,2021-03-21,spatial,18.01672395541909,0.6576492842863638,16.749026661992918,19.38037049175898
31039,2021-04-11,2,2021-03-21,spatial,17.97688607674634,0.8878841295973775,16.286039000529758,19.843280063728468
31039,2021-04-18,3,2021-03-21,spatial,17.93533156085615,1.5265010488422674,15.153068388533011,21.228447595555565
31041,2021-03-28,0,2021-03-21,spatial,0.9968365919783824,0.07091581590079052,0.8653167509867451,1.1483461864963913
31041,2021-04-04,1,2021-03-21,spatial,1.0054014470508164,0.06293789286717781,0.8872745659271767,1.1392550948145177
31041,2021-04-11,2,2021-03-21,spatial,0.9990456201284702,0.0824314895383134,0.8475960492769217,1.1775563984156665
31041,2021-04-18,3,2021-03-21,spatial,0.998581801405189,0.06671644628339744,0.8738753082418138,1.1410845514148598
31043,2021-03-28,0,2021-03-21,spatial,20.99043602997432,0.9669728883879612,19.143163906505137,23.015965745282163
31043,2021-04-04,1,2021-03-21,spatial,21.00281862835102,1.0917356354911734,18.93475009024745,23.29676326505156
31043,2021-04-11,2,2021-03-21,spatial,21.02379345001123,1.2747443572380932,18.62229095270376,23.7349900799698
31043,2021-04-18,3,2021-03-21,spatial,21.01492288070675,0.9132217862785456,19.2682911089752,22.919883303835977
31045,2021-03-28,0,2021-03-21,spatial,1.9981236570222625,0.13341701454955962,1.7483911272556192,2.28352688738411
31045,2021-04-04,1,2021-03-21,spatial,1.996356407363304,0.07641759513840654,1.8495952271634641,2.1547627538661964
31045,2021-04-11,2,2021-03-21,spatial,2.000744789108825,0.0829180461462691,1.8416434297800184,2.1735910689423013
31045,2021-04-18,3,2021-03-21,spatial,1.9987604127967065,0.04666895261789805,1.907641262814119,2.094231900745239
31047,2021-03-28,0,2021-03-21,spatial,16.011550571446413,0.7367855301610308,14.605388842452134,17.553093208776463
31047,2021-04-04,1,2021-03-21,spatial,15.993700190044212,0.8455295781383059,14.392583253943414,17.772934938481892
31047,2021-04-11,2,2021-03-21,spatial,16.024573563366786,0.8861994789705274,14.35419143508702,17.889336299366207
31047,2021-04-18,3,2021-03-21,spatial,15.96954497476578,1.0384239675814688,14.014418175568435,18.19742807058937
31049,2021-03-28,0,2021-03-21,spatial,1.0010586226364049,0.010090335732667051,0.9810903915123736,1.021433269170955
31049,2021-04-04,1,2021-03-21,spatial,0.9997855373791468,0.010125181691764127,0.9797361019283244,1.0202452668480269
31049,2021-04-11,2,2021-03-21,spatial,1.000014727907023,0.010116089826792622,0.9799875574730014,1.020451176553339
31049,2021-04-18,3,2021-03-21,spatial,0.9993947622573937,0.009886967301247877,0.9798200401978904,1.0193605456628447
31051,2021-03-28,0,2021-03-21,spatial,11.00614413063051,0.7262032313612157,9.650545520183213,12.552161778924255
31051,2021-04-04,1,2021-03-21,spatial,10.918759640623746,0.6909799632850129,9.622160225809727,12.390077622063439
31051,2021-04-11,2,2021-03-21,spatial,10.995080814940437,0.5367771351707159,9.973878410231967,12.120841778364888
31051,2021-04-18,3,2021-03-21,spatial,10.98671779021154,0.2680182688643487,10.464259370038636,11.535261458384992
31053,2021-03-28,0,2021-03-21,spatial,36.05308438129432,1.8375736562155511,32.56294617050159,39.9173000685738
31053,2021-04-04,1,2021-03-21,spatial,35.882844147694776,2.061692521149552,32.000991245369306,40.23558189979731
31053,2021-04-11,2,2021-03-21,spatial,35.92719286827665,2.086121634405861,31.990269983535203,40.34861812853346
31053,2021-04-18,3,2021-03-21,spatial,35.89092179878222,2.710461915284238,30.867565164231568,41.73177446010485
31055,2021-03-28,0,2021-03-21,spatial,843.6115355415167,60.249227210445824,731.6119503897166,972.7566950206544
31055,2021-04-04,1,2021-03-21,spatial,847.2818692257587,53.706948237557924,746.8836454242198,961.1759078095027
31055,2021-04-11,2,2021-03-21,spatial,848.0995815325406,27.355580390836977,795.1499724610562,904.575143188976
31055,2021-04-18,3,2021-03-21,spatial,846.4095353020963,57.43809396530399,739.6504920464749,968.5778744879086
31057,2021-03-28,0,2021-03-21,spatial,1.000022533921211,0.04435409529344343,0.9149763624066188,1.0929736651554895
31057,2021-04-04,1,2021-03-21,spatial,0.999065452162194,0.04106980105314263,0.920125299646568,1.0847781036859268
31057,2021-04-11,2,2021-03-21,spatial,1.0001453849706567,0.04482781314168996,0.9142142920493491,1.0941535259045234
31057,2021-04-18,3,2021-03-21,spatial,0.9981739470872,0.0543093676499188,0.8954239008985305,1.1127145786971202
31059,2021-03-28,0,2021-03-21,spatial,8.004793171874201,0.3678864648976897,7.303700258477702,8.773185023592308
31059,2021-04-04,1,2021-03-21,spatial,7.991642856015386,0.3665127080462777,7.2925322293142685,8.757774875697358
31059,2021-04-11,2,2021-03-21,spatial,8.021813910914675,0.41924813596210597,7.2259062044421025,8.90538800265433
31059,2021-04-18,3,2021-03-21,spatial,8.026917644753443,0.3826115741238563,7.299093590495701,8.827316169716145
31061,2021-03-28,0,2021-03-21,spatial,1.0003614012387076,0.0579432915073433,0.8912878836389702,1.1227830552374352
31061,2021-04-04,1,2021-03-21,spatial,1.000772123501643,0.04442688051970791,0.9159321072118272,1.0934706134789538
31061,2021-04-11,2,2021-03-21,spatial,1.0000241095743183,0.010135178217310898,0.9799653016459972,1.0204934991577546
31061,2021-04-18,3,2021-03-21,spatial,1.0002043335841349,0.010018726609534815,0.9803629840898962,1.0204472477601716
31063,2021-03-28,0,2021-03-21,spatial,0.9997361162965258,0.010225535368750658,0.9794794957380102,1.0204116641304333
31063,2021-04-04,1,2021-03-21,spatial,0.9998781985242616,0.05412562839641258,0.8976276363461807,1.1137763270677141
31063,2021-04-11,2,2021-03-21,spatial,0.9996171795377029,0.009910272787292349,0.9799984604453448,1.019628648368311
31063,2021-04-18,3,2021-03-21,spatial,1.0000447686066982,0.010437059967286005,0.9793836975625267,1.021141705448671
31065,2021-03-28,0,2021-03-21,spatial,0.9976366651385092,0.0633413141693756,0.8794334723710708,1.1317273527755094
31065,2021-04-04,1,2021-03-21,spatial,1.0012892606321024,0.07582807212315784,0.8611346391546256,1.164254853853532
31065,2021-04-11,2,2021-03-21,spatial,0.9996110414778956,0.08395119175223957,0.8461873504854616,1.1808522470482041
31065,2021-04-18,3,2021-03-21,spatial,1.0000502946707073,0.09062517954293367,0.8343840067471179,1.1986094936909253
31067,2021-03-28,0,2021-03-21,spatial,8.995585863252163,0.39652327427092265,8.23798083607247,9.822863955789657
31067,2021-04-04,1,2021-03-21,spatial,9.017482766413506,0.4057345645896915,8.24305282770486,9.864669939911737
31067,2021-04-11,2,2021-03-21,spatial,8.999000256590218,0.2957552023131051,8.427480699845162,9.60927808705616
31067,2021-04-18,3,2021-03-21,spatial,8.98976799008503,0.3030780282601066,8.40340938845754,9.617040510552982
31069,2021-03-28,0,2021-03-21,spatial,1.0019023059378158,0.051495246195480286,0.9043576369627075,1.1099682134767068
31069,2021-04-04,1,2021-03-21,spatial,0.9975032158513524,0.053305890539951085,0.8968468715128742,1.1094565831013288
31069,2021-04-11,2,2021-03-21,spatial,0.9976270925550788,0.07852198108472422,0.852716647873662,1.1671635804011613
31069,2021-04-18,3,2021-03-21,spatial,0.9995519000731647,0.00992707727219248,0.9798859225467323,1.0196125670865783
31071,2021-03-28,0,2021-03-21,spatial,0.9999490933258192,0.010117911574306748,0.9799199419303566,1.020387632150251
31071,2021-04-04,1,2021-03-21,spatial,0.9998940013093645,0.010071803132516837,0.9799486679658906,1.0202452909393118
31071,2021-04-11,2,2021-03-21,spatial,0.9997496164316638,0.009987247557580207,0.9799719268483412,1.0199264572503817
31071,2021-04-18,3,2021-03-21,spatial,1.0001363121781668,0.009865515232091093,0.9805992147528152,1.0200626595336275
31073,2021-03-28,0,2021-03-21,spatial,1.0002484893931514,0.01004411410840737,0.9803363323777162,1.020565093315135
31073,2021-04-04,1,2021-03-21,spatial,1.0035245035630638,0.052165144907042944,0.9048352129229108,1.1129777166809844
31073,2021-04-11,2,2021-03-21,spatial,1.0009436173220594,0.05174345172528591,0.9027153167335232,1.1098605579033518
31073,2021-04-18,3,2021-03-21,spatial,0.9999357800369828,0.00974233515532231,0.9806209727127728,1.019631021588435
31075,2021-03-28,0,2021-03-21,spatial,0.9999023326821852,0.010198900964895005,0.979700623880932,1.0205206065325385
31075,2021-04-04,1,2021-03-21,spatial,0.9994790501244925,0.009762216917072877,0.9801393380513472,1.0192003655560085
31075,2021-04-11,2,2021-03-21,spatial,1.0001039922207076,0.009881225352716532,0.9805360893864259,1.0200623986024633
31075,2021-04-18,3,2021-03-21,spatial,1.0001233002935668,0.010015708097239026,0.9802957202421886,1.0203519153822058
31077,2021-03-28,0,2021-03-21,spatial,0.99986143501001,0.010190037070932157,0.9796846060342502,1.0204538104024523
31077,2021-04-04,1,2021-03-21,spatial,1.0001648890897454,0.010094643302694438,0.9801791764880264,1.0205581075003816
31077,2021-04-11,2,2021-03-21,spatial,1.0001650502394936,0.00990544658506264,0.980548484264362,1.020174059491865
31077,2021-04-18,3,2021-03-21,spatial,0.9992776291283456,0.06705395229105543,0.8741723664102872,1.1422870573876065
31079,2021-03-28,0,2021-03-21,spatial,41.98792386708666,1.4260410236094492,39.22979390929602,44.93996972669547
31079,2021-04-04,1,2021-03-21,spatial,41.9633193177114,0.9622995609552653,40.08258521790935,43.93230023929228
31079,2021-04-11,2,2021-03-21,spatial,42.02057962395693,1.5097354536045473,39.10739272149042,45.15077557095734
31079,2021-04-18,3,2021-03-21,spatial,42.17950446963064,2.009109207610324,38.342963983233325,46.399923544814214
31081,2021-03-28,0,2021-03-21,spatial,2.0018644056957107,0.09752248802995622,1.8162503689968297,2.2064475070168235
31081,2021-04-04,1,2021-03-21,spatial,1.9975579482487864,0.10308013691690164,1.8022531334139489,2.2140273653198346
31081,2021-04-11,2,2021-03-21,spatial,2.0043010109652157,0.10077500564261843,1.8131060428435792,2.215657798071086
31081,2021-04-18,3,2021-03-21,spatial,1.999938511207165,0.1192736898607005,1.7760668604351446,2.2520289847813357
31083,2021-03-28,0,2021-03-21,spatial,2.001355723678698,0.07197740187673507,1.8624368795360768,2.1506365003356334
31083,2021-04-04,1,2021-03-21,spatial,2.001637253668069,0.07571916036740725,1.8560369817355036,2.158659409644676
31083,2021-04-11,2,2021-03-21,spatial,1.9975664351243196,0.07509272401223274,1.853150902515254,2.1532362298824914
31083,2021-04-18,3,2021-03-21,spatial,1.9984853496328925,0.1004745443956581,1.8082064451579056,2.2087874442613904
31085,2021-03-28,0,2021-03-21,spatial,0.9997912142728416,0.010467081951657449,0.9790740958178312,1.0209467050624
31085,2021-04-04,1,2021-03-21,spatial,1.000064100854938,0.010157851725416596,0.9799666974246712,1.0205736668879752
31085,2021-04-11,2,2021-03-21,spatial,0.9999078330211406,0.010231535917711351,0.97965484217272,1.0205795260702224
31085,2021-04-18,3,2021-03-21,spatial,0.9998562133678834,0.009899368567948165,0.9802587441382112,1.0198454779296602
31087,2021-03-28,0,2021-03-21,spatial,2.9946574531364285,0.13546114135250706,2.7359383356483726,3.2778418814400268
31087,2021-04-04,1,2021-03-21,spatial,2.9904302469450545,0.13286700420149306,2.7375799470944138,3.2666344854459317
31087,2021-04-11,2,2021-03-21,spatial,2.9950561583126185,0.1608917373718839,2.6918268402153416,3.3324436986179715
31087,2021-04-18,3,2021-03-21,spatial,3.002775630855377,0.11406065795590098,2.7828297112369893,3.240105369311633
31089,2021-03-28,0,2021-03-21,spatial,3.0030268793709065,0.1895699837480564,2.648954772322522,3.4044259767852907
31089,2021-04-04,1,2021-03-21,spatial,3.00583092323852,0.2241019651787461,2.5905049104145967,3.4877446102392926
31089,2021-04-11,2,2021-03-21,spatial,3.0048731785482503,0.1462477524970431,2.726726040572126,3.3113934751083867
31089,2021-04-18,3,2021-03-21,spatial,2.997749229365422,0.14184768977776974,2.7275452805315274,3.294720900255686
31091,2021-03-28,0,2021-03-21,spatial,1.00013432640621,0.009480717952903592,0.9813523989476164,1.0192757178039944
31091,2021-04-04,1,2021-03-21,spatial,1.0000752665682962,0.0096791114527438,0.9809132450046734,1.019611615904813
31091,2021-04-11,2,2021-03-21,spatial,1.0007082982291693,0.01031058589726928,0.98028016391419,1.021562136018474
31091,2021-04-18,3,2021-03-21,spatial,0.9998701719100856,0.00997989323480424,0.980111366813839,1.0200273096775476
31093,2021-03-28,0,2021-03-21,spatial,1.999980502914836,0.08154823582739314,1.8433357315499448,2.169936785566565
31093,2021-04-04,1,2021-03-21,spatial,1.9992458819919603,0.12714080824581592,1.7615565972246594,2.2690069129536226
31093,2021-04-11,2,2021-03-21,spatial,2.001572320785065,0.1102823325819558,1.7932466714442088,2.2340996468190317
31093,2021-04-18,3,2021-03-21,spatial,2.0002657784997377,0.02456420979275479,1.9517406961275487,2.0499973139749947
31095,2021-03-28,0,2021-03-21,spatial,3.0001179093256987,0.14526650033900868,2.722970223068062,3.305474071514232
31095,2021-04-04,1,2021-03-21,spatial,3.003203878125285,0.1818083800768772,2.6621387197597035,3.38796527267402
31095,2021-04-11,2,2021-03-21,spatial,3.0019154482024644,0.2395769097579297,2.5620448373941307,3.5173062651480547
31095,2021-04-18,3,2021-03-21,spatial,3.0022876433809413,0.19619370790244967,2.635247187768,3.4204499431540336
31097,2021-03-28,0,2021-03-21,spatial,1.9955583456381345,0.12495509000525575,1.7603077864262857,2.2622481940676047
31097,2021-04-04,1,2021-03-21,spatial,2.001511658154542,0.11783611073755774,1.7798914002615984,2.2507265989035945
31097,2021-04-11,2,2021-03-21,spatial,2.0008382213591087,0.13317394247489842,1.7528390526816855,2.283925373482929
31097,2021-04-18,3,2021-03-21,spatial,2.005487722954669,0.09503722676270457,1.8241511011934328,2.2048507956882326
31099,2021-03-28,0,2021-03-21,spatial,1.0005834096004134,0.046186635816614224,0.912296760903787,1.0974139144983484
31099,2021-04-04,1,2021-03-21,spatial,0.998547181196374,0.033572435399349836,0.9337513843108491,1.0678393519182052
31099,2021-04-11,2,2021-03-21,spatial,0.9986901870025888,0.04181057656696261,0.9184670554216804,1.0859203753991526
31099,2021-04-18,3,2021-03-21,spatial,1.0010565107063998,0.023464902092228915,0.9552920274068859,1.0490133999630291
31101,2021-03-28,0,2021-03-21,spatial,6.001920227316146,0.3399025516320652,5.359845765397892,6.720911009720537
31101,2021-04-04,1,2021-03-21,spatial,5.998468216567183,0.0587794139533989,5.8820881561946035,6.117150914726317
31101,2021-04-11,2,2021-03-21,spatial,5.995268890934595,0.2936693917909352,5.437436595998715,6.610329783166196
31101,2021-04-18,3,2021-03-21,spatial,5.9947042894684905,0.39081027009508496,5.264003537749593,6.826834226166778
31103,2021-03-28,0,2021-03-21,spatial,0.9997070716455532,0.009857143223798557,0.9801909959564109,1.0196117218185212
31103,2021-04-04,1,2021-03-21,spatial,1.0002020589169118,0.009981688549678923,0.9804394489574786,1.0203630216280872
31103,2021-04-11,2,2021-03-21,spatial,0.9998940965182314,0.0097646797295692,0.9805590502217316,1.0196103988086491
31103,2021-04-18,3,2021-03-21,spatial,0.9999353142651244,0.00988852329320522,0.9803589626766682,1.0199025773014323
31105,2021-03-28,0,2021-03-21,spatial,1.0007194470444596,0.030195564190010474,0.9420947652747294,1.0629922260537492
31105,2021-04-04,1,2021-03-21,spatial,0.9979756693475759,0.0583720456779067,0.8881862060247209,1.1213363029666572
31105,2021-04-11,2,2021-03-21,spatial,1.0013097356085985,0.03770541345388154,0.9288586205857564,1.0794120487273815
31105,2021-04-18,3,2021-03-21,spatial,0.9976706387590324,0.05516386623798798,0.8933895081949227,1.1141240123279883
31107,2021-03-28,0,2021-03-21,spatial,2.000159299985125,0.03216501709248746,1.9368475328725627,2.065540605245056
31107,2021-04-04,1,2021-03-21,spatial,2.00190195922664,0.11809825847536436,1.7793471375027523,2.2522931978186063
31107,2021-04-11,2,2021-03-21,spatial,2.0012081668737207,0.08450175213909944,1.8398708618567536,2.1766930550334918
31107,2021-04-18,3,2021-03-21,spatial,2.009781622059546,0.1535748731288502,1.7266547648133517,2.3393339830761897
31109,2021-03-28,0,2021-03-21,spatial,313.56925509192143,11.912252112122527,290.6262271518964,338.32348409323845
31109,2021-04-04,1,2021-03-21,spatial,313.8479990343876,14.471593792990566,286.222940519878,344.1393143365047
31109,2021-04-11,2,2021-03-21,spatial,313.34564794451205,16.162149029294635,282.74222863945613,347.26151646406214
31109,2021-04-18,3,2021-03-21,spatial,313.9489644101355,21.200791906385923,274.41280345502776,359.18131739195513
31111,2021-03-28,0,2021-03-21,spatial,13.911487343655754,1.189190491127848,11.735313226914592,16.49120704071537
31111,2021-04-04,1,2021-03-21,spatial,13.995612888190019,1.0656973894781323,12.021095304508936,16.294453637897707
31111,2021-04-11,2,2021-03-21,spatial,14.003639872167124,0.6434087469519951,12.772464537227426,15.35349181027498
31111,2021-04-18,3,2021-03-21,spatial,13.998472677617285,0.5532324391092488,12.935979037197692,15.14823398696908
31113,2021-03-28,0,2021-03-21,spatial,0.9999444892389008,0.009930977332598316,0.9802812700131625,1.0200021281094358
31113,2021-04-04,1,2021-03-21,spatial,0.9980712150117792,0.06946817958311954,0.8688906621440851,1.1464574239720642
31113,2021-04-11,2,2021-03-21,spatial,1.0000012590948373,0.021636880199807758,0.9576462650911368,1.044229539282015
31113,2021-04-18,3,2021-03-21,spatial,1.000944743773854,0.041490038820417775,0.921402173854286,1.0873540442145182
31115,2021-03-28,0,2021-03-21,spatial,0.9998929200229733,0.009692804304656369,0.9806968080901226,1.0194647757232134
31115,2021-04-04,1,2021-03-21,spatial,0.9999264811924674,0.01001238884981084,0.98010725054413,1.0201464862491911
31115,2021-04-11,2,2021-03-21,spatial,1.0005363132567209,0.0101666449915014,0.9804118607044954,1.0210738509691315
31115,2021-04-18,3,2021-03-21,spatial,0.9999735126665176,0.010057335596243321,0.9800647140735476,1.0202867337998809
31117,2021-03-28,0,2021-03-21,spatial,0.99938584379736,0.009461226317529572,0.9806492558062428,1.018480418833764
31117,2021-04-04,1,2021-03-21,spatial,0.9998909323679468,0.010187972623378413,0.9797303981816546,1.0204663226610118
31117,2021-04-11,2,2021-03-21,spatial,0.999911961124585,0.009934595460226766,0.9802416042080709,1.0199770400561226
31117,2021-04-18,3,2021-03-21,spatial,0.9997287536318262,0.010323796157742588,0.9792781228318038,1.0206064625931677
31119,2021-03-28,0,2021-03-21,spatial,7.9986039621496525,0.5525397892333112,6.967164823923607,9.182740319797206
31119,2021-04-04,1,2021-03-21,spatial,8.024329191468272,0.4463908789976248,7.182265812192449,8.96511778549648
31119,2021-04-11,2,2021-03-21,spatial,7.993507098089322,0.4400628032957359,7.161308356033435,8.922413691818141
31119,2021-04-18,3,2021-03-21,spatial,8.004452274197831,0.3312924493265129,7.369425267543765,8.69419987093048
31121,2021-03-28,0,2021-03-21,spatial,1.0013285858481442,0.04776098653241958,0.910322090211837,1.1014331604359069
31121,2021-04-04,1,2021-03-21,spatial,1.00111141736623,0.03738735491007167,0.929231024134803,1.078552097326047
31121,2021-04-11,2,2021-03-21,spatial,0.9999225995437108,0.049182983416484714,0.906426916784608,1.103062129515118
31121,2021-04-18,3,2021-03-21,spatial,1.0004172238566669,0.08311915830145823,0.8471256908244483,1.1814476088135606
31123,2021-03-28,0,2021-03-21,spatial,3.9912660970318754,0.21946789519248527,3.5777155753498917,4.452619198427511
31123,2021-04-04,1,2021-03-21,spatial,4.000477985837464,0.2142817771342324,3.5963676807715457,4.449996645431092
31123,2021-04-11,2,2021-03-21,spatial,3.9926927986223513,0.2155969891923694,3.5851696419022114,4.446538762866608
31123,2021-04-18,3,2021-03-21,spatial,4.002278459978176,0.17930716768137558,3.6601211363005084,4.376421510298924
31125,2021-03-28,0,2021-03-21,spatial,5.996551549873353,0.3766197744858257,5.2907211238603695,6.796546188783307
31125,2021-04-04,1,2021-03-21,spatial,5.989177495497778,0.2391480572357045,5.530655152264478,6.485713913638293
31125,2021-04-11,2,2021-03-21,spatial,6.024801473171856,0.3694560679857447,5.330077647653675,6.810075798260166
31125,2021-04-18,3,2021-03-21,spatial,6.0009755641466125,0.3127241913517001,5.409592008620495,6.657009930526741
31127,2021-03-28,0,2021-03-21,spatial,2.9965363100856317,0.16498232449265066,2.684978985378613,3.3442458606041683
31127,2021-04-04,1,2021-03-21,spatial,3.001929184796704,0.1122181924754772,2.7858690640502104,3.2347460068467098
31127,2021-04-11,2,2021-03-21,spatial,3.0030557444040684,0.07010639652436615,2.8660558160749883,3.1466043869127214
31127,2021-04-18,3,2021-03-21,spatial,3.003091021693136,0.17456470638315724,2.6741708412623018,3.3724680358555004
31129,2021-03-28,0,2021-03-21,spatial,0.99771912150711,0.07898566404992406,0.8525727298512616,1.1675759856811072
31129,2021-04-04,1,2021-03-21,spatial,0.9998650909793474,0.05113359219923057,0.9028677643217062,1.1072830813825785
31129,2021-04-11,2,2021-03-21,spatial,1.0012889368542508,0.059046854981681725,0.8904926785273748,1.125870609879355
31129,2021-04-18,3,2021-03-21,spatial,1.001696572711302,0.060621189659561,0.8876607550321429,1.1303823201525165
31131,2021-03-28,0,2021-03-21,spatial,6.003474516648327,0.23403621322671034,5.55261184087929,6.49094647796206
31131,2021-04-04,1,2021-03-21,spatial,5.986971674172709,0.2769110881712006,5.458027467048393,6.56717652004234
31131,2021-04-11,2,2021-03-21,spatial,5.986009597332831,0.296807250356024,5.422790461138828,6.607725516253068
31131,2021-04-18,3,2021-03-21,spatial,5.988730453147,0.27563716635635016,5.463546601507332,6.564397644298586
31133,2021-03-28,0,2021-03-21,spatial,4.0056903158196935,0.3092071912739423,3.434791561182992,4.671478493072036
31133,2021-04-04,1,2021-03-21,spatial,3.9928561413762838,0.2886997253122431,3.457133565656395,4.611595086780883
31133,2021-04-11,2,2021-03-21,spatial,4.012295937819487,0.23037841663269795,3.5787724042303233,4.498335427425711
31133,2021-04-18,3,2021-03-21,spatial,3.995033887181216,0.21912695629623,3.580194001140489,4.45794159608167
31135,2021-03-28,0,2021-03-21,spatial,1.0024926598330306,0.06503416497679215,0.8806270514599406,1.141222645106106
31135,2021-04-04,1,2021-03-21,spatial,1.0023221979154142,0.056207938260435936,0.8960850176719589,1.1211545429518288
31135,2021-04-11,2,2021-03-21,spatial,0.9989567110584112,0.037945119428520586,0.9259820970111848,1.0776822940633861
31135,2021-04-18,3,2021-03-21,spatial,1.0016231522788053,0.06008505622097055,0.8886525890373209,1.1289551750113644
31137,2021-03-28,0,2021-03-21,spatial,9.97993394296938,0.4763020448470685,9.072151416841912,10.978551495638902
31137,2021-04-04,1,2021-03-21,spatial,9.99741204514319,0.9816280193492521,8.217291644843334,12.163161771566848
31137,2021-04-11,2,2021-03-21,spatial,10.007544895827149,0.5222674053092194,9.018512936492844,11.105040880602546
31137,2021-04-18,3,2021-03-21,spatial,10.000252000937197,0.5493938936922464,8.964388016275265,11.15581341422132
31139,2021-03-28,0,2021-03-21,spatial,0.9990329761272402,0.0468897454940346,0.9099790867387448,1.0968020056005925
31139,2021-04-04,1,2021-03-21,spatial,1.0027253431868637,0.0494331844461383,0.9091624563232354,1.1059168874344076
31139,2021-04-11,2,2021-03-21,spatial,0.9993554519831958,0.02887015738981854,0.9433702481942624,1.0586631508892774
31139,2021-04-18,3,2021-03-21,spatial,0.9982740933439344,0.05731781037849069,0.8905757182838259,1.11899656029478
31141,2021-03-28,0,2021-03-21,spatial,27.021671735404787,0.44052350541129226,26.155958988206425,27.91603793633428
31141,2021-04-04,1,2021-03-21,spatial,26.8485454402525,2.4508094085290075,22.36929070139631,32.224731748526466
31141,2021-04-11,2,2021-03-21,spatial,26.994604805624558,1.3190740359678457,24.478535028887617,29.76929329111748
31141,2021-04-18,3,2021-03-21,spatial,26.90882923788969,1.2587612102443286,24.50300707650672,29.550866499489942
31143,2021-03-28,0,2021-03-21,spatial,2.9978210340080915,0.14846682956050078,2.7151668591078306,3.309900060762504
31143,2021-04-04,1,2021-03-21,spatial,3.0035563745229985,0.1695489241604521,2.682689574029795,3.3628008929062694
31143,2021-04-11,2,2021-03-21,spatial,3.007055162708273,0.13617566704935416,2.746698163765477,3.292091162712317
31143,2021-04-18,3,2021-03-21,spatial,2.9973189667026348,0.1225825897279394,2.762741442610644,3.2518138865959245
31145,2021-03-28,0,2021-03-21,spatial,7.988968407126072,0.26196363333408473,7.4824476981235,8.529777792641923
31145,2021-04-04,1,2021-03-21,spatial,8.007003765844255,0.35825358962285864,7.322892543693015,8.755025275014024
31145,2021-04-11,2,2021-03-21,spatial,8.004701764651244,0.3461015175091675,7.342437182069628,8.726700515393409
31145,2021-04-18,3,2021-03-21,spatial,8.009661957931035,0.4610982029975113,7.1435804143406285,8.980746482749469
31147,2021-03-28,0,2021-03-21,spatial,5.994230816296108,0.21738167465066166,5.575173836766106,6.444786141390642
31147,2021-04-04,1,2021-03-21,spatial,6.002283579134216,0.24295794956479966,5.536354616773207,6.507424227341559
31147,2021-04-11,2,2021-03-21,spatial,5.998088738082537,0.2531578091315417,5.5135172967566755,6.525248144424262
31147,2021-04-18,3,2021-03-21,spatial,5.994324498594849,0.17502816925253248,5.6542187931754695,6.354887829566041
31149,2021-03-28,0,2021-03-21,spatial,1.0000148433225733,0.010426346825777907,0.9793842872719484,1.0210799783719522
31149,2021-04-04,1,2021-03-21,spatial,1.0003140516590319,0.009776573232600477,0.9809576927773922,1.0200523522206375
31149,2021-04-11,2,2021-03-21,spatial,1.0002896796931708,0.009760407183961251,0.9809502108780354,1.0200104268340604
31149,2021-04-18,3,2021-03-21,spatial,1.000015379215938,0.009641078735782242,0.9809173764970588,1.0194852111189965
31151,2021-03-28,0,2021-03-21,spatial,11.998974887513272,0.1186277686825164,11.764012631841496,12.238630036955064
31151,2021-04-04,1,2021-03-21,spatial,12.003354556413212,0.5567398499969446,10.944881337761016,13.16419211507324
31151,2021-04-11,2,2021-03-21,spatial,11.993457520280385,0.4947092396293627,11.044088538613144,13.024435904136018
31151,2021-04-18,3,2021-03-21,spatial,12.005438029066966,0.5279779036327442,10.994251926852384,13.109627033171995
31153,2021-03-28,0,2021-03-21,spatial,196.0157156073164,5.715114056513503,184.9170948537832,207.7804693796933
31153,2021-04-04,1,2021-03-21,spatial,196.09468713770084,6.910554903100189,182.74632255127202,210.41805814091947
31153,2021-04-11,2,2021-03-21,spatial,195.6414514791996,15.98949871085985,166.32019261497263,230.13187355726
31153,2021-04-18,3,2021-03-21,spatial,195.9558407063474,12.627886837958107,172.18121010392082,223.01325146777444
31155,2021-03-28,0,2021-03-21,spatial,14.019619471111467,0.9753443302268704,12.203908829745961,16.10547348860023
31155,2021-04-04,1,2021-03-21,spatial,13.96444670005333,1.0118184348581238,12.084885076522633,16.136336456973755
31155,2021-04-11,2,2021-03-21,spatial,13.978156860727092,0.5963991217361109,12.834943221357513,15.223197006275985
31155,2021-04-18,3,2021-03-21,spatial,13.968188768533787,0.8399838402272573,12.388564355730814,15.7492258078425
31157,2021-03-28,0,2021-03-21,spatial,32.05951826599193,1.5825347603805704,29.04904247253075,35.381982467043
31157,2021-04-04,1,2021-03-21,spatial,31.989131305135373,1.0681753298093657,29.926809468305503,34.19357224634789
31157,2021-04-11,2,2021-03-21,spatial,32.058215187059496,2.244018469996244,27.883063799131694,36.858544971367785
31157,2021-04-18,3,2021-03-21,spatial,32.106208147557304,2.513258159626849,27.479452249632807,37.51197775887431
31159,2021-03-28,0,2021-03-21,spatial,16.02089810284134,0.957902323158738,14.219185112315776,18.05090615209125
31159,2021-04-04,1,2021-03-21,spatial,15.981928444720756,0.7311830040402618,14.584039001141393,17.513806483388056
31159,2021-04-11,2,2021-03-21,spatial,16.012196024113614,0.6817423631871709,14.705787968736903,17.434660560841845
31159,2021-04-18,3,2021-03-21,spatial,15.976928634819224,0.8502599909343822,14.36467923336246,17.770132173174538
31161,2021-03-28,0,2021-03-21,spatial,1.0003440442794589,0.062387147814896834,0.8833446766521529,1.1328400265205183
31161,2021-04-04,1,2021-03-21,spatial,1.0014252350003248,0.05105984774192101,0.9048383151174424,1.1083223207289707
31161,2021-04-11,2,2021-03-21,spatial,1.001752692068646,0.04715872355281227,0.9117380800363328,1.1006543195242977
31161,2021-04-18,3,2021-03-21,spatial,1.0010472673180428,0.0487891143333884,0.9081728417575116,1.1034195092925796
31163,2021-03-28,0,2021-03-21,spatial,4.007698397603032,0.22177493037934454,3.5896351605954533,4.474450947679479
31163,2021-04-04,1,2021-03-21,spatial,3.9995486468563235,0.15875533417337892,3.695455994338449,4.328664555355877
31163,2021-04-11,2,2021-03-21,spatial,3.99702333956552,0.15226623104651654,3.7045584570812515,4.3125775344408614
31163,2021-04-18,3,2021-03-21,spatial,4.006947610785302,0.19788390798039127,3.629968807405132,4.423076342370924
31165,2021-03-28,0,2021-03-21,spatial,1.0003065489548957,0.00982783616385474,0.9808370240074856,1.0201625421864335
31165,2021-04-04,1,2021-03-21,spatial,1.0001303286434546,0.0103416221374446,0.9796556861002884,1.021032887844706
31165,2021-04-11,2,2021-03-21,spatial,1.0000687970178277,0.009811707527838413,0.9806298832308136,1.0198930461649822
31165,2021-04-18,3,2021-03-21,spatial,0.9997910402894924,0.01012401473073517,0.9797495199758044,1.0202425251178795
31167,2021-03-28,0,2021-03-21,spatial,0.9991164367520295,0.03403349453743272,0.933249515367237,1.0696321163320013
31167,2021-04-04,1,2021-03-21,spatial,1.000034774007945,0.04516178323132677,0.9136080186503244,1.0946374471433895
31167,2021-04-11,2,2021-03-21,spatial,1.000833486349239,0.03289224822155385,0.9372486735385268,1.0687320192369387
31167,2021-04-18,3,2021-03-21,spatial,1.0003751780071362,0.0573251779436481,0.8920445741598092,1.121861536701108
31169,2021-03-28,0,2021-03-21,spatial,0.9987367929817138,0.05366462028757881,0.8969026873448702,1.1121331173711346
31169,2021-04-04,1,2021-03-21,spatial,1.001472560083972,0.06717663215320696,0.8760613759613177,1.14483678440976
31169,2021-04-11,2,2021-03-21,spatial,1.0007244265258757,0.04835133843231257,0.9085665463394887,1.1022300808677892
31169,2021-04-18,3,2021-03-21,spatial,1.0000601045055064,0.04882193522276606,0.9074126070167154,1.1021669799272928
31171,2021-03-28,0,2021-03-21,spatial,1.000541017999624,0.010146497451775222,0.980450638736558,1.0210430685115903
31171,2021-04-04,1,2021-03-21,spatial,1.0000979764093196,0.010081569610957387,0.9801346692841836,1.020467894629708
31171,2021-04-11,2,2021-03-21,spatial,1.000324889587047,0.009961029385859476,0.9806026390967468,1.0204438014250663
31171,2021-04-18,3,2021-03-21,spatial,0.9997295740753266,0.010454382823325394,0.9790213312060524,1.0208758373523936
31173,2021-03-28,0,2021-03-21,spatial,1.0004038405663287,0.07244588191973138,0.866239551312989,1.1553476664773636
31173,2021-04-04,1,2021-03-21,spatial,1.0021972467215383,0.033192691008488005,0.9380123380368656,1.070774104569142
31173,2021-04-11,2,2021-03-21,spatial,1.002638731916887,0.05198456026963553,0.9042914676746288,1.111681866605439
31173,2021-04-18,3,2021-03-21,spatial,1.0014141103195462,0.0718920287096863,0.8682234359345821,1.1550370317608525
31175,2021-03-28,0,2021-03-21,spatial,0.9995554534277072,0.07670470942911548,0.8585257643667041,1.163752033946318
31175,2021-04-04,1,2021-03-21,spatial,0.9965876576559812,0.0734194255520355,0.8603500280238172,1.1543987063887682
31175,2021-04-11,2,2021-03-21,spatial,0.9991859034027912,0.064409853934162,0.8785131957720275,1.1364342327055128
31175,2021-04-18,3,2021-03-21,spatial,1.0006702051614296,0.06986816772290676,0.8706963654771962,1.1500459852603382
31177,2021-03-28,0,2021-03-21,spatial,17.96241672939142,0.8869627386905747,16.276615165867995,19.82282013012837
31177,2021-04-04,1,2021-03-21,spatial,17.94999329713263,1.1759450363426016,15.741149016601975,20.468789097116343
31177,2021-04-11,2,2021-03-21,spatial,18.0110012401917,0.99620531776853,16.125557601380446,20.11689602884905
31177,2021-04-18,3,2021-03-21,spatial,17.96422797968905,1.0187840753803932,16.04010456051177,20.119163543404397
31179,2021-03-28,0,2021-03-21,spatial,8.976976875985443,0.382428383705635,8.244216790430487,9.774865930929677
31179,2021-04-04,1,2021-03-21,spatial,9.002814999635634,0.2603732728475146,8.496591723006938,9.53919884113022
31179,2021-04-11,2,2021-03-21,spatial,8.991211428946958,0.5292514451622075,7.993426004336126,10.113546171087687
31179,2021-04-18,3,2021-03-21,spatial,9.015088834400796,0.2722926980638622,8.488107419701434,9.574787720464153
31181,2021-03-28,0,2021-03-21,spatial,1.998679259241736,0.12171580242880695,1.769957465511833,2.2569575027431004
31181,2021-04-04,1,2021-03-21,spatial,2.000814186665933,0.11752146459015375,1.7786507687224276,2.2507270566886635
31181,2021-04-11,2,2021-03-21,spatial,2.0090352572527665,0.11169876459637837,1.7982816468903362,2.244488604921423
31181,2021-04-18,3,2021-03-21,spatial,2.000397257525212,0.13300477975472105,1.7514359506960169,2.2847476588134232
31183,2021-03-28,0,2021-03-21,spatial,0.9999243300027464,0.01018357615358584,0.9797818657045354,1.020480885316729
31183,2021-04-04,1,2021-03-21,spatial,1.0001181899471798,0.009505105822416936,0.9812916916091045,1.0193058826606936
31183,2021-04-11,2,2021-03-21,spatial,1.0001391907287376,0.010251898743114484,0.9798346406545051,1.020864500323619
31183,2021-04-18,3,2021-03-21,spatial,0.9999193279876744,0.010300543042040968,0.9795266024999504,1.0207366088185166
31185,2021-03-28,0,2021-03-21,spatial,1.0007888053733047,0.05361527957205254,0.8992221708527971,1.1138273336951396
31185,2021-04-04,1,2021-03-21,spatial,1.000387024211511,0.043965826243702134,0.9164272926995386,1.092038840596684
31185,2021-04-11,2,2021-03-21,spatial,1.002272595157058,0.04664388801437122,0.9131042440380854,1.1001485992008642
31185,2021-04-18,3,2021-03-21,spatial,1.0003480839133352,0.052059020422644084,0.901573780116662,1.109943868220738
32001,2021-03-28,0,2021-03-21,spatial,5.582059328868684,0.07860480333947167,5.427011499527531,5.7415368207203175
32001,2021-04-04,1,2021-03-21,spatial,7.041815776392192,0.23159553709524466,6.593875717411878,7.520185631904678
32001,2021-04-11,2,2021-03-21,spatial,7.0793895127793895,0.27483001897761217,6.551086300326166,7.650297000537995
32001,2021-04-18,3,2021-03-21,spatial,6.360272828272767,0.38777591101066616,5.634101504168736,7.180039340812937
32003,2021-03-28,0,2021-03-21,spatial,1307.966897813383,59.04211582716482,1195.3010070153878,1431.2523755395289
32003,2021-04-04,1,2021-03-21,spatial,1453.4065716959685,115.47460751305091,1241.2802122956507,1701.783885479273
32003,2021-04-11,2,2021-03-21,spatial,1454.756479036261,111.52235214065901,1248.532341256236,1695.0433267660533
32003,2021-04-18,3,2021-03-21,spatial,1441.3682414726225,110.09726588419731,1237.8131255468488,1678.3974613357327
32005,2021-03-28,0,2021-03-21,spatial,41.84043775773162,5.171250727029348,32.74591785667383,53.460777597407464
32005,2021-04-04,1,2021-03-21,spatial,41.83192125032724,3.5582743349829355,35.28579238535227,49.592470997477065
32005,2021-04-11,2,2021-03-21,spatial,42.06104076371845,2.755329687310188,36.916730998063436,47.922204981258744
32005,2021-04-18,3,2021-03-21,spatial,42.16161829737813,2.8508524039760257,36.862261765382435,48.2228157557919
32007,2021-03-28,0,2021-03-21,spatial,27.997121869351254,1.6580236378458355,24.883621129984242,31.500191586778225
32007,2021-04-04,1,2021-03-21,spatial,27.657754189494124,1.3490952339775035,25.097285358202246,30.479446517369233
32007,2021-04-11,2,2021-03-21,spatial,26.14545699157765,1.0559362135424941,24.119420592282925,28.3416808742558
32007,2021-04-18,3,2021-03-21,spatial,26.106031980146195,1.0404076027249145,24.107109502122807,28.270701872756767
32009,2021-03-28,0,2021-03-21,spatial,1.000267640797639,0.009971011287686416,0.9805329733473234,1.020399497439915
32009,2021-04-04,1,2021-03-21,spatial,0.9996450228035058,0.010073089598825163,0.9796926603725707,1.0200037338605743
32009,2021-04-11,2,2021-03-21,spatial,1.0002578672930935,0.009948976598281721,0.9805672763135688,1.0203438614055684
32009,2021-04-18,3,2021-03-21,spatial,1.0001027752055387,0.01022204796048265,0.9798780571325704,1.0207449321813924
32011,2021-03-28,0,2021-03-21,spatial,1.0000428701173611,0.009949490230595348,0.9803414411537402,1.0201402287917078
32011,2021-04-04,1,2021-03-21,spatial,1.0003303433523378,0.010253187579052888,0.9800334095865496,1.0210476357673954
32011,2021-04-11,2,2021-03-21,spatial,1.000121817049466,0.00971465020147598,0.9808858440293876,1.0197350232208655
32011,2021-04-18,3,2021-03-21,spatial,0.9997868344049338,0.009990799518658387,0.9800106478366301,1.0199620957751774
32013,2021-03-28,0,2021-03-21,spatial,3.358056823198222,0.12703004887030375,3.113836670030361,3.621431315380516
32013,2021-04-04,1,2021-03-21,spatial,2.9954459892222154,0.2257815875025847,2.5777490649636765,3.480826274482188
32013,2021-04-11,2,2021-03-21,spatial,3.003069577522719,0.15230521113560305,2.7144897002756334,3.3223286448744798
32013,2021-04-18,3,2021-03-21,spatial,3.0028740409067245,0.1788270270613622,2.6665789916429614,3.3815808696503966
32015,2021-03-28,0,2021-03-21,spatial,1.0541756267471964,0.049957351312268417,0.9590504130123464,1.1587360131959386
32015,2021-04-04,1,2021-03-21,spatial,0.9742715917374948,0.0092849414308698,0.9558687656004792,0.9930287175671222
32015,2021-04-11,2,2021-03-21,spatial,1.0024047463049917,0.040626975136298434,0.9245024104387266,1.086871450057048
32015,2021-04-18,3,2021-03-21,spatial,1.000121454669984,0.009934298241090336,0.980454280964798,1.020183137052484
32017,2021-03-28,0,2021-03-21,spatial,1.1013365962888586,0.028516199465526436,1.0457246817941506,1.1599059670697287
32017,2021-04-04,1,2021-03-21,spatial,1.323819731672359,0.030170033884430732,1.2648881473270277,1.3854969592912003
32017,2021-04-11,2,2021-03-21,spatial,1.3234354182786463,0.028351642338298295,1.2678794666424522,1.3814257210053085
32017,2021-04-18,3,2021-03-21,spatial,0.999975957684277,0.03154138510182131,0.9388901446174333,1.0650361191660336
32019,2021-03-28,0,2021-03-21,spatial,58.09233634622873,1.2209535144845942,55.7055427906872,60.581395909628384
32019,2021-04-04,1,2021-03-21,spatial,37.69551111068139,0.3840358313522764,36.93560372669005,38.471052711362894
32019,2021-04-11,2,2021-03-21,spatial,37.667621135773274,0.3837815773170983,36.90829860016728,38.442565380722336
32019,2021-04-18,3,2021-03-21,spatial,37.682225854977396,0.3708640993478792,36.947520013267386,38.43154140996853
32021,2021-03-28,0,2021-03-21,spatial,1.200536383690379,0.014393967572400485,1.1720957981253208,1.2296670723242966
32021,2021-04-04,1,2021-03-21,spatial,0.9375970855110658,0.05675347784692044,0.8309549291109884,1.057925362690071
32021,2021-04-11,2,2021-03-21,spatial,0.9761895093573816,0.04540748662065328,0.8894546268679251,1.0713823160772744
32021,2021-04-18,3,2021-03-21,spatial,0.6363895311138913,0.02678327670609541,0.5850914754806118,0.6921851578484988
32023,2021-03-28,0,2021-03-21,spatial,9.975901413120026,0.38710983448754205,9.233957447985377,10.777460213010045
32023,2021-04-04,1,2021-03-21,spatial,9.981264570585212,1.0136501948232095,8.161333488707907,12.207029962182352
32023,2021-04-11,2,2021-03-21,spatial,10.03816835597414,1.3520691227433839,7.695443897804655,13.094088564744991
32023,2021-04-18,3,2021-03-21,spatial,9.935656335176985,1.082395942245319,8.017205043731192,12.313177257195322
32027,2021-03-28,0,2021-03-21,spatial,1.0001286908952842,0.13008194728452058,0.7734907647643194,1.2931730331087927
32027,2021-04-04,1,2021-03-21,spatial,1.1161834591144273,0.06417860202972203,0.9954355459360452,1.2515782859945142
32027,2021-04-11,2,2021-03-21,spatial,0.9993428357534848,0.0912436303336207,0.8334385349905795,1.1982720517993628
32027,2021-04-18,3,2021-03-21,spatial,1.0325980262639505,0.06662943837384724,0.9087796206397784,1.1732863057531622
32029,2021-03-28,0,2021-03-21,spatial,4.104075895146091,0.2973450065789484,3.5503893463294913,4.744110380607269
32029,2021-04-04,1,2021-03-21,spatial,4.00269594918009,0.3383947411729765,3.3821809080804384,4.737054373201985
32029,2021-04-11,2,2021-03-21,spatial,1.8602716823047736,0.018248416438080586,1.8241306488905444,1.897128768758868
32029,2021-04-18,3,2021-03-21,spatial,2.7147481826409883,0.06019975861939712,2.5969201391676324,2.8379223465511503
32031,2021-03-28,0,2021-03-21,spatial,295.1695320889369,11.086704122768744,273.86945331240435,318.12621531842746
32031,2021-04-04,1,2021-03-21,spatial,295.57452115263305,11.177690011022491,274.0812923881604,318.75323117960545
32031,2021-04-11,2,2021-03-21,spatial,342.30478374579064,3.4408423487982405,335.4953605520808,349.25241524185867
32031,2021-04-18,3,2021-03-21,spatial,342.42367267534274,3.4216562377565225,335.6458498177624,349.3383626585368
32033,2021-03-28,0,2021-03-21,spatial,3.1449918943706483,0.03155371940755431,3.0825146477315273,3.2087354468651137
32033,2021-04-04,1,2021-03-21,spatial,1.7091093515211253,0.0327939378684589,1.6448082488381977,1.775924201207183
32033,2021-04-11,2,2021-03-21,spatial,1.7075074943401598,0.03344857971631545,1.6419944576884324,1.775634399724047
32033,2021-04-18,3,2021-03-21,spatial,1.7073992525087116,0.030833872994756838,1.6468492002711514,1.7701755613005257
32510,2021-03-28,0,2021-03-21,spatial,128.35261292788448,5.1530437162207825,118.46326529372514,139.0675261615295
32510,2021-04-04,1,2021-03-21,spatial,112.36512110309769,1.0467613569777705,110.29098515498434,114.47826332108171
32510,2021-04-11,2,2021-03-21,spatial,112.30127747741231,1.0686495925592177,110.18546420262301,114.45771921300786
32510,2021-04-18,3,2021-03-21,spatial,112.41942984180174,1.1281541500101724,110.18682632877777,114.69727032745159
33001,2021-03-28,0,2021-03-21,spatial,65.51287370532077,4.3544614038074,57.39353444666152,74.78083833847184
33001,2021-04-04,1,2021-03-21,spatial,52.20564215678825,2.824673790491838,46.866196285431535,58.15340883232362
33001,2021-04-11,2,2021-03-21,spatial,56.979324147446526,2.480259281374646,52.22604488667654,62.165216365599925
33001,2021-04-18,3,2021-03-21,spatial,63.27526872484631,3.095979673189482,57.39171346041832,69.7619811431978
33003,2021-03-28,0,2021-03-21,spatial,53.94124233874039,3.377666347376469,47.6121854356159,61.111616667572136
33003,2021-04-04,1,2021-03-21,spatial,54.700566883229214,0.5258835337535339,53.658939056536674,55.76241479903307
33003,2021-04-11,2,2021-03-21,spatial,54.692090666627465,0.5410848181125262,53.620696630504504,55.78489220494213
33003,2021-04-18,3,2021-03-21,spatial,54.70011926323781,0.5463341045824404,53.61953414739863,55.802481222370005
33005,2021-03-28,0,2021-03-21,spatial,105.13859037720331,5.346928792010573,94.99625134266165,116.3637830995241
33005,2021-04-04,1,2021-03-21,spatial,104.98289629419662,5.478353925931158,94.5939256454355,116.51285681523954
33005,2021-04-11,2,2021-03-21,spatial,105.11238791653588,5.081122155479282,95.43358811659384,115.77280401547846
33005,2021-04-18,3,2021-03-21,spatial,106.47547666640726,1.0403148907865851,104.4154555990464,108.57614005796837
33007,2021-03-28,0,2021-03-21,spatial,40.4733835817441,0.4090824900045455,39.663681910743506,41.29961465103649
33007,2021-04-04,1,2021-03-21,spatial,40.440329767571455,0.3964253380649869,39.655221870989344,41.24098150378409
33007,2021-04-11,2,2021-03-21,spatial,40.45899783530193,0.3976101148596689,39.67218768409101,41.26141262669498
33007,2021-04-18,3,2021-03-21,spatial,45.853367399455365,6.151749493420162,35.224007494600464,59.690292258532374
33009,2021-03-28,0,2021-03-21,spatial,90.65428474038508,6.44926649204542,78.66521437549633,104.47056436613138
33009,2021-04-04,1,2021-03-21,spatial,86.41321338315927,6.711124902042927,74.06364397928301,100.82198290556896
33009,2021-04-11,2,2021-03-21,spatial,88.67245504862645,3.8011713128354865,81.39459167148223,96.60106553621945
33009,2021-04-18,3,2021-03-21,spatial,88.61795436601378,3.936894256087165,81.1070573810591,96.82439592304628
33011,2021-03-28,0,2021-03-21,spatial,803.6359685504456,68.94803682529968,677.5203497018392,953.227117432307
33011,2021-04-04,1,2021-03-21,spatial,841.763325510444,47.28788175365303,752.8706866107474,941.1516596086408
33011,2021-04-11,2,2021-03-21,spatial,822.7990686406745,96.1358516256357,653.0753327709617,1036.6312634769033
33011,2021-04-18,3,2021-03-21,spatial,820.8592347809233,87.29905624324957,663.3392953178967,1015.7846641698025
33013,2021-03-28,0,2021-03-21,spatial,187.68391007704759,9.897496612816044,168.93275219455228,208.5164045705117
33013,2021-04-04,1,2021-03-21,spatial,187.75912431658818,9.574015122377316,169.55559913816606,207.91698382903272
33013,2021-04-11,2,2021-03-21,spatial,187.93208569228187,9.225162798221957,170.3478525447747,207.3314591586529
33013,2021-04-18,3,2021-03-21,spatial,181.98901957767032,9.079657965089028,164.69298181619004,201.1014852096498
33015,2021-03-28,0,2021-03-21,spatial,526.3545598183962,5.18620904008762,516.0881042139838,536.825244332207
33015,2021-04-04,1,2021-03-21,spatial,526.2460051974533,5.242252602559359,515.8647559864528,536.8361664031777
33015,2021-04-11,2,2021-03-21,spatial,656.8922966505045,36.32530577383013,588.2176375847233,733.5847513355507
33015,2021-04-18,3,2021-03-21,spatial,622.0937017234452,25.639361477234658,572.9212736863124,675.4864786813107
33017,2021-03-28,0,2021-03-21,spatial,248.17352015740084,15.294385704453232,219.52414516486388,280.5618309596939
33017,2021-04-04,1,2021-03-21,spatial,296.5754028819063,27.1035346505342,247.3459982920337,355.60296185069876
33017,2021-04-11,2,2021-03-21,spatial,298.61072178256256,29.249501102621625,245.97991088259602,362.50262407023246
33017,2021-04-18,3,2021-03-21,spatial,297.60705695885065,37.974794883069,231.08437379063716,383.27974712800386
33019,2021-03-28,0,2021-03-21,spatial,28.94660590121924,3.041616853125498,23.522280319033577,35.62180119597037
33019,2021-04-04,1,2021-03-21,spatial,27.307010877740264,1.6949623011796393,24.139705671991855,30.88988959555516
33019,2021-04-11,2,2021-03-21,spatial,27.40337709540155,1.783988665829128,24.062404219721433,31.208231287932048
33019,2021-04-18,3,2021-03-21,spatial,30.012688148580583,1.8782803977260492,26.49990539667917,33.99111945572561
34001,2021-03-28,0,2021-03-21,spatial,891.7123538188043,93.50958233446676,724.1812807204902,1097.9998283882378
34001,2021-04-04,1,2021-03-21,spatial,908.5690767298717,135.76872459867644,676.4938557871174,1220.259075715158
34001,2021-04-11,2,2021-03-21,spatial,775.1366004006426,7.620147378214455,760.0468404240021,790.5259483027133
34001,2021-04-18,3,2021-03-21,spatial,775.01593347655,7.764853856533249,759.6535675608148,790.688970330469
34003,2021-03-28,0,2021-03-21,spatial,3383.0514413092574,403.05648369998,2671.3540138941025,4284.358042781803
34003,2021-04-04,1,2021-03-21,spatial,3255.461269327271,225.53275080476794,2837.975363556944,3734.362254225847
34003,2021-04-11,2,2021-03-21,spatial,3405.5594879853306,209.0390689917671,3011.313234570206,3851.421131837927
34003,2021-04-18,3,2021-03-21,spatial,3403.6306692446947,221.94490863179212,2987.120109497769,3878.217583480717
34005,2021-03-28,0,2021-03-21,spatial,1068.9254922680693,80.61841486977964,918.8816031339804,1243.4700010572892
34005,2021-04-04,1,2021-03-21,spatial,1142.28872798563,183.5436474867493,832.9314473368922,1566.54373208612
34005,2021-04-11,2,2021-03-21,spatial,961.7873765644547,9.33660449278566,943.3097724494015,980.6269210132182
34005,2021-04-18,3,2021-03-21,spatial,1145.1869493568875,191.51108771167702,825.244356139285,1589.1694856450345
34007,2021-03-28,0,2021-03-21,spatial,1110.4693161023242,68.04413474994442,982.9029567639152,1254.5919142055784
34007,2021-04-04,1,2021-03-21,spatial,972.7988236412604,9.31390052594111,954.3458742370739,991.6085738143356
34007,2021-04-11,2,2021-03-21,spatial,1156.4563671054098,177.0825426778357,854.2338441754773,1565.6033042211263
34007,2021-04-18,3,2021-03-21,spatial,1139.5773230218686,103.05126232399677,952.1816727936605,1363.8536765106426
34009,2021-03-28,0,2021-03-21,spatial,266.67070202114445,16.52529340687568,235.7532252592956,301.6428014430571
34009,2021-04-04,1,2021-03-21,spatial,266.0170606828659,17.089500357807783,234.1131742132326,302.268664769365
34009,2021-04-11,2,2021-03-21,spatial,239.6127474924873,2.292707811316197,235.0727363530172,244.2404408594513
34009,2021-04-18,3,2021-03-21,spatial,239.64619292366015,2.4039610982583053,234.8851991708595,244.5036894003201
34011,2021-03-28,0,2021-03-21,spatial,259.50363971841074,31.108751907266736,204.4634445247327,329.36028825904265
34011,2021-04-04,1,2021-03-21,spatial,260.5753692620072,30.79577658190922,205.9170428875404,329.74212388585084
34011,2021-04-11,2,2021-03-21,spatial,280.3083400027714,31.499311914394102,224.39990554300647,350.14616109118964
34011,2021-04-18,3,2021-03-21,spatial,262.1410993441446,49.42908305930082,181.6860431048465,378.22363672536636
34013,2021-03-28,0,2021-03-21,spatial,2298.625957009928,21.844887677139806,2255.317889754045,2342.7656536773275
34013,2021-04-04,1,2021-03-21,spatial,2297.031490214832,22.895559110100645,2251.699140891618,2343.276493390349
34013,2021-04-11,2,2021-03-21,spatial,2942.1141654461244,419.4864165112601,2216.2215174585235,3905.7628916287877
34013,2021-04-18,3,2021-03-21,spatial,2952.1749699124653,325.73170174697213,2370.3895636721923,3676.753047915013
34015,2021-03-28,0,2021-03-21,spatial,706.1792847385832,111.51772520553541,517.7256814424248,963.23052935004
34015,2021-04-04,1,2021-03-21,spatial,716.2475005337062,97.5322637542636,547.8099220598142,936.4753381826604
34015,2021-04-11,2,2021-03-21,spatial,707.5306684611493,127.0435412236574,498.07539699905954,1005.0680074326692
34015,2021-04-18,3,2021-03-21,spatial,699.0400540342006,119.88816026764148,498.85644924882615,979.5543344782927
34017,2021-03-28,0,2021-03-21,spatial,2687.5077491181505,435.9916791057186,1949.1831510089326,3705.4998643054705
34017,2021-04-04,1,2021-03-21,spatial,2696.2282682663745,457.1344864823581,1934.6864932087326,3757.5322410721865
34017,2021-04-11,2,2021-03-21,spatial,2599.941621056485,239.07273477755183,2164.9873741465385,3122.279840346213
34017,2021-04-18,3,2021-03-21,spatial,2613.6294201652936,237.2688358112561,2179.860454318481,3133.7137808159614
34019,2021-03-28,0,2021-03-21,spatial,275.4746433048965,2.7816603548683685,269.96977709914904,281.0917574528722
34019,2021-04-04,1,2021-03-21,spatial,275.5288430429896,2.7430344977616383,270.10104900250724,281.06571088475727
34019,2021-04-11,2,2021-03-21,spatial,372.0638526222139,53.51905923465535,279.8958901126339,494.5821475705764
34019,2021-04-18,3,2021-03-21,spatial,361.0027814611179,36.34423852768703,295.4302648890478,441.12951078863887
34021,2021-03-28,0,2021-03-21,spatial,745.8944262055235,73.38183875802439,612.8370254591508,907.8408645881523
34021,2021-04-04,1,2021-03-21,spatial,772.4055918580842,94.18364211943796,606.3498687195628,983.9375402084407
34021,2021-04-11,2,2021-03-21,spatial,682.4746426203448,6.8307134199705954,668.94814129065,696.2746572867673
34021,2021-04-18,3,2021-03-21,spatial,750.3177230383167,55.38815297144497,647.7124683941772,869.1768538918941
34023,2021-03-28,0,2021-03-21,spatial,2590.332217354085,160.42570873772277,2290.8686500095378,2928.941821363088
34023,2021-04-04,1,2021-03-21,spatial,2260.477429396975,23.26932561095798,2214.403788783482,2307.509693893851
34023,2021-04-11,2,2021-03-21,spatial,2727.2705748039784,447.0214780770652,1972.5652735019946,3770.726823648556
34023,2021-04-18,3,2021-03-21,spatial,2730.909782172133,473.3596093872551,1944.401749860448,3835.55931221452
34025,2021-03-28,0,2021-03-21,spatial,2574.821723662992,251.2345698300776,2121.0369114467367,3125.6914355746917
34025,2021-04-04,1,2021-03-21,spatial,2674.8043446168203,413.55258389151686,1974.6605267537107,3623.194055407063
34025,2021-04-11,2,2021-03-21,spatial,2830.552019378879,154.93453696895418,2538.610707630368,3156.0667062215944
34025,2021-04-18,3,2021-03-21,spatial,2828.923617656897,156.2693319411606,2532.7586564055687,3159.72025771077
34027,2021-03-28,0,2021-03-21,spatial,1444.306941342764,14.54457965714106,1415.5123211519854,1473.687307160438
34027,2021-04-04,1,2021-03-21,spatial,1444.0883945117396,14.33839442034206,1415.679257445748,1473.0676318067126
34027,2021-04-11,2,2021-03-21,spatial,1729.9687005780686,76.10012901825273,1584.380904760023,1888.9344702327573
34027,2021-04-18,3,2021-03-21,spatial,1597.863933763243,93.44198804615169,1421.7549203072533,1795.7871039191366
34029,2021-03-28,0,2021-03-21,spatial,2403.263650479614,235.3731201782641,1977.477276841117,2920.7294775810747
34029,2021-04-04,1,2021-03-21,spatial,2396.235030858117,221.76248202179318,1992.875675665389,2881.2345863945866
34029,2021-04-11,2,2021-03-21,spatial,2144.791080743293,21.37376824441768,2102.450788880232,2187.9840443190674
34029,2021-04-18,3,2021-03-21,spatial,2144.6565543925394,21.052405587850664,2102.9911655372744,2187.147436315445
34031,2021-03-28,0,2021-03-21,spatial,1763.5544588322089,105.0242898383633,1565.7506725144826,1986.3471137919607
34031,2021-04-04,1,2021-03-21,spatial,1515.5226182754825,15.128573299105074,1485.558695595155,1546.0909173867474
34031,2021-04-11,2,2021-03-21,spatial,1780.0296093991642,77.45568131005226,1631.8151506282531,1941.706086696068
34031,2021-04-18,3,2021-03-21,spatial,1661.3570747970764,96.34001889914818,1480.0054782350821,1864.930482061288
34033,2021-03-28,0,2021-03-21,spatial,136.25909954863428,8.687101726913184,120.01000239820179,154.7082896323884
34033,2021-04-04,1,2021-03-21,spatial,140.97963398690206,15.792718905866153,112.84586487527427,176.12747459597648
34033,2021-04-11,2,2021-03-21,spatial,169.27015658925248,12.079270470140756,146.80453222256762,195.17371485718647
34033,2021-04-18,3,2021-03-21,spatial,169.04569339375016,12.151677129602144,146.43668275120487,195.1454097299173
34035,2021-03-28,0,2021-03-21,spatial,785.3676313282973,7.721470651256977,770.074656531633,800.9643105465362
34035,2021-04-04,1,2021-03-21,spatial,974.1208313131407,94.68362105497995,803.2453112034705,1181.3469444054253
34035,2021-04-11,2,2021-03-21,spatial,986.2164225601074,72.53810109219174,851.76255269003,1141.8943331748105
34035,2021-04-18,3,2021-03-21,spatial,993.9887794229346,78.89231572611709,848.5661941551988,1164.3330837641079
34037,2021-03-28,0,2021-03-21,spatial,682.434414138049,95.38422172772111,519.9021057656797,895.7777328369602
34037,2021-04-04,1,2021-03-21,spatial,677.0085490003837,79.72867144764956,535.3302536574192,856.1828372078459
34037,2021-04-11,2,2021-03-21,spatial,685.3150485719245,82.09992790392265,540.2532874887164,869.3269003179338
34037,2021-04-18,3,2021-03-21,spatial,679.8500586038116,106.60593698667034,499.99277177868873,924.4055679832657
34039,2021-03-28,0,2021-03-21,spatial,1663.0132361270112,169.0033493955597,1359.1322610011525,2034.8373023655927
34039,2021-04-04,1,2021-03-21,spatial,1719.3064373701584,245.01854540347668,1298.8399121339685,2275.8883508020567
34039,2021-04-11,2,2021-03-21,spatial,1717.006593847729,144.2856925136256,1452.5204769798008,2029.6523801485632
34039,2021-04-18,3,2021-03-21,spatial,1707.900387163735,285.1421605478413,1225.9820960191012,2379.254755795871
34041,2021-03-28,0,2021-03-21,spatial,266.59998432131533,2.6332012360652044,261.38830412286046,271.9155773959873
34041,2021-04-04,1,2021-03-21,spatial,318.1760396307507,57.807400322522774,222.976768401207,454.02035790990067
34041,2021-04-11,2,2021-03-21,spatial,303.60456610944186,32.88674257592902,244.71458769627117,376.6662765397006
34041,2021-04-18,3,2021-03-21,spatial,330.3813802623445,24.478511652843704,285.00693506155733,382.9796506547348
35001,2021-03-28,0,2021-03-21,spatial,445.8879171315073,24.257046591293825,399.92434075169484,497.1341185939842
35001,2021-04-04,1,2021-03-21,spatial,461.63625149436143,30.66254986632102,404.2181799395736,527.2104008919706
35001,2021-04-11,2,2021-03-21,spatial,461.0664949414205,30.631815324191308,404.1022200647137,526.0607395908974
35001,2021-04-18,3,2021-03-21,spatial,447.29366624357283,48.459834333807756,361.2867394311991,553.7751653343394
35003,2021-03-28,0,2021-03-21,spatial,0.9974991560617804,0.053895698233210346,0.8955996699365204,1.1109925558754272
35003,2021-04-04,1,2021-03-21,spatial,0.9732844560829392,0.009701899401891041,0.9540863613896536,0.9928688542124418
35003,2021-04-11,2,2021-03-21,spatial,1.2977628486755874,0.013016722055434513,1.271998509913973,1.324049044299965
35003,2021-04-18,3,2021-03-21,spatial,0.8331686371722755,0.008194654714188891,0.8169416142746179,0.8497179796427399
35005,2021-03-28,0,2021-03-21,spatial,19.931859424857493,1.5603048100087615,17.051685336756698,23.298519312686572
35005,2021-04-04,1,2021-03-21,spatial,20.00355281351528,0.9912204891798448,18.115504389456472,22.088378913478362
35005,2021-04-11,2,2021-03-21,spatial,17.454431401601624,0.3900477860474171,16.69162126905295,18.2521020961616
35005,2021-04-18,3,2021-03-21,spatial,18.549820200344342,0.8699287338607329,16.893770657965067,20.368207692157156
35006,2021-03-28,0,2021-03-21,spatial,5.088766091208302,0.2531500065679877,4.6096507962155,5.6176794025897845
35006,2021-04-04,1,2021-03-21,spatial,4.984393986545331,0.5328372707769358,4.034396632299899,6.158091451446178
35006,2021-04-11,2,2021-03-21,spatial,5.84028432320647,0.2192923493032128,5.4181939284685425,6.295256579258723
35006,2021-04-18,3,2021-03-21,spatial,4.990302436629482,0.3963872379354939,4.260445608369613,5.8451910194811925
35007,2021-03-28,0,2021-03-21,spatial,2.9958596822876586,0.2050312404192067,2.612068334492724,3.4360415144727594
35007,2021-04-04,1,2021-03-21,spatial,2.993422853826259,0.2574911083871804,2.521339952522645,3.5538961625718604
35007,2021-04-11,2,2021-03-21,spatial,3.3348800300327874,0.13254736320140173,3.08070629967012,3.610024368730755
35007,2021-04-18,3,2021-03-21,spatial,2.993668898792333,0.24138323327718614,2.55022008971394,3.5142274628546986
35009,2021-03-28,0,2021-03-21,spatial,37.23512790270858,3.680894729885762,30.59180877520493,45.321110631902464
35009,2021-04-04,1,2021-03-21,spatial,34.3731856742911,1.2581349122563037,31.95109284737659,36.97888829791003
35009,2021-04-11,2,2021-03-21,spatial,34.305692424858016,1.2349120885777634,31.924932443625327,36.863994460353396
35009,2021-04-18,3,2021-03-21,spatial,37.11439615636883,2.698949130470847,32.114457585619746,42.892781183658975
35011,2021-03-28,0,2021-03-21,spatial,1.0062646022475814,0.07958731593545491,0.8601887303259986,1.1771468446845788
35011,2021-04-04,1,2021-03-21,spatial,0.8157323328476497,0.0282121784968683,0.7612756447915958,0.8740844967334159
35011,2021-04-11,2,2021-03-21,spatial,0.9491778939449208,0.03216321278068632,0.8871000446066634,1.0155998523855196
35011,2021-04-18,3,2021-03-21,spatial,1.0033974754219035,0.026898020486900542,0.9511024390152822,1.0585678812110293
35013,2021-03-28,0,2021-03-21,spatial,204.35183214192242,14.320579825660376,177.7343062812194,234.9556040896592
35013,2021-04-04,1,2021-03-21,spatial,204.5674013839167,18.017290454852212,171.70045366901545,243.72574920295745
35013,2021-04-11,2,2021-03-21,spatial,204.6860413474117,15.844798701998196,175.58412065631728,238.61141523430214
35013,2021-04-18,3,2021-03-21,spatial,206.1465607550449,9.085130773425607,188.74931336269574,225.14733301028457
35015,2021-03-28,0,2021-03-21,spatial,40.294147050933994,4.355446433900172,32.48068894747291,49.98718743891096
35015,2021-04-04,1,2021-03-21,spatial,39.752294913609354,4.078223676311884,32.43224871556091,48.72449532432127
35015,2021-04-11,2,2021-03-21,spatial,39.9845750572212,3.5451539933895795,33.532778274272424,47.677714904201295
35015,2021-04-18,3,2021-03-21,spatial,40.86242886303413,3.2673213847815274,34.834973784022004,47.93280749797478
35017,2021-03-28,0,2021-03-21,spatial,19.953619665309773,1.5390213175628809,17.120924470764706,23.25499060682755
35017,2021-04-04,1,2021-03-21,spatial,20.060335380007764,1.9733679726065008,16.513220228937975,24.36938707165004
35017,2021-04-11,2,2021-03-21,spatial,19.744577502479924,0.7975238034719854,18.215249620193546,21.402305698805687
35017,2021-04-18,3,2021-03-21,spatial,19.910442133585526,1.8544990435758208,16.533393883512723,23.977273435079628
35019,2021-03-28,0,2021-03-21,spatial,7.963377297396224,0.4461896468239063,7.123872029016633,8.90181318844372
35019,2021-04-04,1,2021-03-21,spatial,9.963404004327463,0.4772501704765206,9.054913375597957,10.963044618512773
35019,2021-04-11,2,2021-03-21,spatial,3.746194560321959,0.036820415449753285,3.673266960685493,3.820570035880775
35019,2021-04-18,3,2021-03-21,spatial,8.180435842054163,0.4238145003432288,7.376150076934699,9.072419875948905
35021,2021-03-28,0,2021-03-21,spatial,0.9994511409004524,0.009768229553465659,0.9801115621015496,1.019172328612648
35021,2021-04-04,1,2021-03-21,spatial,0.9998434943850684,0.01031150809578716,0.979441165557412,1.0206708155820772
35021,2021-04-11,2,2021-03-21,spatial,1.00021424032372,0.010373958257534054,0.9796643746782326,1.0211951688811216
35021,2021-04-18,3,2021-03-21,spatial,0.9998056699054784,0.010002174965692816,0.9799989393377074,1.0200127137389448
35023,2021-03-28,0,2021-03-21,spatial,1.1163709732651037,0.011070649301854377,1.0944580556688712,1.1387226248585791
35023,2021-04-04,1,2021-03-21,spatial,0.9977915531036516,0.07833566178438675,0.8538520480184528,1.1659958956068242
35023,2021-04-11,2,2021-03-21,spatial,1.0388898926227512,0.03714793926257533,0.967217101661505,1.1158737858746308
35023,2021-04-18,3,2021-03-21,spatial,0.9983706109644446,0.0710861098179827,0.8665072584357555,1.1503006664212712
35025,2021-03-28,0,2021-03-21,spatial,46.06478289961089,2.1132258602185456,42.02823772449393,50.489012589543094
35025,2021-04-04,1,2021-03-21,spatial,46.073083917637966,1.8299258242968697,42.55762689438605,49.878933967573474
35025,2021-04-11,2,2021-03-21,spatial,48.503710794562714,1.2159315409483349,46.13245839678438,50.99684782908871
35025,2021-04-18,3,2021-03-21,spatial,45.93741639249792,2.5137542243926956,41.18598440457347,51.23699858885504
35027,2021-03-28,0,2021-03-21,spatial,9.992886518793132,0.3352678781587952,9.344723829753383,10.686006648964053
35027,2021-04-04,1,2021-03-21,spatial,9.994373311165084,0.3395518990532433,9.337777155706402,10.697138753400932
35027,2021-04-11,2,2021-03-21,spatial,9.992778607222453,0.6730972291002604,8.735871133665608,11.430528537462854
35027,2021-04-18,3,2021-03-21,spatial,10.039892337623456,0.8737988902242071,8.44806740025832,11.931656481337733
35028,2021-03-28,0,2021-03-21,spatial,1.9999071723137352,0.14825083836418565,1.7242295977070152,2.3196613160978488
35028,2021-04-04,1,2021-03-21,spatial,1.9957653271545752,0.1531931101202129,1.7125856045961574,2.3257694274568266
35028,2021-04-11,2,2021-03-21,spatial,2.0070489302112327,0.1514727802991128,1.7264231818090583,2.3332896885924552
35028,2021-04-18,3,2021-03-21,spatial,2.544750931386304,0.025010174999582874,2.495220180495659,2.5952648801938967
35029,2021-03-28,0,2021-03-21,spatial,41.48192570640208,1.5458143597667733,38.50544053960663,44.68849430618774
35029,2021-04-04,1,2021-03-21,spatial,42.02376201218803,3.7268802221369546,35.23823226477232,50.115924101632245
35029,2021-04-11,2,2021-03-21,spatial,41.966374136961434,3.1963050857684903,36.04748013402423,48.85713374847248
35029,2021-04-18,3,2021-03-21,spatial,40.78381623567701,1.3471943016751016,38.17981071557396,43.56542464646074
35031,2021-03-28,0,2021-03-21,spatial,29.00316908109391,2.823500498501416,23.917737395271264,35.169874258793
35031,2021-04-04,1,2021-03-21,spatial,28.8877621615752,3.2099155546283837,23.20603336311399,35.96059652444432
35031,2021-04-11,2,2021-03-21,spatial,29.03361742815311,1.95075200917403,25.413929980941397,33.16885430929054
35031,2021-04-18,3,2021-03-21,spatial,29.32219545808675,1.8901065571823557,25.784974816215623,33.34465721260036
35033,2021-03-28,0,2021-03-21,spatial,1.7070107164662092,0.016743925354426828,1.6738747559627811,1.7408026351735428
35033,2021-04-04,1,2021-03-21,spatial,1.7072424291227781,0.017585430633859558,1.6724298748896593,1.7427796259555242
35033,2021-04-11,2,2021-03-21,spatial,1.7073354154676157,0.017231742397236873,1.6732283068908742,1.7421377638097106
35033,2021-04-18,3,2021-03-21,spatial,1.7068791665984446,0.01760404994006352,1.6720028618339082,1.7424829561429385
35035,2021-03-28,0,2021-03-21,spatial,46.94618008496965,3.6654548820322215,40.17609332611301,54.85709640011007
35035,2021-04-04,1,2021-03-21,spatial,47.07916218875359,2.70393468686612,41.9860545020892,52.79008801088173
35035,2021-04-11,2,2021-03-21,spatial,46.83868112867928,2.9149201919627865,41.380489055776366,53.016822660481616
35035,2021-04-18,3,2021-03-21,spatial,47.25356877434081,2.163390814674802,43.1235891005243,51.77907981421261
35037,2021-03-28,0,2021-03-21,spatial,1.7127745643032992,0.06166758428823746,1.5940920446418885,1.8402931737755377
35037,2021-04-04,1,2021-03-21,spatial,1.7126736630963664,0.05866525749252911,1.5996125950575073,1.8337259192176296
35037,2021-04-11,2,2021-03-21,spatial,2.0476712734776106,0.046327628532224295,1.9571314292156357,2.1423996271450414
35037,2021-04-18,3,2021-03-21,spatial,2.047161241177018,0.04790409171368031,1.9536450729163608,2.145153797624757
35039,2021-03-28,0,2021-03-21,spatial,20.00144360719857,1.6002256245280275,17.05557664927355,23.456125500686856
35039,2021-04-04,1,2021-03-21,spatial,20.09530790255872,1.7929862118986415,16.827988454019188,23.99700955358039
35039,2021-04-11,2,2021-03-21,spatial,20.023578665440386,1.4236453298073164,17.37451482023543,23.076540940534095
35039,2021-04-18,3,2021-03-21,spatial,20.06113652235727,1.1153802426467383,17.95356217091077,22.416119694660047
35041,2021-03-28,0,2021-03-21,spatial,8.006575058471508,0.6278574301194795,6.854597331013527,9.352153171258475
35041,2021-04-04,1,2021-03-21,spatial,7.799500416998024,0.2555311580236771,7.305143876774546,8.327311245457865
35041,2021-04-11,2,2021-03-21,spatial,8.013689314782626,0.906728702592465,6.399927598440449,10.034366084002317
35041,2021-04-18,3,2021-03-21,spatial,8.322206061602829,0.373421511540801,7.609611152946365,9.101531253007908
35043,2021-03-28,0,2021-03-21,spatial,118.29850483032057,7.94790391798388,103.41935508753595,135.31834764628104
35043,2021-04-04,1,2021-03-21,spatial,119.40298467668535,10.748184574601083,99.98045101756254,142.59860407307386
35043,2021-04-11,2,2021-03-21,spatial,119.21826966716955,10.099378570216238,100.5963958812663,141.2873264287671
35043,2021-04-18,3,2021-03-21,spatial,120.15264656330416,3.4349064542353682,113.49100282193363,127.20531246707961
35045,2021-03-28,0,2021-03-21,spatial,60.691993198304175,3.1260537289563057,54.76409367107184,67.26155390258477
35045,2021-04-04,1,2021-03-21,spatial,70.05199861523619,5.533263606429928,59.89650451721393,81.92936381752837
35045,2021-04-11,2,2021-03-21,spatial,70.06382908389273,4.674577499068527,61.32651213424846,80.04596992489779
35045,2021-04-18,3,2021-03-21,spatial,66.98158185816462,2.303588128572,62.527301624410775,71.75317328055714
35047,2021-03-28,0,2021-03-21,spatial,3.9974933450528503,0.2632454514941168,3.5059257556693364,4.557983869995273
35047,2021-04-04,1,2021-03-21,spatial,4.007547642848357,0.19242717805547052,3.64066996264359,4.411396329382601
35047,2021-04-11,2,2021-03-21,spatial,5.110012418124577,0.053543190272147684,5.00406717945555,5.218200710932189
35047,2021-04-18,3,2021-03-21,spatial,4.067309155449649,0.282482524911086,3.5423640423676064,4.670046208731195
35049,2021-03-28,0,2021-03-21,spatial,55.209039433837184,2.3626285829065132,50.68432428457633,60.13768710998743
35049,2021-04-04,1,2021-03-21,spatial,53.03068822948552,4.65571619186767,44.560424557588654,63.11102109133664
35049,2021-04-11,2,2021-03-21,spatial,53.05364477443807,5.27675271526716,43.52849020419834,64.66314844939832
35049,2021-04-18,3,2021-03-21,spatial,52.862189177812176,5.142799571354547,43.54746511598813,64.16931587700742
35051,2021-03-28,0,2021-03-21,spatial,5.985344749482232,0.3266663184592068,5.37040464418462,6.670698791560742
35051,2021-04-04,1,2021-03-21,spatial,6.0990665519720695,0.3131940965466823,5.50435070811705,6.7580382824315945
35051,2021-04-11,2,2021-03-21,spatial,4.3331324606159916,0.04302146083300077,4.2479449874398325,4.4200282670233015
35051,2021-04-18,3,2021-03-21,spatial,6.015927678186389,0.4593709222805501,5.167289499701297,7.003940040762415
35053,2021-03-28,0,2021-03-21,spatial,5.660381773388674,0.2867360998376564,5.1167360645358615,6.261789042155148
35053,2021-04-04,1,2021-03-21,spatial,5.957235465010723,0.4066920179064949,5.199832025972297,6.824961692670377
35053,2021-04-11,2,2021-03-21,spatial,5.944227771564375,0.3919528600714152,5.212902389833961,6.778151815991055
35053,2021-04-18,3,2021-03-21,spatial,5.984533826481076,0.6173518219623985,4.874474846600001,7.347385358912525
35055,2021-03-28,0,2021-03-21,spatial,10.009185812724937,0.4220810963715755,9.198784251782488,10.890982752882929
35055,2021-04-04,1,2021-03-21,spatial,9.093623628026203,0.4758866960101656,8.191062993423136,10.095636030951551
35055,2021-04-11,2,2021-03-21,spatial,9.128374128028051,0.4769278891246136,8.221322266477408,10.135500290630873
35055,2021-04-18,3,2021-03-21,spatial,9.77113168638152,0.3948246839652064,9.013996855899471,10.591862406754952
35057,2021-03-28,0,2021-03-21,spatial,6.664265540162692,0.11617586296880344,6.4356375347500805,6.901015625878411
35057,2021-04-04,1,2021-03-21,spatial,3.9932661476784483,0.1340306164675774,3.7341518234688236,4.270360520955347
35057,2021-04-11,2,2021-03-21,spatial,4.000799879831265,0.13081494781495212,3.7480083214315183,4.270641446266685
35057,2021-04-18,3,2021-03-21,spatial,4.003410963574623,0.282204150053248,3.4788909057927984,4.607014067782924
35059,2021-03-28,0,2021-03-21,spatial,0.9959689587408608,0.08769533751966484,0.8362647749146565,1.1861723661343822
35059,2021-04-04,1,2021-03-21,spatial,0.9976552803845006,0.08296910099598466,0.8448373574825263,1.1781155859927306
35059,2021-04-11,2,2021-03-21,spatial,0.9944445827425424,0.09832131320966933,0.8168545117629046,1.2106440178823763
35059,2021-04-18,3,2021-03-21,spatial,1.1625834755706037,0.025273768991050282,1.1131720670147536,1.2141881544822395
35061,2021-03-28,0,2021-03-21,spatial,61.018111865648,4.7395645013848045,52.30377932670878,71.18433932646023
35061,2021-04-04,1,2021-03-21,spatial,55.69519154447004,1.961187530547072,51.90437193238913,59.76287248434153
35061,2021-04-11,2,2021-03-21,spatial,48.857734279874364,0.5803736894664511,47.70999053408724,50.033088924159834
35061,2021-04-18,3,2021-03-21,spatial,61.00492604427959,5.9153539977437495,50.35060134852499,73.91373493053709
36001,2021-03-28,0,2021-03-21,spatial,423.70991973540777,23.19456185778905,379.8260996982496,472.66392758373433
36001,2021-04-04,1,2021-03-21,spatial,408.9325551098527,18.51777697815869,373.65461287210024,447.54120213661895
36001,2021-04-11,2,2021-03-21,spatial,410.43957784408167,18.33279642719072,375.35946212153465,448.7981896305133
36001,2021-04-18,3,2021-03-21,spatial,437.9366265154866,48.29537637016029,351.88413423799665,545.0330668050203
36003,2021-03-28,0,2021-03-21,spatial,26.905661258858462,3.3645579802224015,21.009166746857066,34.45708325794184
36003,2021-04-04,1,2021-03-21,spatial,26.957303066640534,2.9080065864596545,21.744806076839858,33.41929958164598
36003,2021-04-11,2,2021-03-21,spatial,27.38618982574334,2.0960085847310963,23.508548087859612,31.903433183905054
36003,2021-04-18,3,2021-03-21,spatial,26.950009972064546,3.204044423463976,21.292818879868275,34.11023414006852
36005,2021-03-28,0,2021-03-21,spatial,2093.1998909998333,278.2070781755922,1608.2312415740673,2724.4128023488115
36005,2021-04-04,1,2021-03-21,spatial,2094.4286861603646,273.0472146069262,1618.7625510781602,2709.8671874326237
36005,2021-04-11,2,2021-03-21,spatial,2099.484082857842,119.66929830050158,1873.68619060751,2352.492875418093
36005,2021-04-18,3,2021-03-21,spatial,2105.694730195184,240.95514292670762,1678.0275863448808,2642.358405102209
36007,2021-03-28,0,2021-03-21,spatial,309.1890167175536,35.464648051477035,246.90738638990757,387.180997120122
36007,2021-04-04,1,2021-03-21,spatial,271.953265108504,3.9075526087810917,264.2566794378125,279.87401703721525
36007,2021-04-11,2,2021-03-21,spatial,309.6757641489241,41.73569082382844,237.43152324026954,403.902049704557
36007,2021-04-18,3,2021-03-21,spatial,307.8500695316323,37.50872675903817,241.81152326946946,391.9236934172876
36009,2021-03-28,0,2021-03-21,spatial,95.08296245298438,11.171496594977407,75.30940919703427,120.04834250102795
36009,2021-04-04,1,2021-03-21,spatial,94.6163340894081,12.006749464906198,73.64730174918786,121.55571845668074
36009,2021-04-11,2,2021-03-21,spatial,98.44841981500211,5.051479858520043,88.83376100370937,109.10369272405563
36009,2021-04-18,3,2021-03-21,spatial,91.4595764592788,6.234898001216388,79.8984975003057,104.69350973813572
36011,2021-03-28,0,2021-03-21,spatial,58.252446109348526,8.228770176860719,44.176891585695394,76.81272619962539
36011,2021-04-04,1,2021-03-21,spatial,57.99623834671879,7.389816049247317,45.0760111557586,74.61981608680361
36011,2021-04-11,2,2021-03-21,spatial,58.116622898411464,7.3861104547026395,45.26747750029679,74.61299024435411
36011,2021-04-18,3,2021-03-21,spatial,57.6343380031209,6.87707437316632,45.485660147675354,73.02778296002704
36013,2021-03-28,0,2021-03-21,spatial,154.8565214260027,23.581636908030426,115.14394221134012,208.26577384459455
36013,2021-04-04,1,2021-03-21,spatial,143.453085526193,11.054958869402993,123.13278472475969,167.12679562137146
36013,2021-04-11,2,2021-03-21,spatial,152.68535712054666,14.579956121477196,126.2977369767347,184.5861916221296
36013,2021-04-18,3,2021-03-21,spatial,154.2168145435137,25.305207288716158,112.16955225091486,212.02568264468152
36015,2021-03-28,0,2021-03-21,spatial,140.3322956585132,12.134605104944914,118.10085950563914,166.74860189182658
36015,2021-04-04,1,2021-03-21,spatial,149.98230767121638,15.429132159581279,122.16733664464905,184.13017122419745
36015,2021-04-11,2,2021-03-21,spatial,150.15613228345688,21.01624014746769,113.68011414704205,198.33604348042138
36015,2021-04-18,3,2021-03-21,spatial,150.91635390802503,18.473772011892606,118.34869724020069,192.44610551704326
36017,2021-03-28,0,2021-03-21,spatial,110.86509720025869,14.932264338463275,84.86220848492394,144.83561053453332
36017,2021-04-04,1,2021-03-21,spatial,111.30953186645814,13.622768562460198,87.50281769077453,141.59329049396234
36017,2021-04-11,2,2021-03-21,spatial,120.13783311558315,5.460260064961378,109.72433424185144,131.53963562808826
36017,2021-04-18,3,2021-03-21,spatial,109.99264089708248,15.660968735366462,83.05905475056883,145.65998960434453
36019,2021-03-28,0,2021-03-21,spatial,139.81034737926862,13.427008764352749,115.49835983125813,169.23992048778553
36019,2021-04-04,1,2021-03-21,spatial,139.79847714679698,15.582306786529028,112.11692659498767,174.31457324158615
36019,2021-04-11,2,2021-03-21,spatial,140.1680854844243,9.434809996854897,122.57928355136988,160.28069033488248
36019,2021-04-18,3,2021-03-21,spatial,139.81033848496764,19.268030987252526,106.55659280689736,183.44177710997485
36021,2021-03-28,0,2021-03-21,spatial,67.68133227169906,5.091641615174591,58.27886458417793,78.60075467763588
36021,2021-04-04,1,2021-03-21,spatial,66.46049503595422,7.754668563519552,52.72997823567429,83.76634218740854
36021,2021-04-11,2,2021-03-21,spatial,67.1189757480785,9.30102493585416,50.95146940012335,88.4166238679712
36021,2021-04-18,3,2021-03-21,spatial,67.18167184286625,7.221284483092099,54.31208296302842,83.10079056763361
36023,2021-03-28,0,2021-03-21,spatial,42.27894378236854,1.5154428896092154,39.35792796459052,45.416747775971935
36023,2021-04-04,1,2021-03-21,spatial,48.95941524632393,5.49902197518397,39.14738636831906,61.23076311428607
36023,2021-04-11,2,2021-03-21,spatial,49.27916405332703,6.389523970163047,38.10038623560907,63.73783181035243
36023,2021-04-18,3,2021-03-21,spatial,49.55114517718451,6.956002321428818,37.63004280992738,65.24882261687638
36025,2021-03-28,0,2021-03-21,spatial,95.33583377861186,5.40695701631119,85.18020073199216,106.70227499064195
36025,2021-04-04,1,2021-03-21,spatial,96.81588160143768,2.0919853474755894,92.72331262982212,101.08908606063872
36025,2021-04-11,2,2021-03-21,spatial,97.00769053351948,1.9787754450344557,93.13044460378704,101.04635560028689
36025,2021-04-18,3,2021-03-21,spatial,96.86397360247122,2.0438648608166283,92.85824368595226,101.0425031706653
36027,2021-03-28,0,2021-03-21,spatial,957.9449717742006,128.65115927765387,734.341665310977,1249.6343490994295
36027,2021-04-04,1,2021-03-21,spatial,963.4526276692391,106.93585583785871,773.2595926982763,1200.4260594086913
36027,2021-04-11,2,2021-03-21,spatial,964.4977997340178,100.71164281014859,786.4000991136132,1182.929664861811
36027,2021-04-18,3,2021-03-21,spatial,963.1017958503753,79.20990208618083,818.4933199137448,1133.2591807444044
36029,2021-03-28,0,2021-03-21,spatial,2405.103864838325,352.28771691848226,1802.1559529319668,3209.7802586115145
36029,2021-04-04,1,2021-03-21,spatial,2436.853285440979,376.8503720133577,1799.0713616493476,3300.7328454833696
36029,2021-04-11,2,2021-03-21,spatial,2404.195756523085,333.8244728864452,1824.1932387889374,3168.6101629896393
36029,2021-04-18,3,2021-03-21,spatial,2415.0838201538268,331.1664036048468,1840.4031954178106,3169.213068576894
36031,2021-03-28,0,2021-03-21,spatial,17.677330452615088,0.7393530814825504,16.258491364295992,19.219988185200478
36031,2021-04-04,1,2021-03-21,spatial,16.934218319690153,1.942826245514936,13.495869752801688,21.248556436268057
36031,2021-04-11,2,2021-03-21,spatial,16.462404891597973,0.9337321662261544,14.698780979526413,18.437636100054387
36031,2021-04-18,3,2021-03-21,spatial,17.02920698814126,2.0535737796107503,13.433283560792944,21.587714525088252
36033,2021-03-28,0,2021-03-21,spatial,35.93087529841913,4.210023221191434,28.439644650085413,45.395356221747605
36033,2021-04-04,1,2021-03-21,spatial,35.64915041089376,4.9163462750130975,27.156601211021382,46.79753239896432
36033,2021-04-11,2,2021-03-21,spatial,35.91189945274732,4.520381887119919,28.036615087638864,45.99929478907876
36033,2021-04-18,3,2021-03-21,spatial,36.1293311506466,4.267537653397458,28.62460565603604,45.601626274904845
36035,2021-03-28,0,2021-03-21,spatial,101.00039378262156,10.464533755837996,82.2040812526213,124.09456305333171
36035,2021-04-04,1,2021-03-21,spatial,101.46810933345101,14.616350446809964,76.45173622961666,134.67028637234117
36035,2021-04-11,2,2021-03-21,spatial,100.55081276863646,14.086053060255324,76.42732364926911,132.28863010866502
36035,2021-04-18,3,2021-03-21,spatial,94.24653586629137,4.597996344592287,85.49834211906095,103.88984514374472
36037,2021-03-28,0,2021-03-21,spatial,89.70186750766287,0.9108669821799892,87.89905630236107,91.54165440279215
36037,2021-04-04,1,2021-03-21,spatial,89.71152880075644,0.9069515770126936,87.91632209778946,91.54339271400559
36037,2021-04-11,2,2021-03-21,spatial,89.68656329157095,0.8944182820541056,87.91519526107115,91.49362190650452
36037,2021-04-18,3,2021-03-21,spatial,89.74133497210867,0.8614564433318763,88.0354053325517,91.48032172004295
36039,2021-03-28,0,2021-03-21,spatial,84.23517781333169,11.192615383645279,64.77912422379434,109.53475006439342
36039,2021-04-04,1,2021-03-21,spatial,69.71328789569293,3.0953293614953235,63.79150179040281,76.18479535402514
36039,2021-04-11,2,2021-03-21,spatial,87.86580118480066,5.796919623032798,77.09812170308383,100.13731654292832
36039,2021-04-18,3,2021-03-21,spatial,82.99494803502813,5.404120377934069,72.93351600447045,94.4443895850957
36041,2021-03-28,0,2021-03-21,spatial,2.001796864430744,0.2168081498962895,1.6171145319239355,2.4779881742063545
36041,2021-04-04,1,2021-03-21,spatial,2.0046174650781468,0.30496512270018844,1.4838799291097726,2.7080972674838706
36041,2021-04-11,2,2021-03-21,spatial,2.0163099289576607,0.11334496471842595,1.80185922556624,2.256283771744516
36041,2021-04-18,3,2021-03-21,spatial,1.896273075883799,0.1310800562800556,1.6528813522143584,2.175504958964208
36043,2021-03-28,0,2021-03-21,spatial,49.53227587996482,5.273732700790618,40.11838350742568,61.15516477364611
36043,2021-04-04,1,2021-03-21,spatial,50.058481232554435,5.821652827481857,39.80296782536524,62.95639949021845
36043,2021-04-11,2,2021-03-21,spatial,44.679397423830785,1.808835967617327,41.20463510117305,48.44718438241397
36043,2021-04-18,3,2021-03-21,spatial,48.021220033193615,5.026408241635054,39.054659296312366,59.04641379611623
36045,2021-03-28,0,2021-03-21,spatial,91.93975771716772,10.562431727128805,73.23987539658827,115.4141648018869
36045,2021-04-04,1,2021-03-21,spatial,92.16150668041081,11.322137812129071,72.27546269549052,117.51904445619495
36045,2021-04-11,2,2021-03-21,spatial,91.81753995990677,11.886399556957187,71.18121291979426,118.43659722107249
36045,2021-04-18,3,2021-03-21,spatial,91.75515369120741,14.275729514992628,67.56192689764487,124.61172461306114
36047,2021-03-28,0,2021-03-21,spatial,4196.076793958749,241.53496248640224,3741.166268320943,4706.302579997674
36047,2021-04-04,1,2021-03-21,spatial,4110.780119892745,241.3977594617112,3657.1574615276745,4620.668749397115
36047,2021-04-11,2,2021-03-21,spatial,4264.825765051695,150.50418039793948,3974.3962354097666,4576.4784709176065
36047,2021-04-18,3,2021-03-21,spatial,4075.403774078448,577.4561859051303,3081.334651818992,5390.169455293727
36049,2021-03-28,0,2021-03-21,spatial,62.76655901912436,4.161543532833778,54.99736875019492,71.63326211105795
36049,2021-04-04,1,2021-03-21,spatial,73.35727054419462,8.615849994008808,58.131166586270325,92.5714974893544
36049,2021-04-11,2,2021-03-21,spatial,74.71549379076679,9.818186527842112,57.595945654453175,96.9235759386563
36049,2021-04-18,3,2021-03-21,spatial,74.30537944827151,9.695668150571567,57.365716479813074,96.24719699778429
36051,2021-03-28,0,2021-03-21,spatial,57.50798615015271,2.5449754672185514,52.65236600089268,62.81139333776728
36051,2021-04-04,1,2021-03-21,spatial,57.539712182763154,2.542050716515392,52.67428210419472,62.854553414247
36051,2021-04-11,2,2021-03-21,spatial,57.54643000092486,2.5976418969439843,52.57940058900401,62.98268083611244
36051,2021-04-18,3,2021-03-21,spatial,54.02190967737401,2.7244802367369627,48.86606182523428,59.721749946367105
36053,2021-03-28,0,2021-03-21,spatial,87.01867056203018,8.809669382957733,71.11553966407739,106.47812084604219
36053,2021-04-04,1,2021-03-21,spatial,86.71766951053343,9.223564054633128,70.27088297872828,107.0137998353382
36053,2021-04-11,2,2021-03-21,spatial,87.41921035463268,9.998340339932344,69.62328945124571,109.76382183692968
36053,2021-04-18,3,2021-03-21,spatial,86.59171975114447,11.93274792068158,66.14532979160334,113.35835731841152
36055,2021-03-28,0,2021-03-21,spatial,1110.4885199762641,145.54254421461584,855.0249913956967,1442.2791911451486
36055,2021-04-04,1,2021-03-21,spatial,1098.6577753049278,109.86897334118379,901.6703330623295,1338.6809601891746
36055,2021-04-11,2,2021-03-21,spatial,1117.1494288030117,155.58916884653988,846.6936609745047,1473.9957363546093
36055,2021-04-18,3,2021-03-21,spatial,1114.9110661208038,128.23089764104097,886.639766160896,1401.9523292315973
36057,2021-03-28,0,2021-03-21,spatial,114.9022521063597,8.787198196012763,98.7320416539962,133.72079942782244
36057,2021-04-04,1,2021-03-21,spatial,91.91880578649351,6.683715548412418,79.5234636118141,106.24621304799294
36057,2021-04-11,2,2021-03-21,spatial,113.32985730039827,12.33382163754102,91.38812413115184,140.53966724709872
36057,2021-04-18,3,2021-03-21,spatial,107.02742544025529,5.411366469516223,96.758606127834,118.38605633937756
36059,2021-03-28,0,2021-03-21,spatial,4331.707224096098,415.80765935766806,3584.3912949075207,5234.832341531629
36059,2021-04-04,1,2021-03-21,spatial,4303.81816374511,426.68417966804384,3535.8782348120744,5238.543172730829
36059,2021-04-11,2,2021-03-21,spatial,4272.474191506911,395.0598025517569,3555.91337404108,5133.430935171526
36059,2021-04-18,3,2021-03-21,spatial,4295.323639667344,429.62955498571387,3520.662275731779,5240.435953388991
36061,2021-03-28,0,2021-03-21,spatial,1942.3299525395498,107.14253350245696,1740.1630297064455,2167.984022260668
36061,2021-04-04,1,2021-03-21,spatial,1901.492159014817,115.25821270821531,1684.4414623614996,2146.511179869585
36061,2021-04-11,2,2021-03-21,spatial,1972.7607188100656,69.66767811779779,1838.0682586063108,2117.323355896967
36061,2021-04-18,3,2021-03-21,spatial,1906.4822141252375,206.8653754319181,1536.4037780945553,2365.702613204703
36063,2021-03-28,0,2021-03-21,spatial,344.41073588111635,49.328954699922704,259.8332160043305,456.5188270163083
36063,2021-04-04,1,2021-03-21,spatial,345.37585926536036,45.75128904648986,265.68344512702845,448.9722124246534
36063,2021-04-11,2,2021-03-21,spatial,343.794426701537,18.93424787557094,307.98471829986437,383.76776771099475
36063,2021-04-18,3,2021-03-21,spatial,332.36864230042227,16.997389934721223,300.0307105683588,368.19202332774825
36065,2021-03-28,0,2021-03-21,spatial,283.38031035102836,35.400982249269745,221.13756502908703,363.14228332975637
36065,2021-04-04,1,2021-03-21,spatial,266.49827550291985,20.04482360845772,229.32129441812532,309.70229357128864
36065,2021-04-11,2,2021-03-21,spatial,281.160758913841,42.0714524840887,208.97822403670315,378.2756443519356
36065,2021-04-18,3,2021-03-21,spatial,268.27328862936355,22.605288173734426,226.65986776184837,317.5266892312552
36067,2021-03-28,0,2021-03-21,spatial,476.43083657523437,74.3230114054676,351.1864891193344,646.3413288164596
36067,2021-04-04,1,2021-03-21,spatial,443.5717084127961,31.128042612058294,386.1262074413992,509.56360048186446
36067,2021-04-11,2,2021-03-21,spatial,470.64925275108186,55.98740833399537,371.56002868844826,596.1640166113982
36067,2021-04-18,3,2021-03-21,spatial,474.5598207656991,60.86189525601951,368.0749329518722,611.8510208751964
36069,2021-03-28,0,2021-03-21,spatial,145.0716385637604,18.29884335483804,113.00941737794831,186.23032313483117
36069,2021-04-04,1,2021-03-21,spatial,145.06836896131844,8.87913264794313,128.4114100517003,163.88599474629444
36069,2021-04-11,2,2021-03-21,spatial,145.3204044985959,16.603674391893765,116.02782040509678,182.00824500455653
36069,2021-04-18,3,2021-03-21,spatial,146.6661351588503,17.49452613260845,115.96375588070104,185.49722746617286
36071,2021-03-28,0,2021-03-21,spatial,1552.4911011112238,183.843080006955,1229.6404705158031,1960.1084030834727
36071,2021-04-04,1,2021-03-21,spatial,1556.7009405369952,201.30354481158957,1204.1796002653475,2012.422248088885
36071,2021-04-11,2,2021-03-21,spatial,1557.7850894065195,190.45384615158196,1222.9725806287295,1984.2590285464253
36071,2021-04-18,3,2021-03-21,spatial,1550.979431957992,233.59320185158253,1151.2977762734135,2089.4135713030882
36073,2021-03-28,0,2021-03-21,spatial,32.94041399028613,3.895242327125116,26.032806861627837,41.680902087082465
36073,2021-04-04,1,2021-03-21,spatial,33.05078870813334,4.792879958413842,24.893536882131833,43.88105392182129
36073,2021-04-11,2,2021-03-21,spatial,32.859571203533264,4.609023472245796,24.91691225046736,43.334078028059814
36073,2021-04-18,3,2021-03-21,spatial,36.90242624712812,3.19717562550414,31.06679296459844,43.834233693723405
36075,2021-03-28,0,2021-03-21,spatial,162.06556903330775,15.924212735940154,133.34729404308425,196.968741319967
36075,2021-04-04,1,2021-03-21,spatial,138.46782463832938,1.376520193086384,135.7435528211965,141.2467705580578
36075,2021-04-11,2,2021-03-21,spatial,169.135844105292,8.90691922633415,152.28848392015703,187.84699292303608
36075,2021-04-18,3,2021-03-21,spatial,160.20286684785754,9.155126976021476,142.88062518206902,179.62518370540573
36077,2021-03-28,0,2021-03-21,spatial,117.76498976458592,5.516219523105185,107.21080346433077,129.3581650926358
36077,2021-04-04,1,2021-03-21,spatial,127.68804471485264,18.742253268568334,95.77605778516678,170.23290726450546
36077,2021-04-11,2,2021-03-21,spatial,128.22508712657444,17.62717369044047,97.88381511994349,167.9713132193565
36077,2021-04-18,3,2021-03-21,spatial,131.03996897237775,13.278211969230108,107.28095068846594,160.0607876616056
36079,2021-03-28,0,2021-03-21,spatial,294.6456225804332,37.96585841845057,228.80244899981182,379.43668560069705
36079,2021-04-04,1,2021-03-21,spatial,296.2227637313625,44.718851486191255,220.31610042758118,398.2819484474749
36079,2021-04-11,2,2021-03-21,spatial,305.7712246991905,13.526782218288586,279.85406481922547,334.0885611736158
36079,2021-04-18,3,2021-03-21,spatial,296.7351726065121,29.57918989685039,243.14736212012383,362.13332480372804
36081,2021-03-28,0,2021-03-21,spatial,3860.9511422852825,226.6000874774611,3433.379827617733,4341.769472519236
36081,2021-04-04,1,2021-03-21,spatial,3774.281500694911,362.6578177880007,3118.213689671687,4568.3850640741975
36081,2021-04-11,2,2021-03-21,spatial,3781.0425121057538,494.5139324285137,2926.9459461051697,4884.3684651487265
36081,2021-04-18,3,2021-03-21,spatial,3812.1268553064447,511.798634689992,2925.254235268377,4967.879709646964
36083,2021-03-28,0,2021-03-21,spatial,232.04748422830966,29.451719483502817,180.232452003174,298.75882138994245
36083,2021-04-04,1,2021-03-21,spatial,227.18336844855455,12.279409467356059,203.9562927359767,253.0556042536244
36083,2021-04-11,2,2021-03-21,spatial,227.87083068270886,12.356997357965508,204.49169178555897,253.92286123036843
36083,2021-04-18,3,2021-03-21,spatial,228.83506444830155,20.76052391983804,191.24653291234245,273.8114303230791
36085,2021-03-28,0,2021-03-21,spatial,977.7972030381234,93.22710692029727,808.9874847289229,1181.8320905045207
36085,2021-04-04,1,2021-03-21,spatial,982.3373739149511,129.61302017303174,756.1570286560242,1276.1723816880562
36085,2021-04-11,2,2021-03-21,spatial,978.3674677400688,160.09842550052608,711.3334981940442,1345.645754575444
36085,2021-04-18,3,2021-03-21,spatial,977.5197651878512,140.9073619140595,736.8519699973001,1296.7935626695994
36087,2021-03-28,0,2021-03-21,spatial,1071.731934350408,115.02283230312521,866.5362015292927,1325.518007302363
36087,2021-04-04,1,2021-03-21,spatial,1054.3607009515301,67.32388123289141,928.188421835272,1197.6840709916694
36087,2021-04-11,2,2021-03-21,spatial,1088.0316819143864,68.78290296969584,959.051912649706,1234.3575204169756
36087,2021-04-18,3,2021-03-21,spatial,1087.8512893274249,71.71562179437231,954.1828283415152,1240.2449431502228
36089,2021-03-28,0,2021-03-21,spatial,48.85281619990958,5.928405853532327,38.474824597790935,62.03011126395561
36089,2021-04-04,1,2021-03-21,spatial,45.45422644317525,2.421249046431384,40.86456358396516,50.559372726499994
36089,2021-04-11,2,2021-03-21,spatial,48.79117898435258,7.694882947946317,35.81268633712725,66.47306834994859
36089,2021-04-18,3,2021-03-21,spatial,48.86758350249486,5.393548904646684,39.236621871389374,60.86254635276395
36091,2021-03-28,0,2021-03-21,spatial,388.6490529112367,47.315358030575396,305.8469940490652,493.8681408278594
36091,2021-04-04,1,2021-03-21,spatial,387.724377925384,46.102731215214405,305.9996172925081,491.27575572724953
36091,2021-04-11,2,2021-03-21,spatial,405.46052003379685,19.229762827095552,368.7756809666173,445.79467082852113
36091,2021-04-18,3,2021-03-21,spatial,357.08974471736764,25.765102079109106,309.0740424851711,412.56484937078665
36093,2021-03-28,0,2021-03-21,spatial,295.90498170476184,39.079584835667255,227.97014121736012,384.08432670228865
36093,2021-04-04,1,2021-03-21,spatial,294.9903568594864,35.958621270221684,231.6367937047371,375.6713657114808
36093,2021-04-11,2,2021-03-21,spatial,296.46684052173043,31.320494643696048,240.51980426484863,365.4276528187846
36093,2021-04-18,3,2021-03-21,spatial,295.30753709118324,39.806417037181006,226.40237696320568,385.1838599602385
36095,2021-03-28,0,2021-03-21,spatial,45.52158140896214,0.4589869490677981,44.61301404487043,46.44865222261371
36095,2021-04-04,1,2021-03-21,spatial,45.500622621379,0.4431353471876625,44.62266448451032,46.39585472651021
36095,2021-04-11,2,2021-03-21,spatial,45.50379146911378,0.44271771034145824,44.62648418694193,46.398345641363896
36095,2021-04-18,3,2021-03-21,spatial,45.532240477073294,0.4448575132356757,44.65103611168849,46.430835729684794
36097,2021-03-28,0,2021-03-21,spatial,16.967733542702405,1.6843759255423063,13.927946609457095,20.670956720975735
36097,2021-04-04,1,2021-03-21,spatial,18.441066046623853,0.7339785302694388,17.03099614379783,19.967881741303025
36097,2021-04-11,2,2021-03-21,spatial,22.503870472239925,1.0138692099001374,20.57074624225135,24.61865895711553
36097,2021-04-18,3,2021-03-21,spatial,16.48413874135747,0.9005853946199709,14.783990629307704,18.379802643113987
36099,2021-03-28,0,2021-03-21,spatial,46.865690441254365,0.4691329508890177,45.936909531197564,47.81325001943861
36099,2021-04-04,1,2021-03-21,spatial,46.89576271518486,0.4512961809477525,46.001408891579324,47.80750445757529
36099,2021-04-11,2,2021-03-21,spatial,46.873280356772916,0.46850098824666797,45.9456587372695,47.81963022814214
36099,2021-04-18,3,2021-03-21,spatial,33.41825687303972,4.2173693647224715,26.034474573148195,42.896194785674936
36101,2021-03-28,0,2021-03-21,spatial,104.16713584753285,7.311533069720182,90.60468752005815,119.75972201522356
36101,2021-04-04,1,2021-03-21,spatial,114.13643811124341,14.065460158310874,89.54271746520935,145.4850475113536
36101,2021-04-11,2,2021-03-21,spatial,114.3687361613418,12.468421382262742,92.10470609643713,142.01454372426025
36101,2021-04-18,3,2021-03-21,spatial,89.90988898224812,7.8223636863254145,75.62232296015874,106.8968502998657
36103,2021-03-28,0,2021-03-21,spatial,4700.848909929002,630.9776419998733,3611.899977600332,6118.104214132227
36103,2021-04-04,1,2021-03-21,spatial,4711.006728428475,330.6368432296368,4095.91551858747,5418.467323015517
36103,2021-04-11,2,2021-03-21,spatial,4801.730777446914,406.7516072356874,4056.375087197685,5684.044981897726
36103,2021-04-18,3,2021-03-21,spatial,4703.521070815834,586.2050135399459,3676.0420052258055,6018.187613786418
36105,2021-03-28,0,2021-03-21,spatial,137.09249204046938,1.358348339467793,134.40297027722744,139.83583350204114
36105,2021-04-04,1,2021-03-21,spatial,137.08390067274917,1.3898715128803265,134.3311915703789,139.89301817374738
36105,2021-04-11,2,2021-03-21,spatial,137.13736762206923,1.3825215392158676,134.39957508638688,139.93093048264743
36105,2021-04-18,3,2021-03-21,spatial,207.27974703927933,31.074335374266557,154.00332976591454,278.9867829349817
36107,2021-03-28,0,2021-03-21,spatial,70.47971161244799,4.4535706975613305,62.171475799628105,79.89821192250912
36107,2021-04-04,1,2021-03-21,spatial,70.55936415423554,4.323585795338138,62.43812743923318,79.73691835482059
36107,2021-04-11,2,2021-03-21,spatial,70.39300538525788,8.761142922730661,54.96554047782958,90.15057732703673
36107,2021-04-18,3,2021-03-21,spatial,75.41318436243183,7.982576390743191,61.199652955220174,92.92778800303698
36109,2021-03-28,0,2021-03-21,spatial,112.54265599732295,14.828670179423973,86.83711388541509,145.8575585048214
36109,2021-04-04,1,2021-03-21,spatial,112.64499084613993,15.010771281290396,86.77253834746622,146.23167887421224
36109,2021-04-11,2,2021-03-21,spatial,112.79926208548453,14.205966108436467,88.01344508462142,144.56511178259774
36109,2021-04-18,3,2021-03-21,spatial,123.01119664420051,6.830649707827168,110.12129820634027,137.40988116108994
36111,2021-03-28,0,2021-03-21,spatial,557.9500837274071,56.197069020095384,456.5380554724514,681.8890390402643
36111,2021-04-04,1,2021-03-21,spatial,480.31955444171655,24.227605982564416,434.3650359011449,531.1359232689126
36111,2021-04-11,2,2021-03-21,spatial,559.3290644084476,49.774175460664395,468.64400837765936,667.5621510131806
36111,2021-04-18,3,2021-03-21,spatial,562.1587660801767,77.50139985296809,428.99519138085947,736.6573906424603
36113,2021-03-28,0,2021-03-21,spatial,100.24914983258364,10.425439880307266,81.57480977441773,123.19847352322607
36113,2021-04-04,1,2021-03-21,spatial,92.27363532340163,8.73935465656477,76.52101809997,111.26908641848631
36113,2021-04-11,2,2021-03-21,spatial,102.60542953772922,7.830008397237731,88.15558112934755,119.4237963807957
36113,2021-04-18,3,2021-03-21,spatial,112.9294880754923,7.4004216341518365,99.06621271003344,128.73278313688004
36115,2021-03-28,0,2021-03-21,spatial,104.99213005148545,15.704074458335636,78.3304526343943,140.7287587651161
36115,2021-04-04,1,2021-03-21,spatial,105.290629838527,15.064936799281321,79.68708321104056,139.12062388371797
36115,2021-04-11,2,2021-03-21,spatial,100.10817494713258,4.981059151617779,90.63391125313518,110.5728148844403
36115,2021-04-18,3,2021-03-21,spatial,95.68462020177998,4.933169244069557,86.32326688314507,106.06116837019913
36117,2021-03-28,0,2021-03-21,spatial,98.25131818828045,15.099777127717399,72.78781960252316,132.62275994045714
36117,2021-04-04,1,2021-03-21,spatial,97.98753932732302,12.455292817424883,76.23146357875805,125.95268951518798
36117,2021-04-11,2,2021-03-21,spatial,97.91305067494464,12.739572547378915,75.56774161698256,126.86584629015523
36117,2021-04-18,3,2021-03-21,spatial,99.0014659103787,6.781322422189075,86.35231103777897,113.50350829772036
36119,2021-03-28,0,2021-03-21,spatial,2798.635589778132,433.08289698709723,2060.517858927563,3801.161504345949
36119,2021-04-04,1,2021-03-21,spatial,2775.017137475645,342.7906388450074,2172.9074647374678,3543.9705731849635
36119,2021-04-11,2,2021-03-21,spatial,2770.8638142927193,408.1236194235644,2072.5697553835016,3704.4284070121194
36119,2021-04-18,3,2021-03-21,spatial,2785.4114652269723,207.432049694635,2402.218759564125,3229.7295988253886
36121,2021-03-28,0,2021-03-21,spatial,54.8669641189847,7.640071687548492,41.70701568432293,72.17931329393859
36121,2021-04-04,1,2021-03-21,spatial,54.78461306686068,6.0629273701517175,43.919483601045904,68.33763930717453
36121,2021-04-11,2,2021-03-21,spatial,55.000602365330245,6.349855751862728,43.75134642479914,69.14224378782785
36121,2021-04-18,3,2021-03-21,spatial,53.691121549230736,3.5258837857297562,47.10164067795946,61.202465385950035
36123,2021-03-28,0,2021-03-21,spatial,11.323509186552778,0.6114678046932662,10.167027896838768,12.611538160312627
36123,2021-04-04,1,2021-03-21,spatial,8.503547476806036,0.3927604120347785,7.753112603620773,9.326618016166147
36123,2021-04-11,2,2021-03-21,spatial,10.89384043379677,0.4580533062563096,10.015879811808926,11.848760331279562
36123,2021-04-18,3,2021-03-21,spatial,11.014510712688224,1.4857643328794494,8.423345415780979,14.402762827775524
37001,2021-03-28,0,2021-03-21,spatial,220.665312624812,22.072488714493893,180.83087715319812,269.27469999801866
37001,2021-04-04,1,2021-03-21,spatial,221.46439610141414,22.27064346772602,181.5565159889291,270.14441466565046
37001,2021-04-11,2,2021-03-21,spatial,222.60078931826126,29.868808317390663,171.25174626580989,289.346605133017
37001,2021-04-18,3,2021-03-21,spatial,219.46446418294042,18.12951193960136,186.2705303300029,258.57365066698986
37003,2021-03-28,0,2021-03-21,spatial,48.86343692671562,5.152871713097632,39.60968579686579,60.27908124633606
37003,2021-04-04,1,2021-03-21,spatial,49.21091733457158,5.136800777945083,39.98742454204193,60.56189946326499
37003,2021-04-11,2,2021-03-21,spatial,49.29105872225996,6.230566080958447,38.36342920755935,63.3313684450955
37003,2021-04-18,3,2021-03-21,spatial,49.02426403450122,6.519282365974076,37.778205868328854,63.618120789038
37005,2021-03-28,0,2021-03-21,spatial,2.9733693098923104,0.21702143397831414,2.5708703186333577,3.4388840965378598
37005,2021-04-04,1,2021-03-21,spatial,3.006946052582567,0.2954258101885716,2.474187511666451,3.6544217123834586
37005,2021-04-11,2,2021-03-21,spatial,2.9852791565224512,0.31279268841478863,2.4230475705907493,3.677968088837248
37005,2021-04-18,3,2021-03-21,spatial,2.9998868402410253,0.3847191738881426,2.3276848168714226,3.866211176454304
37007,2021-03-28,0,2021-03-21,spatial,14.967726047391562,1.5600039138298931,12.15447244828333,18.43213055794994
37007,2021-04-04,1,2021-03-21,spatial,14.983706796288073,1.6467607301804372,12.049217339217279,18.632867433339342
37007,2021-04-11,2,2021-03-21,spatial,14.96348334275349,1.457734665822647,12.336356608395931,18.15007792466653
37007,2021-04-18,3,2021-03-21,spatial,14.9252344143491,1.662803186064724,11.96373518118295,18.61982223358144
37009,2021-03-28,0,2021-03-21,spatial,27.16729233023313,2.7763611501686207,22.2006454212082,33.24505925630774
37009,2021-04-04,1,2021-03-21,spatial,27.087550490214483,2.270328752460581,22.91642671859808,32.01787960094353
37009,2021-04-11,2,2021-03-21,spatial,26.927875891480433,3.0911847257477603,21.442810986697047,33.816018826861175
37009,2021-04-18,3,2021-03-21,spatial,27.037266593916026,2.727233172394145,22.106378082647762,33.068003367059546
37011,2021-03-28,0,2021-03-21,spatial,13.921690529868565,1.3600036945043696,11.469575355242364,16.898050817622146
37011,2021-04-04,1,2021-03-21,spatial,20.249909863402053,0.7511843239392983,18.805879556372858,21.804821638185405
37011,2021-04-11,2,2021-03-21,spatial,20.238580046990908,0.7160376400020176,18.858464954322926,21.719695813553788
37011,2021-04-18,3,2021-03-21,spatial,20.25423204932381,0.7210810814976648,18.86322202031039,21.747817815331306
37013,2021-03-28,0,2021-03-21,spatial,36.11352219089348,4.474212338366956,28.282731527689037,46.112465613703044
37013,2021-04-04,1,2021-03-21,spatial,35.939711174821895,3.031992804195165,30.4111864024414,42.47328013569122
37013,2021-04-11,2,2021-03-21,spatial,36.080292749788214,3.8028753921472016,29.298375980341373,44.432071108101475
37013,2021-04-18,3,2021-03-21,spatial,37.13678434501844,3.041274401009695,31.554804195272183,43.706205335764416
37015,2021-03-28,0,2021-03-21,spatial,6.975254437102945,0.6460793188756325,5.807598080003659,8.377675898379946
37015,2021-04-04,1,2021-03-21,spatial,7.007412546884903,0.652297252788989,5.8166678357676425,8.441917604490403
37015,2021-04-11,2,2021-03-21,spatial,6.993577730396595,0.8498333486150873,5.489740081591849,8.909370706839878
37015,2021-04-18,3,2021-03-21,spatial,6.975789128840437,0.6902468653285732,5.737439359843436,8.481420180339182
37017,2021-03-28,0,2021-03-21,spatial,31.878304891478106,3.68273548760319,25.357194732387637,40.07644905041705
37017,2021-04-04,1,2021-03-21,spatial,31.98014802889602,3.147148684989548,26.290417478173577,38.90124106242045
37017,2021-04-11,2,2021-03-21,spatial,32.13770989689659,3.3160622638998234,26.157732166634286,39.48478372809868
37017,2021-04-18,3,2021-03-21,spatial,31.982337468854517,4.119280930090642,24.758576651109664,41.3137606569904
37019,2021-03-28,0,2021-03-21,spatial,102.32913367015215,10.300306010908876,83.64809645786755,125.18218633890969
37019,2021-04-04,1,2021-03-21,spatial,102.99286378336672,12.370100527993765,81.16524952126848,130.6905363177568
37019,2021-04-11,2,2021-03-21,spatial,103.37866205570198,10.312678899006134,84.74777358150699,126.1053514066487
37019,2021-04-18,3,2021-03-21,spatial,102.95077222483444,12.123133960060489,81.40769599670772,130.1948344308673
37021,2021-03-28,0,2021-03-21,spatial,160.83082614757942,17.77043927505566,129.34961815608455,199.97395437302384
37021,2021-04-04,1,2021-03-21,spatial,160.95109267912,15.319600040513933,133.31057498670262,194.32257521345662
37021,2021-04-11,2,2021-03-21,spatial,160.92803948888354,18.141645672915413,128.66680038654408,201.2782925815573
37021,2021-04-18,3,2021-03-21,spatial,161.20183383699532,17.74348230172429,129.70435904436079,200.34817198026963
37023,2021-03-28,0,2021-03-21,spatial,34.05242275215957,3.8636536704915585,27.1647229391542,42.68652023026668
37023,2021-04-04,1,2021-03-21,spatial,34.0715460900502,3.693270556378639,27.506750706069788,42.203103717017775
37023,2021-04-11,2,2021-03-21,spatial,33.915275475328606,3.5254659975275238,27.604317970864006,41.66905741998392
37023,2021-04-18,3,2021-03-21,spatial,33.976972208207215,3.5495833947891535,27.617687626815023,41.80055390721425
37025,2021-03-28,0,2021-03-21,spatial,240.79073729753213,21.440886191700077,201.65647492463685,287.5195512068607
37025,2021-04-04,1,2021-03-21,spatial,241.5333414561359,28.327601898519678,191.67709605368302,304.3574649035142
37025,2021-04-11,2,2021-03-21,spatial,240.95747305144718,24.610410566267227,196.50537947499663,295.46521308708765
37025,2021-04-18,3,2021-03-21,spatial,243.20862810448898,29.845990069716443,190.71163528300326,310.15641335512817
37027,2021-03-28,0,2021-03-21,spatial,72.18629929077903,7.584812498515331,58.51188640622339,89.05646570888361
37027,2021-04-04,1,2021-03-21,spatial,72.0582199498443,7.197053227611396,59.120622774674175,87.82700212969387
37027,2021-04-11,2,2021-03-21,spatial,72.54710855402809,8.078490293296447,58.19667043201153,90.4361524547792
37027,2021-04-18,3,2021-03-21,spatial,72.34357185634511,10.949603047027423,53.685422262985284,97.48628525816021
37029,2021-03-28,0,2021-03-21,spatial,2.9954387084784635,0.23404262153271654,2.562405629102713,3.5016521015812434
37029,2021-04-04,1,2021-03-21,spatial,3.0095919769848902,0.32695318619367186,2.430660602166041,3.726412424614221
37029,2021-04-11,2,2021-03-21,spatial,3.0050788065075804,0.3247124336180744,2.4259920871868443,3.7223941005482413
37029,2021-04-18,3,2021-03-21,spatial,2.9894175050016063,0.29436059157326616,2.4578354851948068,3.6359703784249486
37031,2021-03-28,0,2021-03-21,spatial,39.475806469324034,2.84942052852579,34.209916272448865,45.552268646110136
37031,2021-04-04,1,2021-03-21,spatial,38.0836407695975,4.637330711172588,29.89313876765791,48.518280584069394
37031,2021-04-11,2,2021-03-21,spatial,37.93514966546176,3.7295939615452527,31.21830823591436,46.09716738222969
37031,2021-04-18,3,2021-03-21,spatial,37.455005570928996,2.8175992378566885,32.235697173413364,43.519376508951595
37033,2021-03-28,0,2021-03-21,spatial,6.002718497042104,0.6979292508885939,4.7721325744669345,7.550634604646624
37033,2021-04-04,1,2021-03-21,spatial,5.987800371616303,0.5740695339842058,4.94899683518311,7.244650680606417
37033,2021-04-11,2,2021-03-21,spatial,6.003936478748718,0.7258023520564965,4.73268853476542,7.61665446100105
37033,2021-04-18,3,2021-03-21,spatial,5.994371741223914,0.6586701790707883,4.817352411828135,7.45897113189355
37035,2021-03-28,0,2021-03-21,spatial,130.3038979844092,14.521957082514387,104.42227749533777,162.6004166657771
37035,2021-04-04,1,2021-03-21,spatial,130.85250761101636,13.885060084577491,106.05172015893943,161.45309781331056
37035,2021-04-11,2,2021-03-21,spatial,130.9403955409731,17.48507365956679,100.56130034319168,170.49687231483063
37035,2021-04-18,3,2021-03-21,spatial,130.3328290044287,14.975742955726721,103.64052944168743,163.89964821489124
37037,2021-03-28,0,2021-03-21,spatial,48.97098501887341,4.113227461293031,41.465161014295404,57.835477182686994
37037,2021-04-04,1,2021-03-21,spatial,49.189281998345976,5.735031140507338,39.08767583708779,61.90149226567765
37037,2021-04-11,2,2021-03-21,spatial,49.050000380917645,5.4472776978442194,39.387913919797604,61.08225335992567
37037,2021-04-18,3,2021-03-21,spatial,49.059245215370424,4.1217640142302505,41.52835143535066,57.95581712047132
37039,2021-03-28,0,2021-03-21,spatial,27.125850969904413,2.6838361017488324,22.296057914114414,33.001878344407345
37039,2021-04-04,1,2021-03-21,spatial,26.961007608308428,2.8604223162406166,21.831497548332152,33.295742980801485
37039,2021-04-11,2,2021-03-21,spatial,27.14968524438144,3.2612206557407064,21.428111935881567,34.39899003116059
37039,2021-04-18,3,2021-03-21,spatial,26.982967894206,3.0114536348314456,21.657781994676547,33.61750324011541
37041,2021-03-28,0,2021-03-21,spatial,3.005211600355428,0.37250120368436535,2.352948753811543,3.83828876352748
37041,2021-04-04,1,2021-03-21,spatial,3.0015412503821177,0.3463592794002067,2.383747600837049,3.7794479057186514
37041,2021-04-11,2,2021-03-21,spatial,3.0002787531027346,0.28726538314705513,2.4802326546590443,3.6293662126455457
37041,2021-04-18,3,2021-03-21,spatial,2.9858497617901443,0.31550347765939635,2.4224886864833923,3.680223090298168
37043,2021-03-28,0,2021-03-21,spatial,10.0364826920624,0.9547488877022942,8.296336743578562,12.141622012394178
37043,2021-04-04,1,2021-03-21,spatial,9.978926410811786,1.0463936790582757,8.100203292892983,12.293391747311626
37043,2021-04-11,2,2021-03-21,spatial,10.031380684253186,1.1497877224433282,7.991672748594409,12.591681566303713
37043,2021-04-18,3,2021-03-21,spatial,9.983260531239194,1.1085051862214994,8.006390370843322,12.448242743390036
37045,2021-03-28,0,2021-03-21,spatial,99.94226031650557,9.778912282071687,82.31504013861861,121.34423284434529
37045,2021-04-04,1,2021-03-21,spatial,99.58579163706476,12.06402610319402,78.42152229370205,126.46183861158389
37045,2021-04-11,2,2021-03-21,spatial,99.62558018632096,10.766708008285176,80.44410284657134,123.3807808931777
37045,2021-04-18,3,2021-03-21,spatial,99.20472168422056,4.156617041976022,91.24222579062472,107.86208599324743
37047,2021-03-28,0,2021-03-21,spatial,41.884986637143975,4.4071255848007915,33.95587708634893,51.66563953369419
37047,2021-04-04,1,2021-03-21,spatial,42.01305604491118,3.5408834372875075,35.51210203303974,49.7040945813525
37047,2021-04-11,2,2021-03-21,spatial,42.06044578171576,3.7936513214988383,35.146863730631104,50.33396757432061
37047,2021-04-18,3,2021-03-21,spatial,42.02304504782913,4.035350242548431,34.71867190271373,50.8641666950931
37049,2021-03-28,0,2021-03-21,spatial,90.47404257173376,8.74970764543993,74.63583143799977,109.67322560172263
37049,2021-04-04,1,2021-03-21,spatial,91.5714851845421,10.642383967078962,72.69550434508052,115.34876846163965
37049,2021-04-11,2,2021-03-21,spatial,90.40694263159315,9.557834845473801,73.30544602724866,111.49806349932041
37049,2021-04-18,3,2021-03-21,spatial,91.053186236551,10.268021388906552,72.8139789501982,113.86114099736984
37051,2021-03-28,0,2021-03-21,spatial,311.6882735098219,37.575063224287376,245.37347370411945,395.9253556506282
37051,2021-04-04,1,2021-03-21,spatial,314.54392469211894,36.52345855001749,249.95874165807544,395.8168452298457
37051,2021-04-11,2,2021-03-21,spatial,314.741531925387,34.47799935688214,253.4539292876664,390.84906750964296
37051,2021-04-18,3,2021-03-21,spatial,315.1375303065658,40.552104155954716,244.63985246979698,405.9504696602226
37053,2021-03-28,0,2021-03-21,spatial,18.95092703531712,2.1384640528271026,15.166168440102705,23.6801824347588
37053,2021-04-04,1,2021-03-21,spatial,19.01947077196411,2.38288524470693,14.853760712697005,24.35344660806211
37053,2021-04-11,2,2021-03-21,spatial,19.144829940161237,2.3485885229530283,14.99319519626548,24.4460576041182
37053,2021-04-18,3,2021-03-21,spatial,19.099473814345604,2.2094160276642687,15.192158262060255,24.011723264881464
37055,2021-03-28,0,2021-03-21,spatial,25.8201892257727,1.2836474317482078,23.380675002699746,28.514239711972717
37055,2021-04-04,1,2021-03-21,spatial,29.95867171326117,2.8323822402169734,24.825060771985694,36.153869634662925
37055,2021-04-11,2,2021-03-21,spatial,29.90357084057056,3.5021083161070017,23.658117781905734,37.7977469408384
37055,2021-04-18,3,2021-03-21,spatial,28.594844629762797,2.1160205084308457,24.655409937325956,33.16372112565878
37057,2021-03-28,0,2021-03-21,spatial,154.44456473978963,13.864195535072064,129.22989365990222,184.57899253897068
37057,2021-04-04,1,2021-03-21,spatial,154.56029860904772,17.920717551034887,123.08268718679454,194.08810818261867
37057,2021-04-11,2,2021-03-21,spatial,154.42342059384941,15.445988474167823,126.58739702128312,188.3804658997419
37057,2021-04-18,3,2021-03-21,spatial,158.96662127234762,10.34232356460939,139.61796509580546,180.99666945729763
37059,2021-03-28,0,2021-03-21,spatial,58.78760169264481,5.939956379715109,48.18271689914158,71.72659275331618
37059,2021-04-04,1,2021-03-21,spatial,59.443640300686035,6.646069642718412,47.593097105554044,74.2449343937523
37059,2021-04-11,2,2021-03-21,spatial,59.20290887918142,6.079087857310162,48.25059502604572,72.64126831730597
37059,2021-04-18,3,2021-03-21,spatial,59.07923290074218,6.783684950220323,47.06332375784418,74.16296770918969
37061,2021-03-28,0,2021-03-21,spatial,49.34635255440298,3.5542696860813483,42.76481205802342,56.940797661393496
37061,2021-04-04,1,2021-03-21,spatial,50.03811529946521,5.194551735089717,40.733282361448985,61.46848075008673
37061,2021-04-11,2,2021-03-21,spatial,50.16858171081068,3.41467605318816,43.796171545925425,57.46818733311052
37061,2021-04-18,3,2021-03-21,spatial,50.088925072535865,5.9036316867396685,39.63254411405397,63.30404648518236
37063,2021-03-28,0,2021-03-21,spatial,404.64081727313567,36.52561628313782,338.55242221789456,483.6302452979965
37063,2021-04-04,1,2021-03-21,spatial,405.209392442165,43.60502320679478,326.74596243456836,502.5147074502224
37063,2021-04-11,2,2021-03-21,spatial,403.42447520700586,50.926152702096005,315.1904349756394,516.3586490453839
37063,2021-04-18,3,2021-03-21,spatial,404.9872037044488,53.118065823877146,313.5649379200288,523.0643331882303
37065,2021-03-28,0,2021-03-21,spatial,77.27735536541559,8.122194078292813,62.69620921182639,95.24961281305453
37065,2021-04-04,1,2021-03-21,spatial,77.00914542177634,9.188208368585606,60.72872515018816,97.65409143573835
37065,2021-04-11,2,2021-03-21,spatial,77.19199343451902,7.646555293620982,63.460894428293884,93.89410445715684
37065,2021-04-18,3,2021-03-21,spatial,77.11430787504251,8.553979149000508,61.817649887251214,96.19609431760729
37067,2021-03-28,0,2021-03-21,spatial,288.85605463472825,30.658529406535568,233.97641005771715,356.607831868857
37067,2021-04-04,1,2021-03-21,spatial,288.5430787426153,36.62699599314403,224.69314854468837,370.5369248217571
37067,2021-04-11,2,2021-03-21,spatial,269.78736777719695,18.55928689420392,235.09077915919949,309.6047580958485
37067,2021-04-18,3,2021-03-21,spatial,289.37485195775923,34.950614452631434,227.92503503557583,367.3918704564631
37069,2021-03-28,0,2021-03-21,spatial,120.76641056699007,11.014289045167923,100.69159554901056,144.84352782090892
37069,2021-04-04,1,2021-03-21,spatial,120.66619263569943,12.893190130043704,97.61456322640906,149.16145259416075
37069,2021-04-11,2,2021-03-21,spatial,125.91808217530131,7.432369961327963,111.94467969005821,141.63570312233463
37069,2021-04-18,3,2021-03-21,spatial,129.9961069267787,10.386263035633355,110.95852698525707,152.3000374578137
37071,2021-03-28,0,2021-03-21,spatial,206.1931088330797,24.69527900751541,162.88025436361278,261.02364768745207
37071,2021-04-04,1,2021-03-21,spatial,208.33331797207182,23.591030376593128,166.35503962409462,260.9044575705538
37071,2021-04-11,2,2021-03-21,spatial,207.11935169676582,22.06800616239992,167.64090113541945,255.8947461910589
37071,2021-04-18,3,2021-03-21,spatial,206.86977202270236,25.145506123286392,162.7794151303633,262.9024225357489
37073,2021-03-28,0,2021-03-21,spatial,5.975449917401736,0.6538787877754293,4.807012422766244,7.4278987810123125
37073,2021-04-04,1,2021-03-21,spatial,6.017610869509428,0.6802984577974027,4.80984724867038,7.528646691815059
37073,2021-04-11,2,2021-03-21,spatial,5.995535456343855,0.5595087482597111,4.974849548218408,7.225634676962132
37073,2021-04-18,3,2021-03-21,spatial,5.971932934494313,0.6209496460375576,4.863203309424046,7.333434509099634
37075,2021-03-28,0,2021-03-21,spatial,1.9944495496017471,0.17984833008842424,1.6670457572121826,2.386154662340388
37075,2021-04-04,1,2021-03-21,spatial,2.0015163533398623,0.21565079492250905,1.6167343976160693,2.477876216770043
37075,2021-04-11,2,2021-03-21,spatial,2.0059282687093813,0.2306784565925705,1.5957909761895868,2.5214757316245016
37075,2021-04-18,3,2021-03-21,spatial,2.341575222729588,0.052342283207002835,2.239235621955126,2.4485920418297984
37077,2021-03-28,0,2021-03-21,spatial,36.012910098290305,4.223157037582916,28.51126249535764,45.4883291807479
37077,2021-04-04,1,2021-03-21,spatial,35.91252628736418,4.725321100256855,27.662942769840498,46.62228292453136
37077,2021-04-11,2,2021-03-21,spatial,35.95313466651917,4.501507736453059,28.02433959924496,46.125186564028425
37077,2021-04-18,3,2021-03-21,spatial,35.892548316074475,2.9834954855303097,30.395181202189512,42.38418636336144
37079,2021-03-28,0,2021-03-21,spatial,11.164479396208376,0.6075151574273964,10.015983996953798,12.444668464553294
37079,2021-04-04,1,2021-03-21,spatial,11.156636463840007,0.5853458738854446,10.048171882263302,12.387381370933324
37079,2021-04-11,2,2021-03-21,spatial,11.163829294511462,0.6111271419640738,10.009165953392007,12.451695285835076
37079,2021-04-18,3,2021-03-21,spatial,13.015538139711065,1.3804590739534641,10.537592094405904,16.076180549463952
37081,2021-03-28,0,2021-03-21,spatial,629.0741753968467,66.02909048518903,511.0339026499771,774.3797742168064
37081,2021-04-04,1,2021-03-21,spatial,632.7567315575243,73.03757880210003,502.9172965982942,796.1171429965073
37081,2021-04-11,2,2021-03-21,spatial,631.3485688006135,74.85668028350666,499.7545399594408,797.5935853607908
37081,2021-04-18,3,2021-03-21,spatial,655.869308153136,41.58768895271788,578.1344781472583,744.0562112050768
37083,2021-03-28,0,2021-03-21,spatial,47.031727808374846,3.758789533434501,40.10004140142957,55.161624360871656
37083,2021-04-04,1,2021-03-21,spatial,46.918189913844174,5.156482777334078,37.74746846921611,58.31693181191135
37083,2021-04-11,2,2021-03-21,spatial,46.78663086397453,5.067766980516391,37.69014013225553,58.078553699206324
37083,2021-04-18,3,2021-03-21,spatial,46.93849776671752,5.153009075115219,37.73210123307585,58.391197431242134
37085,2021-03-28,0,2021-03-21,spatial,175.7295337255229,17.632007747480934,144.1244598743709,214.2652888365212
37085,2021-04-04,1,2021-03-21,spatial,175.67905698562424,21.200785959954747,138.41132428157619,222.9812569423294
37085,2021-04-11,2,2021-03-21,spatial,175.42705125735333,19.397362159090694,140.85056781560374,218.49148917268883
37085,2021-04-18,3,2021-03-21,spatial,175.4098052182943,19.805134032484407,140.22847464501663,219.41763143762032
37087,2021-03-28,0,2021-03-21,spatial,36.00445731384677,4.263382390587422,28.506330777899933,45.47484404655863
37087,2021-04-04,1,2021-03-21,spatial,36.230711323358435,3.8996405829304455,29.26695507422754,44.85141825199524
37087,2021-04-11,2,2021-03-21,spatial,35.82726912165413,4.167289072113468,28.465526796290327,45.09290208824493
37087,2021-04-18,3,2021-03-21,spatial,36.020053478498184,3.6065671251890645,29.518368578074607,43.95379267530297
37089,2021-03-28,0,2021-03-21,spatial,102.2164204583852,11.331107338460555,82.04349068037308,127.34948896835353
37089,2021-04-04,1,2021-03-21,spatial,102.1428387938546,9.771044124138852,84.4820291641685,123.49560752847543
37089,2021-04-11,2,2021-03-21,spatial,101.74515317816505,13.37263073923507,78.56495080943971,131.76456025992258
37089,2021-04-18,3,2021-03-21,spatial,102.5855749391418,10.885119126392892,83.08221807363212,126.66729932832916
37091,2021-03-28,0,2021-03-21,spatial,10.635233941686424,0.4375395534366278,9.79700517681892,11.545181303162794
37091,2021-04-04,1,2021-03-21,spatial,11.243974163079423,0.8504519698748265,9.676156346934258,13.065823912617338
37091,2021-04-11,2,2021-03-21,spatial,11.006309037122096,1.0843818163358787,9.047322891412987,13.38946780993205
37091,2021-04-18,3,2021-03-21,spatial,10.940913617478435,1.1874330702851597,8.815748361840775,13.578381082571001
37093,2021-03-28,0,2021-03-21,spatial,45.95535056165576,5.551976834906847,36.16768669905701,58.39174240855546
37093,2021-04-04,1,2021-03-21,spatial,45.648225832690194,4.563397162329913,37.4277058526409,55.674278564558456
37093,2021-04-11,2,2021-03-21,spatial,45.972417699466746,5.450938959214756,36.356839177628395,58.131103719124425
37093,2021-04-18,3,2021-03-21,spatial,45.92751927523283,4.590975091521019,37.652752656846026,56.0207920520617
37095,2021-03-28,0,2021-03-21,spatial,0.9995706657851378,0.09599478668655717,0.8266327770115734,1.208688481371644
37095,2021-04-04,1,2021-03-21,spatial,1.0037612923851311,0.10062641385354057,0.8222736753662184,1.2253058346321732
37095,2021-04-11,2,2021-03-21,spatial,1.0026614684999042,0.11880882536692085,0.7936359894328601,1.2667394546116828
37095,2021-04-18,3,2021-03-21,spatial,1.0000778127271013,0.10881524658608137,0.8051355484778616,1.2422201868987828
37097,2021-03-28,0,2021-03-21,spatial,214.38086507241368,23.0358091676404,173.31749734248856,265.17319955513574
37097,2021-04-04,1,2021-03-21,spatial,214.68812813601357,22.49912644976316,174.13567494804573,264.6843754233408
37097,2021-04-11,2,2021-03-21,spatial,214.7357428613696,18.614026924503253,180.7979315419811,255.0440642155091
37097,2021-04-18,3,2021-03-21,spatial,213.63628454890053,19.306296396537963,178.52634814606262,255.65112684945373
37099,2021-03-28,0,2021-03-21,spatial,30.95286789234232,2.3571191385233194,26.589986938077594,36.031609680439495
37099,2021-04-04,1,2021-03-21,spatial,30.908476803187376,3.4782001804786233,24.750861896418318,38.59800690138464
37099,2021-04-11,2,2021-03-21,spatial,31.140305619019745,3.1961489249960326,25.36999893379794,38.22304591247311
37099,2021-04-18,3,2021-03-21,spatial,31.04980367152067,4.18626145180787,23.78001589432049,40.542038000497605
37101,2021-03-28,0,2021-03-21,spatial,268.4392870371161,28.411170048501948,217.474942690272,331.34691258487936
37101,2021-04-04,1,2021-03-21,spatial,268.8780399909702,29.50048358054319,216.2106324092382,334.3748620675915
37101,2021-04-11,2,2021-03-21,spatial,266.99160548048746,28.497420984076424,216.0217066992804,329.9877520932748
37101,2021-04-18,3,2021-03-21,spatial,269.98038588369644,32.1721167645854,213.17385853435195,341.924705322927
37103,2021-03-28,0,2021-03-21,spatial,7.015034634726227,0.6640211567587805,5.814914514941193,8.462843400356714
37103,2021-04-04,1,2021-03-21,spatial,6.994598585993493,0.5492938095722815,5.9796554601472485,8.181810759039518
37103,2021-04-11,2,2021-03-21,spatial,6.9338058574342805,0.8488632185920759,5.430749632748298,8.85285953502144
37103,2021-04-18,3,2021-03-21,spatial,7.0142069293818805,0.7293145187217688,5.706863437154134,8.6210401545412
37105,2021-03-28,0,2021-03-21,spatial,36.89807255673095,3.055430677928934,31.28721614096765,43.51514536376627
37105,2021-04-04,1,2021-03-21,spatial,37.02833835511325,3.8281512101217743,30.14656743684532,45.48105996522133
37105,2021-04-11,2,2021-03-21,spatial,37.01250380290188,4.281327290368156,29.424931703103763,46.556622512579224
37105,2021-04-18,3,2021-03-21,spatial,36.86560444212071,4.259428814436198,29.278766316087165,46.41837624613884
37107,2021-03-28,0,2021-03-21,spatial,46.93421223506093,4.998196639741294,37.98720970500716,57.98847283682922
37107,2021-04-04,1,2021-03-21,spatial,47.186530049270935,6.20812392531805,36.339774805360214,61.270842486407574
37107,2021-04-11,2,2021-03-21,spatial,47.0609612740456,6.111681084722028,36.41577703783907,60.81798209978944
37107,2021-04-18,3,2021-03-21,spatial,46.59133074034153,5.185582948813273,37.34109139085333,58.13306519175863
37109,2021-03-28,0,2021-03-21,spatial,80.43902871409043,7.8539142849692025,66.27532950299594,97.62965177221443
37109,2021-04-04,1,2021-03-21,spatial,79.54109520076126,8.128712334416228,64.82617992383489,97.59615379419222
37109,2021-04-11,2,2021-03-21,spatial,80.1085298979884,8.361540608842398,65.13293175318408,98.52737147983795
37109,2021-04-18,3,2021-03-21,spatial,80.2305812363153,10.935521965681746,61.33818054981638,104.94191558696726
37111,2021-03-28,0,2021-03-21,spatial,28.046207314786443,2.809643900363368,23.01146015517435,34.18252207551063
37111,2021-04-04,1,2021-03-21,spatial,28.162371679489183,2.8489628525939352,23.06344300392345,34.388585367708224
37111,2021-04-11,2,2021-03-21,spatial,27.979513567749343,3.1008878528168835,22.46250304968305,34.851555846485034
37111,2021-04-18,3,2021-03-21,spatial,27.902522073953186,2.436820063878016,23.455703535677248,33.192384824579314
37113,2021-03-28,0,2021-03-21,spatial,36.929293861917905,3.4027696009952395,30.74874663041414,44.35214096794942
37113,2021-04-04,1,2021-03-21,spatial,36.867906024587796,3.8112993196592653,30.04125564447129,45.24586158195382
37113,2021-04-11,2,2021-03-21,spatial,36.94106452996723,4.492659733232763,29.01257743631701,47.03622942851634
37113,2021-04-18,3,2021-03-21,spatial,36.88039076996933,4.852467650968358,28.47926296525077,47.75977612220001
37115,2021-03-28,0,2021-03-21,spatial,17.002485557378403,1.0586185070528389,15.010116422254336,19.2593119864319
37115,2021-04-04,1,2021-03-21,spatial,16.91533415423887,1.5741340480995982,14.071184661995632,20.334359645094732
37115,2021-04-11,2,2021-03-21,spatial,15.016983507808668,0.5279802921638356,13.999222255936447,16.10873729632865
37115,2021-04-18,3,2021-03-21,spatial,17.005620594028986,1.8670253533217167,13.664706240078221,21.163362512680497
37117,2021-03-28,0,2021-03-21,spatial,15.040677445651484,1.3832347637624995,12.525543604071414,18.06085110354779
37117,2021-04-04,1,2021-03-21,spatial,15.008802855064525,1.084509672463814,12.997323769394706,17.33158049602728
37117,2021-04-11,2,2021-03-21,spatial,15.01418930080932,1.466908257641888,12.375000593684314,18.216231882492607
37117,2021-04-18,3,2021-03-21,spatial,15.0709644966215,1.787974412323437,11.927283700206168,19.043226988429865
37119,2021-03-28,0,2021-03-21,spatial,1227.8044821048813,108.49356236648714,1029.6734666726904,1464.0601074709805
37119,2021-04-04,1,2021-03-21,spatial,1228.890623828239,135.59905280472947,987.3173112285396,1529.5712413406588
37119,2021-04-11,2,2021-03-21,spatial,1229.8077752076088,119.07432180175616,1013.9920666513527,1491.5571962567587
37119,2021-04-18,3,2021-03-21,spatial,1228.8774928837104,123.16237088231192,1006.9520311059886,1499.7138352831837
37121,2021-03-28,0,2021-03-21,spatial,14.027623351947625,1.1534886558546942,11.90425268373636,16.529741272456356
37121,2021-04-04,1,2021-03-21,spatial,14.044946871938945,1.3817364357295807,11.555144377170825,17.0712304577786
37121,2021-04-11,2,2021-03-21,spatial,15.76315015717663,0.15852392426637132,15.449245966918616,16.083432383027617
37121,2021-04-18,3,2021-03-21,spatial,14.054799271439142,1.8792855348596404,10.795149871270349,18.29871608231785
37123,2021-03-28,0,2021-03-21,spatial,24.00790613904329,2.043687038969471,20.269177940919132,28.43625720101481
37123,2021-04-04,1,2021-03-21,spatial,23.86809308621264,2.4201331364300778,19.497337559762528,29.218649255362745
37123,2021-04-11,2,2021-03-21,spatial,24.088208808666288,2.685032482173985,19.350955904343145,29.985175227425227
37123,2021-04-18,3,2021-03-21,spatial,24.0291927924166,2.5314755897104004,19.489638151562488,29.626107050573193
37125,2021-03-28,0,2021-03-21,spatial,74.1519373539993,7.86329363696754,60.08944273540955,91.50542196842956
37125,2021-04-04,1,2021-03-21,spatial,73.6924030639628,9.022763845574259,57.869678444285114,93.84137626701893
37125,2021-04-11,2,2021-03-21,spatial,74.1609725977518,8.118799447732021,59.571319854996396,92.32378718537336
37125,2021-04-18,3,2021-03-21,spatial,74.05334589045908,7.015934676556764,61.357944695022994,89.37551713685086
37127,2021-03-28,0,2021-03-21,spatial,178.1903894942572,20.395365170566922,141.92667160303296,223.7198586388646
37127,2021-04-04,1,2021-03-21,spatial,178.64996181885795,19.684929899835858,143.60410067882978,222.24858974785846
37127,2021-04-11,2,2021-03-21,spatial,178.31797216387932,20.151301635960245,142.51899016161204,223.1092092399819
37127,2021-04-18,3,2021-03-21,spatial,179.4770702465742,20.411579195660728,143.51787561289783,224.44603925978737
37129,2021-03-28,0,2021-03-21,spatial,278.03502538423925,32.704516452438966,220.2039773854695,351.05394670094427
37129,2021-04-04,1,2021-03-21,spatial,276.42678817520317,29.83071645593589,222.92283886719528,342.7722776596274
37129,2021-04-11,2,2021-03-21,spatial,276.06103942830606,28.50594955454393,225.01811423287282,338.68250007360206
37129,2021-04-18,3,2021-03-21,spatial,276.5351015665261,29.80076577628113,223.32568643714907,342.42215312715683
37131,2021-03-28,0,2021-03-21,spatial,10.961941606434976,0.9604586644788741,9.21202927599683,13.044266380697895
37131,2021-04-04,1,2021-03-21,spatial,10.996167640636349,1.1469268839742897,8.945560545024744,13.516839126221964
37131,2021-04-11,2,2021-03-21,spatial,10.957554746307359,1.0610553705372912,9.035477562821155,13.288506908851645
37131,2021-04-18,3,2021-03-21,spatial,10.99368188200124,1.0979757822534244,9.023138090599867,13.394568509214444
37133,2021-03-28,0,2021-03-21,spatial,113.80748762798343,13.94189119841498,89.27567794584296,145.08032353504748
37133,2021-04-04,1,2021-03-21,spatial,114.0030927890934,10.37597635580786,95.13176086164444,136.6179396634999
37133,2021-04-11,2,2021-03-21,spatial,113.8942631643543,12.362797385295206,91.87580287490972,141.18954910698997
37133,2021-04-18,3,2021-03-21,spatial,113.94160519905176,12.440959131815662,91.68728888799153,141.59748371660004
37135,2021-03-28,0,2021-03-21,spatial,89.96813691027997,3.2929339024922437,83.61369101431252,96.80550590358877
37135,2021-04-04,1,2021-03-21,spatial,90.11387940946649,3.2819839125778265,83.80776782828363,96.89449406243871
37135,2021-04-11,2,2021-03-21,spatial,100.82670302701014,10.38799873323332,82.14110255033845,123.76293630910132
37135,2021-04-18,3,2021-03-21,spatial,100.59383140354464,10.090332913646806,82.45582808199077,122.7216941703953
37137,2021-03-28,0,2021-03-21,spatial,19.96126833905965,1.9863512894231543,16.384283105101794,24.31917412241696
37137,2021-04-04,1,2021-03-21,spatial,19.927056852146805,2.295662416023147,15.860555962324979,25.03617122450998
37137,2021-04-11,2,2021-03-21,spatial,17.123688260171043,0.6917279436531035,15.795357692796529,18.563726465355252
37137,2021-04-18,3,2021-03-21,spatial,20.07160138798985,2.254413160145043,16.065640621006718,25.076446796126035
37139,2021-03-28,0,2021-03-21,spatial,16.94671552083891,1.6803732643064009,13.90987798539278,20.64656262591456
37139,2021-04-04,1,2021-03-21,spatial,17.05440180265042,1.640589328139345,14.085563309994404,20.648987509066924
37139,2021-04-11,2,2021-03-21,spatial,17.006686171972312,1.7417727283654298,13.87835839579359,20.84017189234834
37139,2021-04-18,3,2021-03-21,spatial,17.042317416120913,1.6737323815072818,14.011326071942902,20.728986066023648
37141,2021-03-28,0,2021-03-21,spatial,52.74776525858368,5.90629748510576,42.23883391052181,65.87129620265304
37141,2021-04-04,1,2021-03-21,spatial,52.84627701214715,5.213216487664237,43.44031138604496,64.28888064881012
37141,2021-04-11,2,2021-03-21,spatial,52.866659877986315,6.2579043129633085,41.81901623899307,66.8328425203047
37141,2021-04-18,3,2021-03-21,spatial,52.61146191074539,6.697689443859912,40.99220292427165,67.5242052616521
37143,2021-03-28,0,2021-03-21,spatial,2.982005910330768,0.3581359543024669,2.350864342719003,3.782591401664102
37143,2021-04-04,1,2021-03-21,spatial,2.976583078475667,0.3445493459086815,2.3689464034172594,3.7400790538303705
37143,2021-04-11,2,2021-03-21,spatial,2.988989247492173,0.3854231958474853,2.3207688120496,3.849610816569732
37143,2021-04-18,3,2021-03-21,spatial,2.9941371418578435,0.3667779486824492,2.347585830514051,3.81875589285254
37145,2021-03-28,0,2021-03-21,spatial,37.99920818291207,1.9367037889463192,34.32443912588368,42.067397437513634
37145,2021-04-04,1,2021-03-21,spatial,38.000249833179886,2.0207542675923116,34.182809143008825,42.244011641723795
37145,2021-04-11,2,2021-03-21,spatial,35.99471681577558,4.310619759479073,28.404592069290494,45.613034522281744
37145,2021-04-18,3,2021-03-21,spatial,36.84990338488607,0.6323951457005155,35.60641285271038,38.13682060848407
37147,2021-03-28,0,2021-03-21,spatial,123.73541769287785,12.685335486082527,101.15713417213337,151.3531765893843
37147,2021-04-04,1,2021-03-21,spatial,123.62638817592394,9.770131528856641,105.60407402988392,144.72437729153603
37147,2021-04-11,2,2021-03-21,spatial,123.66516415458356,11.030937678334078,103.63699933486092,147.56383264211206
37147,2021-04-18,3,2021-03-21,spatial,124.31101675640447,12.1133289014433,102.4831139556508,150.78804976299224
37149,2021-03-28,0,2021-03-21,spatial,8.99228418733194,0.7406268868776523,7.6315415191906775,10.595654194162773
37149,2021-04-04,1,2021-03-21,spatial,8.978161393132122,1.078555084079883,7.06179764080178,11.414569788207094
37149,2021-04-11,2,2021-03-21,spatial,8.96262239692507,0.9806799802044832,7.223572210500669,11.120342939618137
37149,2021-04-18,3,2021-03-21,spatial,9.027710674144787,1.0512278718949382,7.161388096107516,11.380413813959589
37151,2021-03-28,0,2021-03-21,spatial,140.98174965211712,13.970138665264466,115.77947303177295,171.6699274448915
37151,2021-04-04,1,2021-03-21,spatial,140.19347911527356,15.599097502826544,112.51076342780823,174.68738978965004
37151,2021-04-11,2,2021-03-21,spatial,139.53571843420613,16.428822738920104,110.38366096430427,176.38676366465413
37151,2021-04-18,3,2021-03-21,spatial,139.65993096641398,16.953790667748013,109.85397966608127,177.55293323766492
37153,2021-03-28,0,2021-03-21,spatial,22.961303341207017,2.446652862534971,18.574868845249934,28.38358943577405
37153,2021-04-04,1,2021-03-21,spatial,23.007084419468693,2.39795443401434,18.718411482606577,28.278357593346893
37153,2021-04-11,2,2021-03-21,spatial,22.96924302785778,2.4584661638616137,18.55110581175434,28.439605198009506
37153,2021-04-18,3,2021-03-21,spatial,23.127150300731806,2.4395145766675164,18.761996033707405,28.50789863038623
37155,2021-03-28,0,2021-03-21,spatial,71.01245819562924,6.404539556004745,59.36362587381787,84.94712283418805
37155,2021-04-04,1,2021-03-21,spatial,71.05143916804849,6.8705868334675815,58.673356624186994,86.04087610303556
37155,2021-04-11,2,2021-03-21,spatial,71.3391044056129,9.070046768328677,55.5729813080492,91.5780960028828
37155,2021-04-18,3,2021-03-21,spatial,71.1679267868608,7.533962420975393,57.71896340421283,87.75060230500088
37157,2021-03-28,0,2021-03-21,spatial,34.13880191910085,4.019707187673147,26.97963989349667,43.19767799245285
37157,2021-04-04,1,2021-03-21,spatial,34.077111330360964,4.029211723070834,26.95300372548814,43.08423389277679
37157,2021-04-11,2,2021-03-21,spatial,34.09265543860933,3.7224439389715034,27.481703884983677,42.2939261597545
37157,2021-04-18,3,2021-03-21,spatial,33.808567733296826,3.719514052200709,27.200893273002357,42.02138660318918
37159,2021-03-28,0,2021-03-21,spatial,139.94661873746756,15.566962555084775,112.31960860191148,174.36898454182116
37159,2021-04-04,1,2021-03-21,spatial,140.39465255089695,13.850493065659375,115.38097557495311,170.83109556551418
37159,2021-04-11,2,2021-03-21,spatial,140.01557058291135,11.84880562276506,118.3241449277615,165.68351301103385
37159,2021-04-18,3,2021-03-21,spatial,139.36493869886056,13.109966609972295,115.45203521229092,168.2307817512554
37161,2021-03-28,0,2021-03-21,spatial,49.87620478310264,5.537207714354002,40.047591943424614,62.11698838422754
37161,2021-04-04,1,2021-03-21,spatial,50.27762278476872,5.07694883255382,41.167988708753846,61.40303260309586
37161,2021-04-11,2,2021-03-21,spatial,50.11998347743496,5.307915439198479,40.65956890521425,61.781588231650154
37161,2021-04-18,3,2021-03-21,spatial,50.22341244926387,5.993966843855832,39.72016009997333,63.50405314832972
37163,2021-03-28,0,2021-03-21,spatial,64.24791160286726,5.830262862400121,53.589342806895885,77.02639982363584
37163,2021-04-04,1,2021-03-21,spatial,63.954044919340156,4.1285217403349455,56.24398258706237,72.72102140373352
37163,2021-04-11,2,2021-03-21,spatial,63.355018459997275,6.147469236053864,52.24936251952382,76.82119303497247
37163,2021-04-18,3,2021-03-21,spatial,63.79803691230813,6.184135072914687,52.57476519787785,77.41716959733604
37165,2021-03-28,0,2021-03-21,spatial,17.37722192958109,1.1402752359536394,15.252435396254608,19.79800826195044
37165,2021-04-04,1,2021-03-21,spatial,17.054245529369496,2.2798042736993755,13.132131790990385,22.14775903905885
37165,2021-04-11,2,2021-03-21,spatial,16.98466111724904,1.8906465603028493,13.618744947669294,21.182474183655344
37165,2021-04-18,3,2021-03-21,spatial,16.978552616774117,2.0078556389874045,13.408580794228476,21.4990127131612
37167,2021-03-28,0,2021-03-21,spatial,87.28344761261627,11.1076188641219,67.8615390675562,112.26388808482824
37167,2021-04-04,1,2021-03-21,spatial,87.20894880167982,8.44409216750041,71.89343448482305,105.78713905648138
37167,2021-04-11,2,2021-03-21,spatial,86.64596721393326,10.122953460164927,68.7228236003579,109.24352698451837
37167,2021-04-18,3,2021-03-21,spatial,87.75820737497575,11.42454396557642,67.87088072060106,113.4728602296093
37169,2021-03-28,0,2021-03-21,spatial,14.023658927185464,1.0273647827229149,12.120505206151536,16.225644588330855
37169,2021-04-04,1,2021-03-21,spatial,13.98876974320235,1.3984817671643206,11.471607639132388,17.058261150843673
37169,2021-04-11,2,2021-03-21,spatial,13.970488550430332,1.385216724178976,11.47128612980043,17.01418203061599
37169,2021-04-18,3,2021-03-21,spatial,13.94166732967694,1.6939388647744884,10.963218295726085,17.729291042864197
37171,2021-03-28,0,2021-03-21,spatial,65.17030786296921,5.106552081438976,55.76694812791872,76.15925148372816
37171,2021-04-04,1,2021-03-21,spatial,64.85868730948634,6.223464818473463,53.58929652993081,78.49793880313801
37171,2021-04-11,2,2021-03-21,spatial,64.88870371803824,6.013528390034073,54.01873515995578,77.94599147387365
37171,2021-04-18,3,2021-03-21,spatial,65.20194560425062,7.952106370311902,51.297015457310216,82.87604400918062
37173,2021-03-28,0,2021-03-21,spatial,2.9997349344867237,0.25433811883756474,2.5354977283926137,3.548971697515438
37173,2021-04-04,1,2021-03-21,spatial,3.011021603353968,0.3284933024243046,2.427602013011517,3.734652981531075
37173,2021-04-11,2,2021-03-21,spatial,2.994732640324536,0.2928292806500475,2.4674723281116,3.634660249214977
37173,2021-04-18,3,2021-03-21,spatial,2.9996145424635725,0.3915162542110758,2.319790206250335,3.8786642771040234
37175,2021-03-28,0,2021-03-21,spatial,15.029052913690428,1.2226502333571496,12.774009918303973,17.682186950462008
37175,2021-04-04,1,2021-03-21,spatial,15.041164340016811,1.469598943688385,12.401645001686196,18.242469017024188
37175,2021-04-11,2,2021-03-21,spatial,14.958977731889654,1.5461506661911968,12.1848891759771,18.364632747283608
37175,2021-04-18,3,2021-03-21,spatial,14.939893310458508,1.6473668989786798,12.016176158805713,18.57499500490568
37177,2021-03-28,0,2021-03-21,spatial,1.9941613952602175,0.17875649997941248,1.6682026755738613,2.3838108693706546
37177,2021-04-04,1,2021-03-21,spatial,2.000707983127158,0.2073764658002468,1.6297911529402296,2.4560401046032303
37177,2021-04-11,2,2021-03-21,spatial,1.988929768846387,0.22753222446020224,1.5864556666758436,2.493509089788911
37177,2021-04-18,3,2021-03-21,spatial,1.9978030800907425,0.22488172742256715,1.5993910133877425,2.4954605305466107
37179,2021-03-28,0,2021-03-21,spatial,394.0389564780429,31.152046951165033,336.8234965042581,460.9734796822351
37179,2021-04-04,1,2021-03-21,spatial,394.5074265394145,44.79670732606863,315.14103139989777,493.86177643512656
37179,2021-04-11,2,2021-03-21,spatial,392.5996485232199,40.16830899924038,320.44338284506983,481.00379746358436
37179,2021-04-18,3,2021-03-21,spatial,392.49510981229696,42.29181157421876,317.02095154581207,485.93763432794856
37181,2021-03-28,0,2021-03-21,spatial,57.728210503078536,6.035035924214988,46.92573858272386,71.01744988015292
37181,2021-04-04,1,2021-03-21,spatial,57.82918456248675,6.903728011664593,45.61374483880786,73.31594016189878
37181,2021-04-11,2,2021-03-21,spatial,58.27817766043213,6.198332312056392,47.174734590419334,71.9950206590171
37181,2021-04-18,3,2021-03-21,spatial,58.00909752963106,6.099631600538848,47.10485336101157,71.4375516767342
37183,2021-03-28,0,2021-03-21,spatial,1334.0909916226394,125.05103885718944,1107.5051604793,1607.0342942315744
37183,2021-04-04,1,2021-03-21,spatial,1328.8591773311098,121.57697204269638,1107.4276914700106,1594.566152516093
37183,2021-04-11,2,2021-03-21,spatial,1332.380580751287,134.5428490912352,1090.7221600059854,1627.5804022844782
37183,2021-04-18,3,2021-03-21,spatial,1331.0604270628708,162.2036513250805,1045.2571606515617,1695.010498075314
37185,2021-03-28,0,2021-03-21,spatial,12.045271950827036,1.3556158263475937,9.642111249065021,15.047386679286607
37185,2021-04-04,1,2021-03-21,spatial,11.897337419608785,1.2916220505704006,9.588651842325817,14.761891452895837
37185,2021-04-11,2,2021-03-21,spatial,12.012757267328205,1.2271900792906216,9.814480542226702,14.703410592427185
37185,2021-04-18,3,2021-03-21,spatial,11.967049051606429,1.4332795569245185,9.442277631039929,15.166919317514475
37187,2021-03-28,0,2021-03-21,spatial,6.0189564296140805,0.6410770772227429,4.875298667183297,7.430895822947254
37187,2021-04-04,1,2021-03-21,spatial,6.0152807607812235,0.5986150076621153,4.933815479974007,7.333797297019175
37187,2021-04-11,2,2021-03-21,spatial,6.0174388966981915,0.6290346967446911,4.892450210892603,7.401111777260191
37187,2021-04-18,3,2021-03-21,spatial,6.0160324224521435,0.7592672241153068,4.678209179895059,7.73643176614161
37189,2021-03-28,0,2021-03-21,spatial,60.664317687174005,6.74875916631739,48.60406201695768,75.71711679501992
37189,2021-04-04,1,2021-03-21,spatial,61.17752768104218,7.227263603778398,48.454745570325095,77.24093582810599
37189,2021-04-11,2,2021-03-21,spatial,61.00694461642014,7.389779821216197,48.06425919996937,77.43482066261258
37189,2021-04-18,3,2021-03-21,spatial,60.98626357856658,7.396727395458165,47.9961412947764,77.49215343024217
37191,2021-03-28,0,2021-03-21,spatial,54.01974682904458,6.787067356824995,42.14473009432834,69.24075776360901
37191,2021-04-04,1,2021-03-21,spatial,53.917899508266174,5.427874028589743,44.13945036891958,65.86262092267756
37191,2021-04-11,2,2021-03-21,spatial,54.03374835444069,7.0499124925391525,41.81162355508669,69.82857188945071
37191,2021-04-18,3,2021-03-21,spatial,53.91374126811637,6.781284211415333,42.03061243104038,69.15653447340082
37193,2021-03-28,0,2021-03-21,spatial,51.16915348009295,5.362360229250197,41.61083382715787,62.92309062454909
37193,2021-04-04,1,2021-03-21,spatial,51.13751232473168,6.435749282697529,39.94137467213591,65.47208723355241
37193,2021-04-11,2,2021-03-21,spatial,50.812847594226476,6.80882141430534,38.99048434178645,66.21988734484613
37193,2021-04-18,3,2021-03-21,spatial,51.24801765219639,6.089611644463432,40.49800795675922,64.85156791129242
37195,2021-03-28,0,2021-03-21,spatial,113.93176152259652,11.94145602767168,92.51884633407984,140.3005635929594
37195,2021-04-04,1,2021-03-21,spatial,113.73368494905701,12.95969648131206,90.84129977093208,142.39504635787347
37195,2021-04-11,2,2021-03-21,spatial,113.39368742376688,10.114168102265962,95.00031203482546,135.34827488614332
37195,2021-04-18,3,2021-03-21,spatial,114.06997360769415,12.439878718449854,91.99130235306816,141.4477080552611
37197,2021-03-28,0,2021-03-21,spatial,21.99179656634495,1.5878203000893305,19.040891831567183,25.400024352519782
37197,2021-04-04,1,2021-03-21,spatial,21.931456226761128,2.2043663930102606,17.95125053218118,26.794165195570717
37197,2021-04-11,2,2021-03-21,spatial,22.040697115307022,2.199044152165153,18.066302654944934,26.889416091772212
37197,2021-04-18,3,2021-03-21,spatial,21.991442761909262,2.7762370605385063,17.163257702596713,28.17784147569849
37199,2021-03-28,0,2021-03-21,spatial,11.02275062946861,1.1515746603770758,8.95542966044485,13.567303417736325
37199,2021-04-04,1,2021-03-21,spatial,10.944007661056236,1.1039612951196929,8.952255579994516,13.378896817122698
37199,2021-04-11,2,2021-03-21,spatial,11.014900797821785,1.1752057908391906,8.924436105486864,13.595037059121394
37199,2021-04-18,3,2021-03-21,spatial,11.044467431522317,1.1222568159986297,9.030464445970006,13.507639787053574
38001,2021-03-28,0,2021-03-21,spatial,0.9995028710569316,0.009842178678858214,0.9800176964957984,1.0193754590586948
38001,2021-04-04,1,2021-03-21,spatial,1.0004894792865249,0.009944498282513474,0.9807916163862394,1.020582946917067
38001,2021-04-11,2,2021-03-21,spatial,0.999811380399724,0.010492782113505614,0.9790492113930626,1.0210138415355707
38001,2021-04-18,3,2021-03-21,spatial,1.0004051103453544,0.010185180081081413,0.980237633477832,1.020987514276796
38003,2021-03-28,0,2021-03-21,spatial,6.992501256713406,0.32517287087297114,6.372486823775146,7.672840317647368
38003,2021-04-04,1,2021-03-21,spatial,6.992506149688188,0.17414061315780047,6.65277636071633,7.349584534683257
38003,2021-04-11,2,2021-03-21,spatial,6.99864389484361,0.31431598199748123,6.399183845496881,7.654259910238363
38003,2021-04-18,3,2021-03-21,spatial,7.015790763209307,0.37900159944172734,6.299025998004553,7.8141160313873455
38005,2021-03-28,0,2021-03-21,spatial,1.998700420526093,0.12554115145947695,1.7632874263708862,2.2655429348992158
38005,2021-04-04,1,2021-03-21,spatial,2.002415452403125,0.09559795979309946,1.82017952884926,2.202896791481757
38005,2021-04-11,2,2021-03-21,spatial,2.0049612945366384,0.1316148813534818,1.7595613194399229,2.284586361485588
38005,2021-04-18,3,2021-03-21,spatial,1.996822545584766,0.10988779421823056,1.7895163321286809,2.2281441118855936
38007,2021-03-28,0,2021-03-21,spatial,1.0003522291610163,0.010111305552374585,0.9803404686261916,1.0207724912037557
38007,2021-04-04,1,2021-03-21,spatial,0.9999180249781526,0.009876489772394937,0.9803603864533448,1.0198658273957006
38007,2021-04-11,2,2021-03-21,spatial,0.9998480492284044,0.010129635379735337,0.9797996215521128,1.0203067030809978
38007,2021-04-18,3,2021-03-21,spatial,1.000262738114731,0.009879571115191286,0.9806961449820644,1.0202197187989124
38009,2021-03-28,0,2021-03-21,spatial,6.003518080571082,0.3180040886096653,5.40036517383879,6.67403558528685
38009,2021-04-04,1,2021-03-21,spatial,6.001568262225359,0.12409523086294673,5.7583685554552755,6.255039297897624
38009,2021-04-11,2,2021-03-21,spatial,6.000382975451212,0.1881680013825804,5.635913165391972,6.388422744547492
38009,2021-04-18,3,2021-03-21,spatial,5.988211747025421,0.18755883906521675,5.624695423232937,6.375221630507872
38011,2021-03-28,0,2021-03-21,spatial,1.0002939329002236,0.053700061666708925,0.8984997780283398,1.1136207004888508
38011,2021-04-04,1,2021-03-21,spatial,0.998701783484485,0.05289539007721032,0.8983862212311887,1.110218777585661
38011,2021-04-11,2,2021-03-21,spatial,1.0246063660541989,0.012684507774070935,0.9995441530307236,1.0502969800539887
38011,2021-04-18,3,2021-03-21,spatial,1.0014073281170537,0.02271085794064201,0.9569702497052904,1.0479078499204804
38013,2021-03-28,0,2021-03-21,spatial,0.9996917398074824,0.03789700702938346,0.9268868383045942,1.0782153045428111
38013,2021-04-04,1,2021-03-21,spatial,0.9982398704178926,0.0387528019243153,0.9236717804296471,1.0788278477322495
38013,2021-04-11,2,2021-03-21,spatial,1.0000041040030787,0.032193635865889365,0.9375658487330091,1.0666005053131722
38013,2021-04-18,3,2021-03-21,spatial,1.0005993696459083,0.04413271494173907,0.9162140587442557,1.0927567515259615
38015,2021-03-28,0,2021-03-21,spatial,69.95577973680561,4.0723932085762495,62.28534352086403,78.57082970001053
38015,2021-04-04,1,2021-03-21,spatial,70.04569402646595,3.869579724776049,62.725100593000406,78.22066772734358
38015,2021-04-11,2,2021-03-21,spatial,70.04623901304403,5.032757774004239,60.69558640914938,80.83743629722764
38015,2021-04-18,3,2021-03-21,spatial,69.86837113294244,4.975081725770648,60.61526550971223,80.5339916227608
38017,2021-03-28,0,2021-03-21,spatial,486.07227764958054,22.860848567741147,442.4481755537248,533.9975892176824
38017,2021-04-04,1,2021-03-21,spatial,487.01868687153086,40.09961260796257,413.3614989430343,573.8009030075565
38017,2021-04-11,2,2021-03-21,spatial,485.11475280771765,19.134670272947677,448.3419485390052,524.9036458858568
38017,2021-04-18,3,2021-03-21,spatial,485.58663472883063,20.24681600110555,446.6940552961461,527.8654977195644
38019,2021-03-28,0,2021-03-21,spatial,3.9990410202614894,0.2851113678143378,3.4690789402121966,4.609964015623075
38019,2021-04-04,1,2021-03-21,spatial,4.006575324456148,0.17994327776813626,3.6620091965060717,4.38356240226178
38019,2021-04-11,2,2021-03-21,spatial,3.9927043092463035,0.1145663574953866,3.7703577036121776,4.2281632020752635
38019,2021-04-18,3,2021-03-21,spatial,4.000640864165363,0.1918851444664659,3.6359062991005495,4.401963639158999
38021,2021-03-28,0,2021-03-21,spatial,14.994621762815836,0.7668450079347157,13.53636472625088,16.609975156319766
38021,2021-04-04,1,2021-03-21,spatial,14.998868797505526,0.6337668148500288,13.786535030118475,16.317810437018238
38021,2021-04-11,2,2021-03-21,spatial,15.003817707998314,0.8574918044844478,13.386127578699643,16.81700286295284
38021,2021-04-18,3,2021-03-21,spatial,14.996030110742149,0.3918331571891224,14.233579397696092,15.799323051423409
38023,2021-03-28,0,2021-03-21,spatial,1.0001144239880635,0.0609191555413573,0.8854810246634981,1.1295881370796002
38023,2021-04-04,1,2021-03-21,spatial,0.9976127600265952,0.0633149036358513,0.8787887569189983,1.1325033588926714
38023,2021-04-11,2,2021-03-21,spatial,1.0000208983972307,0.05508198314074028,0.8959542315129319,1.116175092496084
38023,2021-04-18,3,2021-03-21,spatial,1.0011622010064378,0.06556773202921443,0.8783082814636503,1.1412003892912597
38025,2021-03-28,0,2021-03-21,spatial,0.9996036755893052,0.010069148856729859,0.9796724240879681,1.0199404246596686
38025,2021-04-04,1,2021-03-21,spatial,1.0000573930159284,0.009778324231382474,0.98069922052613,1.0197976794447423
38025,2021-04-11,2,2021-03-21,spatial,1.0002347547568713,0.01015642932953239,0.9801365692422432,1.0207450635139699
38025,2021-04-18,3,2021-03-21,spatial,1.0000561251679123,0.009713389896735423,0.9808248159490636,1.0196645080988629
38027,2021-03-28,0,2021-03-21,spatial,1.0000889193507567,0.049356659243898066,0.906299077034474,1.1035847569004191
38027,2021-04-04,1,2021-03-21,spatial,1.000074776028876,0.009701003774026057,0.9808611889903815,1.01966472817492
38027,2021-04-11,2,2021-03-21,spatial,1.0003182350946571,0.009759614667159057,0.9809857795674284,1.020031678648927
38027,2021-04-18,3,2021-03-21,spatial,1.000406750559493,0.010023237915456716,0.9805670459193906,1.0206478697503332
38029,2021-03-28,0,2021-03-21,spatial,0.9997572217939982,0.01023387811843567,0.9795028972241132,1.0204303686715503
38029,2021-04-04,1,2021-03-21,spatial,0.9999755490293912,0.010296650814430274,0.9795894728302804,1.0207858765238889
38029,2021-04-11,2,2021-03-21,spatial,0.999706840884782,0.010084695689560502,0.9797551155810352,1.0200648629623503
38029,2021-04-18,3,2021-03-21,spatial,1.0000791719499345,0.010380521571061145,0.97953752363288,1.021051594285749
38031,2021-03-28,0,2021-03-21,spatial,1.0010735060292362,0.0476947794973468,0.9101780348299888,1.1010463075620776
38031,2021-04-04,1,2021-03-21,spatial,1.0024703957823984,0.058066805480168175,0.8928985446862171,1.1254883328018832
38031,2021-04-11,2,2021-03-21,spatial,1.000895979695708,0.045997485250188166,0.9131915118494418,1.0970237339834112
38031,2021-04-18,3,2021-03-21,spatial,0.9996610386564424,0.03548776358864942,0.9313414081435301,1.0729923350016783
38033,2021-03-28,0,2021-03-21,spatial,4.985797858568309,0.28594257370109794,4.44510119786669,5.592264198267154
38033,2021-04-04,1,2021-03-21,spatial,4.995833241807889,0.1328345938816296,4.737265677652483,5.268513838624443
38033,2021-04-11,2,2021-03-21,spatial,4.995432897918074,0.30687305451445906,4.41795779595582,5.648390272185324
38033,2021-04-18,3,2021-03-21,spatial,5.041314633206183,0.050433357654031716,4.941425986707703,5.143222482608066
38035,2021-03-28,0,2021-03-21,spatial,83.94155553720424,3.866511686985585,76.56986488572817,92.02294866944293
38035,2021-04-04,1,2021-03-21,spatial,76.98622693829748,2.6176414716004737,71.93408209903141,82.39319895728322
38035,2021-04-11,2,2021-03-21,spatial,83.92655021000348,3.9678977578317833,76.35993849252712,92.24294792801014
38035,2021-04-18,3,2021-03-21,spatial,84.05761651657697,3.5245417412490734,77.27427191660149,91.43642145310119
38037,2021-03-28,0,2021-03-21,spatial,2.006751698094087,0.13745642830133256,1.7513968595889142,2.2993374435698866
38037,2021-04-04,1,2021-03-21,spatial,1.9933235952007504,0.15394592767781254,1.7072426167856232,2.327342883851507
38037,2021-04-11,2,2021-03-21,spatial,1.9970052764934347,0.0734215471648626,1.8557139669502267,2.1490542968196484
38037,2021-04-18,3,2021-03-21,spatial,1.9973594164317847,0.07838647089936444,1.8469568487092347,2.160009661945696
38039,2021-03-28,0,2021-03-21,spatial,1.0000987067032732,0.010054455836859596,0.9801948678213857,1.0204067129759948
38039,2021-04-04,1,2021-03-21,spatial,0.9998759696641606,0.009722587203398572,0.9806189079239424,1.0195111950557934
38039,2021-04-11,2,2021-03-21,spatial,1.0000848252020718,0.010048331284486615,0.9801947893518383,1.0203784681010482
38039,2021-04-18,3,2021-03-21,spatial,1.0002115464341728,0.009772979367789451,0.9808466101033644,1.0199588063161191
38041,2021-03-28,0,2021-03-21,spatial,0.9999579898292889,0.030300413403895964,0.9411529389810388,1.0624372936730286
38041,2021-04-04,1,2021-03-21,spatial,1.00131905809646,0.034683395403806244,0.9344881284748118,1.0729294739608957
38041,2021-04-11,2,2021-03-21,spatial,1.0016287635466727,0.034150825290330936,0.9356985598155556,1.0722044716642491
38041,2021-04-18,3,2021-03-21,spatial,1.0002226615575789,0.03547006481445642,0.9317942426202236,1.0736762762989975
38043,2021-03-28,0,2021-03-21,spatial,1.0002567537161102,0.010495386444045516,0.979487009713858,1.021466914244198
38043,2021-04-04,1,2021-03-21,spatial,1.0001932899331625,0.010270704704974746,0.9798768663494952,1.02093094712424
38043,2021-04-11,2,2021-03-21,spatial,1.0001244568507914,0.009905317846555628,0.9805050595353396,1.0201364281231835
38043,2021-04-18,3,2021-03-21,spatial,0.9997370197445914,0.009833125907215906,0.980258571364484,1.019602519013495
38045,2021-03-28,0,2021-03-21,spatial,2.99636259832193,0.1925828475537886,2.6347694068890117,3.407580487745032
38045,2021-04-04,1,2021-03-21,spatial,3.004602769584489,0.13735576694717758,2.7427815711577623,3.2914169680614056
38045,2021-04-11,2,2021-03-21,spatial,3.0018604418683528,0.07848887899737028,2.8491812893296258,3.1627212161618083
38045,2021-04-18,3,2021-03-21,spatial,2.9925264595069914,0.16885085819573925,2.6734626988600745,3.3496688076732184
38047,2021-03-28,0,2021-03-21,spatial,1.000363991242066,0.010009244569480241,0.9805512381216474,1.0205770754935355
38047,2021-04-04,1,2021-03-21,spatial,1.0001201198887286,0.009431704544985776,0.9814425552833592,1.0191531321132274
38047,2021-04-11,2,2021-03-21,spatial,0.9998733497908394,0.009818886689610113,0.9804427029775102,1.0196890777868195
38047,2021-04-18,3,2021-03-21,spatial,1.00091421706321,0.024155187442163717,0.9538752564885264,1.0502728350531536
38049,2021-03-28,0,2021-03-21,spatial,3.000845329979718,0.21760750696657585,2.595788963558747,3.4691081674511035
38049,2021-04-04,1,2021-03-21,spatial,2.9951845959229653,0.20936094161008106,2.605697294363124,3.4428906162896844
38049,2021-04-11,2,2021-03-21,spatial,3.0028847003149783,0.09968979668536074,2.8101821707223498,3.2088014141331995
38049,2021-04-18,3,2021-03-21,spatial,3.004924747764602,0.17142538005413002,2.682383904704822,3.3662492247625533
38051,2021-03-28,0,2021-03-21,spatial,1.9998057424241915,0.06830170077155634,1.8675416296449319,2.1414371406505817
38051,2021-04-04,1,2021-03-21,spatial,2.0011175883868977,0.053483953257151835,1.8968351176256149,2.111133205696885
38051,2021-04-11,2,2021-03-21,spatial,1.9985054999358702,0.08862931173193543,1.8290713869307715,2.183634964612287
38051,2021-04-18,3,2021-03-21,spatial,2.002135950257379,0.10350985665226436,1.8056551921938024,2.2199965866366678
38053,2021-03-28,0,2021-03-21,spatial,13.978885539794016,0.673272803406441,12.696691087796447,15.390564327620895
38053,2021-04-04,1,2021-03-21,spatial,7.236003761472842,0.07413807702237457,7.089184422122692,7.3858637775953415
38053,2021-04-11,2,2021-03-21,spatial,14.016818191996453,0.4674032696426453,13.11230983561594,14.98372099886043
38053,2021-04-18,3,2021-03-21,spatial,13.99105049039062,0.761173330458308,12.549663565061753,15.597987373113805
38055,2021-03-28,0,2021-03-21,spatial,3.9950282146671516,0.1178787566437941,3.7658374623729145,4.238167630827541
38055,2021-04-04,1,2021-03-21,spatial,4.0093466508532325,0.12840850836069734,3.76022197974356,4.274976491628375
38055,2021-04-11,2,2021-03-21,spatial,3.993986068938563,0.2217590907680795,3.5754575155098784,4.461505877129822
38055,2021-04-18,3,2021-03-21,spatial,4.001003921110919,0.13313019412099303,3.743031104994877,4.276756438220104
38057,2021-03-28,0,2021-03-21,spatial,13.00838315731333,0.8459899347887131,11.425259556946216,14.810869855870685
38057,2021-04-04,1,2021-03-21,spatial,13.031250142544645,0.7189608796975274,11.668686192866945,14.552922023164577
38057,2021-04-11,2,2021-03-21,spatial,12.973576665425242,0.7380349166324429,11.584499537413606,14.529215608328695
38057,2021-04-18,3,2021-03-21,spatial,12.995743667592857,0.7743393888784629,11.537393367403087,14.638432451384347
38059,2021-03-28,0,2021-03-21,spatial,22.996956617168358,1.027520597059573,21.04023875703188,25.135646974308816
38059,2021-04-04,1,2021-03-21,spatial,23.074302338165182,1.2556298046945285,20.698253359690284,25.723109053730425
38059,2021-04-11,2,2021-03-21,spatial,22.96738760886759,1.3482729291862876,20.426536674954406,25.824294248703907
38059,2021-04-18,3,2021-03-21,spatial,22.933169267124573,0.9314017730057582,21.146443368224872,24.87086095172211
38061,2021-03-28,0,2021-03-21,spatial,1.0017821263256923,0.06461982529074534,0.8810666022415978,1.1390369650516348
38061,2021-04-04,1,2021-03-21,spatial,1.0018768702079168,0.04023266555889693,0.9247411971404113,1.0854466808243672
38061,2021-04-11,2,2021-03-21,spatial,1.0016858186114497,0.0615546347266722,0.8864433125023911,1.1319104843543886
38061,2021-04-18,3,2021-03-21,spatial,0.9973248548546318,0.06186978928760885,0.8810726563822208,1.1289158265278378
38063,2021-03-28,0,2021-03-21,spatial,9.001583863529762,0.4615937135488236,8.124316396377528,9.973579080239716
38063,2021-04-04,1,2021-03-21,spatial,9.025802982522805,0.4452621736341856,8.178472642876685,9.960920949007797
38063,2021-04-11,2,2021-03-21,spatial,9.001339401704481,0.4094419672991121,8.218804876408052,9.858381144593908
38063,2021-04-18,3,2021-03-21,spatial,9.01918713959796,0.3816376148268734,8.2885672594655,9.814209635108266
38065,2021-03-28,0,2021-03-21,spatial,1.0005527949204078,0.009590845127921492,0.9815560193475268,1.019917229063002
38065,2021-04-04,1,2021-03-21,spatial,1.0000285783669,0.010074829972081095,0.9800778489553847,1.0203854302149908
38065,2021-04-11,2,2021-03-21,spatial,0.9997764578141458,0.009843244401932587,0.9802846793696164,1.019655806762353
38065,2021-04-18,3,2021-03-21,spatial,1.0003449762344547,0.02404188856442721,0.9534535793560768,1.0495425190530372
38067,2021-03-28,0,2021-03-21,spatial,12.003208457515246,0.8358687146924261,10.453250186056492,13.78298717720817
38067,2021-04-04,1,2021-03-21,spatial,12.006112470641234,0.5269280407184108,10.998742771117024,13.105746689177964
38067,2021-04-11,2,2021-03-21,spatial,12.05334932855683,0.7447150914307632,10.656453480571953,13.63335656661862
38067,2021-04-18,3,2021-03-21,spatial,12.010337637329702,0.4672543480371718,11.113589323275047,12.979443991201045
38069,2021-03-28,0,2021-03-21,spatial,0.9998930390403171,0.025966345453584252,0.9493175831580822,1.0531629322563538
38069,2021-04-04,1,2021-03-21,spatial,0.9978201065972759,0.04336555555935267,0.9151045599673564,1.0880122432843258
38069,2021-04-11,2,2021-03-21,spatial,1.0004561086117003,0.035787114555927965,0.9314653791248212,1.0745567658122686
38069,2021-04-18,3,2021-03-21,spatial,0.9999117821384252,0.0263341550152515,0.948663824080728,1.053928216381697
38071,2021-03-28,0,2021-03-21,spatial,11.013873827183067,0.3565488448556857,10.323514037388644,11.750399741965449
38071,2021-04-04,1,2021-03-21,spatial,10.990494470605412,0.7043200808940545,9.672411625812977,12.48819564151412
38071,2021-04-11,2,2021-03-21,spatial,10.980855159493306,0.3729359213755492,10.259185709968273,11.753289534140196
38071,2021-04-18,3,2021-03-21,spatial,11.007880409499698,0.242790784102352,10.533314003694526,11.503827861520696
38073,2021-03-28,0,2021-03-21,spatial,3.4653425035008176,0.033868298303625435,3.398316911986037,3.533690052335724
38073,2021-04-04,1,2021-03-21,spatial,3.0010275461711036,0.1049900547363836,2.7986649859357664,3.218022299252242
38073,2021-04-11,2,2021-03-21,spatial,2.9980908590826374,0.1211997880373614,2.7656655228888485,3.250049120157512
38073,2021-04-18,3,2021-03-21,spatial,3.00223989939309,0.16590567313126353,2.688516385725872,3.3525718724880647
38075,2021-03-28,0,2021-03-21,spatial,4.003076633998614,0.23363786183220656,3.5628589285878536,4.497686509304779
38075,2021-04-04,1,2021-03-21,spatial,4.0107712382189,0.219648874575094,3.5950775966279083,4.4745309365262385
38075,2021-04-11,2,2021-03-21,spatial,4.009512235811978,0.2833824385972989,3.482057680860636,4.6168644642189065
38075,2021-04-18,3,2021-03-21,spatial,4.003751978677991,0.1758191516561731,3.667889244214471,4.370369124981853
38077,2021-03-28,0,2021-03-21,spatial,25.938813758065525,1.9952144786544783,22.253691085747768,30.234178077834198
38077,2021-04-04,1,2021-03-21,spatial,25.99565350114345,0.9073284808955404,24.24195405362019,27.876218206534983
38077,2021-04-11,2,2021-03-21,spatial,26.06355762769593,1.2214836557014,23.73184217043353,28.624370216760845
38077,2021-04-18,3,2021-03-21,spatial,25.96514722706501,1.1453526989027376,23.77936287502907,28.351847527047656
38079,2021-03-28,0,2021-03-21,spatial,1.9959997404185004,0.08958529535932296,1.824800593622384,2.1832604492100223
38079,2021-04-04,1,2021-03-21,spatial,1.9984338765057628,0.08173704567538381,1.8418413573905068,2.1683398207672555
38079,2021-04-11,2,2021-03-21,spatial,1.9987883727909959,0.0960279733106887,1.8164186259808195,2.199468174384744
38079,2021-04-18,3,2021-03-21,spatial,1.9995177587251924,0.0668270744308388,1.8703693327891449,2.1375838436654573
38081,2021-03-28,0,2021-03-21,spatial,4.0019250920471166,0.19617132162238626,3.6283891664589456,4.413915847396887
38081,2021-04-04,1,2021-03-21,spatial,4.006208572994313,0.26019908214178844,3.522223429073246,4.556697623965344
38081,2021-04-11,2,2021-03-21,spatial,3.995663882518933,0.2542871233178817,3.5192068417844298,4.536627308320126
38081,2021-04-18,3,2021-03-21,spatial,3.9924366300684637,0.14601355126714236,3.710818709439792,4.295426829816422
38083,2021-03-28,0,2021-03-21,spatial,1.0001904161494737,0.010146404898643432,0.9800991156257972,1.0206935733418248
38083,2021-04-04,1,2021-03-21,spatial,1.0000617475520972,0.010024066965014044,0.9802157124104116,1.020309597422784
38083,2021-04-11,2,2021-03-21,spatial,0.9992363663973984,0.00988178402473718,0.9796669101719028,1.0191967346900317
38083,2021-04-18,3,2021-03-21,spatial,1.0002477755298238,0.0094587327482084,0.981504527651508,1.0193489528227584
38085,2021-03-28,0,2021-03-21,spatial,1.000373131680058,0.01000839089764858,0.9805596911167468,1.0205869277041455
38085,2021-04-04,1,2021-03-21,spatial,1.0002085907557172,0.010330053048656892,0.9797622150177456,1.0210816560255065
38085,2021-04-11,2,2021-03-21,spatial,0.9997050223632042,0.01007380131404028,0.9797546861742258,1.0200615989301771
38085,2021-04-18,3,2021-03-21,spatial,0.9997881261269712,0.010022973755295785,0.9799365689175096,1.0200418362268755
38087,2021-03-28,0,2021-03-21,spatial,0.9998797704240562,0.009976273390956652,0.9801373303889882,1.020019873038085
38087,2021-04-04,1,2021-03-21,spatial,0.9995508962199208,0.009635452349197831,0.9804635871552104,1.0190097900860502
38087,2021-04-11,2,2021-03-21,spatial,1.0003680360191474,0.010217875645752413,0.980147780558276,1.0210054313634247
38087,2021-04-18,3,2021-03-21,spatial,1.0003740395133391,0.01005153270646307,0.9804652880132186,1.0206870464125433
38089,2021-03-28,0,2021-03-21,spatial,36.89229628854346,1.7884142479089375,33.49365474046226,40.63580209410414
38089,2021-04-04,1,2021-03-21,spatial,37.02149630012503,1.6761853199060253,33.81480860314311,40.532276979168635
38089,2021-04-11,2,2021-03-21,spatial,37.025950319700826,1.9456696809431109,33.34346853279253,41.1151286114306
38089,2021-04-18,3,2021-03-21,spatial,39.19473292833983,1.5340066168144992,36.24690449127245,42.38229749229427
38091,2021-03-28,0,2021-03-21,spatial,1.0000154703382025,0.010022128730380574,0.9801701807890112,1.0202625630895417
38091,2021-04-04,1,2021-03-21,spatial,1.000272070185087,0.010069555981740613,0.9803385458079054,1.0206109090281683
38091,2021-04-11,2,2021-03-21,spatial,1.0001854392214231,0.00996420882004525,0.9804556414049621,1.0203122615491833
38091,2021-04-18,3,2021-03-21,spatial,0.999942271769495,0.009841701686695384,0.9804521274549749,1.0198198554242577
38093,2021-03-28,0,2021-03-21,spatial,6.007197076722585,0.2370183186529025,5.551186151960731,6.500667736721153
38093,2021-04-04,1,2021-03-21,spatial,5.989098669142718,0.1786533547325582,5.642139693989973,6.357393615570205
38093,2021-04-11,2,2021-03-21,spatial,5.998129835370055,0.10653465210138444,5.788876883941071,6.214946740664287
38093,2021-04-18,3,2021-03-21,spatial,6.005454004072367,0.2898716653038408,5.452422836789105,6.614578303004018
38095,2021-03-28,0,2021-03-21,spatial,0.9997964931003864,0.010165046116236174,0.979671369226884,1.0203350419484736
38095,2021-04-04,1,2021-03-21,spatial,1.0000525547761707,0.009937366612570268,0.980381825498826,1.0201179645547636
38095,2021-04-11,2,2021-03-21,spatial,0.99985700655968,0.009992735797933677,0.9800720895860849,1.0200413257240026
38095,2021-04-18,3,2021-03-21,spatial,0.9997411293800476,0.009735644714894522,0.9804521632733604,1.0194095777576726
38097,2021-03-28,0,2021-03-21,spatial,3.0026389074918365,0.14324935860630647,2.7304304548813243,3.3019850011802028
38097,2021-04-04,1,2021-03-21,spatial,3.0073803603485083,0.18817301815973064,2.654602638433606,3.4070397206968384
38097,2021-04-11,2,2021-03-21,spatial,2.999684927450493,0.08525248794712406,2.83383264329813,3.175243846969489
38097,2021-04-18,3,2021-03-21,spatial,2.99581879360655,0.1007205215864851,2.8012721026373955,3.2038766372164686
38099,2021-03-28,0,2021-03-21,spatial,6.003660578256015,0.2173934053964308,5.584674348549449,6.454080952503044
38099,2021-04-04,1,2021-03-21,spatial,5.993554397235989,0.14757977230418454,5.705405512732222,6.29625610878342
38099,2021-04-11,2,2021-03-21,spatial,5.985175457126665,0.3193440144065054,5.382057305912485,6.6558795673243
38099,2021-04-18,3,2021-03-21,spatial,5.9997275700628885,0.3432958777101272,5.352658381067543,6.725019299250237
38101,2021-03-28,0,2021-03-21,spatial,28.07585217948831,1.2074663055199018,25.765154156779786,30.593780685649786
38101,2021-04-04,1,2021-03-21,spatial,28.059591939993602,1.0261226796289695,26.083637814519022,30.185233572009412
38101,2021-04-11,2,2021-03-21,spatial,27.99191958872785,1.0082641924188864,26.05001988604805,30.07857827707305
38101,2021-04-18,3,2021-03-21,spatial,27.97833458625166,1.1124149288877567,25.841014624412487,30.292433079648966
38103,2021-03-28,0,2021-03-21,spatial,4.027643350589888,0.18532217556068786,3.673795359501185,4.415572826504275
38103,2021-04-04,1,2021-03-21,spatial,4.0065577121567175,0.18069752857040006,3.661141210033637,4.384563112957609
38103,2021-04-11,2,2021-03-21,spatial,4.002835670232583,0.20631541768929568,3.6110042394873263,4.437184877180084
38103,2021-04-18,3,2021-03-21,spatial,3.9988816475616225,0.17680521372490335,3.661142479757685,4.367777140501653
38105,2021-03-28,0,2021-03-21,spatial,34.115389782674896,2.0840302520988288,30.21646718040916,38.51740221896049
38105,2021-04-04,1,2021-03-21,spatial,34.08931618797704,1.4258625162960648,31.35586639808947,37.06105464955928
38105,2021-04-11,2,2021-03-21,spatial,33.98707959227914,1.3118658673741406,31.458662714628602,36.718712098171075
38105,2021-04-18,3,2021-03-21,spatial,33.360678257958824,0.3400239780177628,32.68795273476949,34.04724862585967
39001,2021-03-28,0,2021-03-21,spatial,20.502235107761614,0.9553097607219388,18.68844632645661,22.492059375683326
39001,2021-04-04,1,2021-03-21,spatial,20.528108977132185,0.9818450175930624,18.66471792045665,22.57753157443405
39001,2021-04-11,2,2021-03-21,spatial,20.55024668466176,0.9252450215995346,18.78634640094901,22.47976428131433
39001,2021-04-18,3,2021-03-21,spatial,21.008927689918078,2.096933725328073,17.214884971343206,25.63915143289906
39003,2021-03-28,0,2021-03-21,spatial,91.00862416161196,10.822925541029948,71.98339279665306,115.06222963381418
39003,2021-04-04,1,2021-03-21,spatial,91.15312510942124,8.302141662806317,76.02545980789205,109.2909169929318
39003,2021-04-11,2,2021-03-21,spatial,90.93593410250273,11.167916335237193,71.24905335838478,116.06251200980431
39003,2021-04-18,3,2021-03-21,spatial,91.14721913976645,10.520761805268418,72.50950246425207,114.5755421644004
39005,2021-03-28,0,2021-03-21,spatial,51.93007893920594,5.032266553068201,42.797477818520186,63.01149591262067
39005,2021-04-04,1,2021-03-21,spatial,51.18894839822722,2.666635909490735,46.14328425109147,56.78634454924794
39005,2021-04-11,2,2021-03-21,spatial,54.02678118840075,0.5444073423170476,52.94952604602514,55.12595302632461
39005,2021-04-18,3,2021-03-21,spatial,53.9801873439101,0.5277559794595662,52.93458644499474,55.04644168159274
39007,2021-03-28,0,2021-03-21,spatial,65.8126531110269,3.532199129000625,59.119072342174384,73.26409461304236
39007,2021-04-04,1,2021-03-21,spatial,63.685415845805686,6.352403051634713,52.203148149467886,77.69324907073708
39007,2021-04-11,2,2021-03-21,spatial,64.32957643775865,7.042211206189313,51.766559522362755,79.94146110625181
39007,2021-04-18,3,2021-03-21,spatial,63.92210391078717,7.594041005205164,50.582335665543575,80.7798871803553
39009,2021-03-28,0,2021-03-21,spatial,52.174509423380016,4.190154737732874,44.45304389899196,61.23718861088162
39009,2021-04-04,1,2021-03-21,spatial,52.01335297952211,4.338056485544931,44.09026297817448,61.36023478724954
39009,2021-04-11,2,2021-03-21,spatial,49.80986995609268,3.599740535861357,43.13046943580719,57.523675895424006
39009,2021-04-18,3,2021-03-21,spatial,51.971015682616,5.882114068009894,41.52197758902679,65.04956237432485
39011,2021-03-28,0,2021-03-21,spatial,20.068272158597647,2.5298556463880715,15.648870207360474,25.735758690241948
39011,2021-04-04,1,2021-03-21,spatial,20.951437260185667,0.9247980158442054,19.186403725528407,22.878843244783592
39011,2021-04-11,2,2021-03-21,spatial,20.875244181205662,0.9872045953485342,18.99532560792564,22.941213465861157
39011,2021-04-18,3,2021-03-21,spatial,19.90963154917285,2.426799874877616,15.640581617324298,25.343905880376827
39013,2021-03-28,0,2021-03-21,spatial,83.12077017661291,3.6398939652250446,76.16601411765015,90.710568418103
39013,2021-04-04,1,2021-03-21,spatial,100.66831853368124,9.809112972121826,82.98629708156119,122.11787623730976
39013,2021-04-11,2,2021-03-21,spatial,102.5199235633948,1.0127844613060069,100.5134895288001,104.56640970994036
39013,2021-04-18,3,2021-03-21,spatial,118.2385476916842,6.320546302616171,106.28528366962351,131.53612313530743
39015,2021-03-28,0,2021-03-21,spatial,14.056096950747076,1.286961367031472,11.714069465108087,16.866372704831672
39015,2021-04-04,1,2021-03-21,spatial,14.024051852350404,1.174573735462242,11.875586347498572,16.561205872486408
39015,2021-04-11,2,2021-03-21,spatial,13.976935781944963,1.3884532437244574,11.465269102497478,17.03882674764776
39015,2021-04-18,3,2021-03-21,spatial,13.9371458102654,1.2936327421744611,11.590339441133079,16.759132407049588
39017,2021-03-28,0,2021-03-21,spatial,336.4058905467605,31.49046933939016,279.1006302289294,405.47713239390885
39017,2021-04-04,1,2021-03-21,spatial,334.6980627945057,38.07841425762524,267.2969310184941,419.09494737387803
39017,2021-04-11,2,2021-03-21,spatial,334.6582588352609,30.96240152505843,278.25927889623875,402.4884656170304
39017,2021-04-18,3,2021-03-21,spatial,336.14867796518206,38.50423431120628,267.8200594819602,421.90989695210203
39019,2021-03-28,0,2021-03-21,spatial,10.970713754321638,1.1084242897558192,8.973225626838836,13.412853446956305
39019,2021-04-04,1,2021-03-21,spatial,11.019868596898649,1.033784981802255,9.140479425959445,13.285682099783962
39019,2021-04-11,2,2021-03-21,spatial,11.005371343437517,1.4876285542347445,8.406578101580774,14.407550485277786
39019,2021-04-18,3,2021-03-21,spatial,10.998650272073109,1.2417571776299068,8.780969854091117,13.776417618722718
39021,2021-03-28,0,2021-03-21,spatial,59.86527878608295,6.468514773851122,48.24344211806231,74.28681385057395
39021,2021-04-04,1,2021-03-21,spatial,57.25459208818018,3.702384259624556,50.341175413725225,65.11743693394477
39021,2021-04-11,2,2021-03-21,spatial,60.125889294101235,5.728968950641097,49.78997812213746,72.60743426193984
39021,2021-04-18,3,2021-03-21,spatial,59.868380770571896,2.950940457531883,54.25181014602206,66.0664226030989
39023,2021-03-28,0,2021-03-21,spatial,229.6836007333353,8.237928715820155,213.78914555695184,246.75975156922448
39023,2021-04-04,1,2021-03-21,spatial,254.12927055313827,13.030435165144201,229.46166867300425,281.4486904298716
39023,2021-04-11,2,2021-03-21,spatial,194.96916092482343,1.8524877399434103,191.30247466248844,198.70612640424702
39023,2021-04-18,3,2021-03-21,spatial,280.3649017223078,16.194470918755762,249.86970607907685,314.5818648895484
39025,2021-03-28,0,2021-03-21,spatial,134.86424640437284,13.893601224899962,109.80907507013508,165.63626409385998
39025,2021-04-04,1,2021-03-21,spatial,134.62728303156214,14.147237753040802,109.18731424333907,165.99460717631868
39025,2021-04-11,2,2021-03-21,spatial,135.23977916931617,13.794691280520036,110.5676383872782,165.41727883978942
39025,2021-04-18,3,2021-03-21,spatial,134.1932255968695,5.411093458681166,123.82987657204944,145.42388553229804
39027,2021-03-28,0,2021-03-21,spatial,16.935852205022424,1.4842899664669678,14.219623312298395,20.17093446225772
39027,2021-04-04,1,2021-03-21,spatial,17.088815935989768,1.674867997811771,14.06427587895233,20.763787101984185
39027,2021-04-11,2,2021-03-21,spatial,16.941939208131142,1.8316028068702568,13.69209561960273,20.963139033376056
39027,2021-04-18,3,2021-03-21,spatial,17.108651650482866,1.8960672528485596,13.73053296037366,21.317887815594627
39029,2021-03-28,0,2021-03-21,spatial,44.986751558619716,4.0235262837101695,37.63170161960733,53.77933308076893
39029,2021-04-04,1,2021-03-21,spatial,45.0246847131974,4.107613130969155,37.55635816648734,53.978136658942134
39029,2021-04-11,2,2021-03-21,spatial,45.112021357948095,4.536529890272782,36.9612344076829,55.060240914923064
39029,2021-04-18,3,2021-03-21,spatial,44.872313696536494,4.5885448600056264,36.63199028263148,54.96628823455053
39031,2021-03-28,0,2021-03-21,spatial,21.19221849325309,0.9175164288463066,19.437133214444348,23.105780040239182
39031,2021-04-04,1,2021-03-21,spatial,21.14935481132569,0.9182550046912518,19.395043440319416,23.062346331510895
39031,2021-04-11,2,2021-03-21,spatial,21.22072212585195,0.9407414623085176,19.42502172338243,23.18242182455637
39031,2021-04-18,3,2021-03-21,spatial,22.028907482534073,2.339031989389676,17.844829507528893,27.194026408002657
39033,2021-03-28,0,2021-03-21,spatial,25.92440498685237,2.2375465993865973,21.83993498055439,30.772746096576327
39033,2021-04-04,1,2021-03-21,spatial,25.96307232288112,2.10196696295578,22.103787581471074,30.496181795024892
39033,2021-04-11,2,2021-03-21,spatial,25.887641192454467,2.507732546584996,21.3915810612847,31.32867853896804
39033,2021-04-18,3,2021-03-21,spatial,25.995197309974817,3.1561805218030017,20.43867078640886,33.062340024277745
39035,2021-03-28,0,2021-03-21,spatial,1555.9109999264908,152.5095909741834,1281.1784310885112,1889.5565059079627
39035,2021-04-04,1,2021-03-21,spatial,1619.4150403954086,90.08302772208783,1449.761012319629,1808.9223332491424
39035,2021-04-11,2,2021-03-21,spatial,1563.9167610490304,134.6768060093205,1316.2518800110927,1858.182064263778
39035,2021-04-18,3,2021-03-21,spatial,1575.6695053559238,133.75422534905738,1332.4884696084985,1863.231425062942
39037,2021-03-28,0,2021-03-21,spatial,28.79490089002829,1.8259250048044935,25.383389321848465,32.66491746840418
39037,2021-04-04,1,2021-03-21,spatial,28.854455991705517,1.7692701397795214,25.5234217647069,32.62021990047349
39037,2021-04-11,2,2021-03-21,spatial,26.81874281070715,3.01686328693169,21.447828862890173,33.534628168882904
39037,2021-04-18,3,2021-03-21,spatial,26.96075398285883,2.6260273410169903,22.214208864413106,32.72150089885465
39039,2021-03-28,0,2021-03-21,spatial,34.55546261538075,1.2030863799003868,32.23273042166688,37.04557389157186
39039,2021-04-04,1,2021-03-21,spatial,34.59060624188301,1.1658252072694553,32.33542668458871,37.00306947708411
39039,2021-04-11,2,2021-03-21,spatial,34.59539836038278,1.2013835789855143,32.27626305684136,37.08116970065064
39039,2021-04-18,3,2021-03-21,spatial,37.08654675535328,3.478050193028919,30.8023062928482,44.65288855842439
39041,2021-03-28,0,2021-03-21,spatial,252.04281396213855,24.88791444523753,207.15869652430743,306.6517657032046
39041,2021-04-04,1,2021-03-21,spatial,251.86988782093238,23.043373013973614,209.9652820457249,302.1377618853857
39041,2021-04-11,2,2021-03-21,spatial,262.948837841042,11.711725512715235,240.57467150057357,287.40386878919514
39041,2021-04-18,3,2021-03-21,spatial,251.13689777474343,27.808381662150406,201.69278901861148,312.70201443891017
39043,2021-03-28,0,2021-03-21,spatial,94.21336340603901,7.934576978999377,79.6495485540183,111.44015258615768
39043,2021-04-04,1,2021-03-21,spatial,93.66428861193506,11.990838411183624,72.71652719295822,120.64656137799489
39043,2021-04-11,2,2021-03-21,spatial,94.03833585878648,8.936496237570452,77.77508831961056,113.7023281124344
39043,2021-04-18,3,2021-03-21,spatial,93.0230057286928,4.0489952455137725,85.2761233856732,101.47365113754934
39045,2021-03-28,0,2021-03-21,spatial,136.12583834394272,12.58514794817964,113.28394908676223,163.57342778233505
39045,2021-04-04,1,2021-03-21,spatial,132.52599898698622,5.232933606340988,122.47210052216751,143.40523541783904
39045,2021-04-11,2,2021-03-21,spatial,132.69280278400916,5.306765245156877,122.49590037611941,143.7385239556026
39045,2021-04-18,3,2021-03-21,spatial,135.64498924464272,13.893902518975038,110.594452669706,166.36967463576266
39047,2021-03-28,0,2021-03-21,spatial,11.009270510863388,1.159954301399814,8.945738289454628,13.548802039541373
39047,2021-04-04,1,2021-03-21,spatial,11.071698914647703,1.088363500944077,9.115792640311048,13.447269117831578
39047,2021-04-11,2,2021-03-21,spatial,10.990347005752316,1.162257496078818,8.909059045960523,13.557854615591026
39047,2021-04-18,3,2021-03-21,spatial,10.984200162038032,1.114921370697558,8.982297689577438,13.432270602622648
39049,2021-03-28,0,2021-03-21,spatial,1457.2506961912286,135.69571872813333,1210.948213987478,1753.6502114794635
39049,2021-04-04,1,2021-03-21,spatial,1451.7041541464685,139.97135937153482,1198.5366345574396,1758.3483811859358
39049,2021-04-11,2,2021-03-21,spatial,1458.8250377596798,156.48617127367373,1179.083129439159,1804.936766253974
39049,2021-04-18,3,2021-03-21,spatial,1416.6212950219867,61.989625682229594,1297.772777173442,1546.3538215685408
39051,2021-03-28,0,2021-03-21,spatial,32.99583160322449,2.8086044896175553,27.88084207916877,39.049211644930594
39051,2021-04-04,1,2021-03-21,spatial,35.16636202933321,2.061478391082604,31.283543230952567,39.53110455706114
39051,2021-04-11,2,2021-03-21,spatial,37.10338445354795,1.7070469457236643,33.84480568466607,40.6756992707895
39051,2021-04-18,3,2021-03-21,spatial,33.01141849607993,3.6135886554459016,26.54109477740715,41.059110796400546
39053,2021-03-28,0,2021-03-21,spatial,21.07147107594168,1.7614105222565266,17.836246270587473,24.893516638443604
39053,2021-04-04,1,2021-03-21,spatial,21.000690806606954,1.8040970973801511,17.706854928994325,24.90724728492223
39053,2021-04-11,2,2021-03-21,spatial,19.246824445757667,0.8081866542669083,17.696330285074783,20.93316779684244
39053,2021-04-18,3,2021-03-21,spatial,19.293109101020924,0.8137189102744518,17.73814386668651,20.984386054222934
39055,2021-03-28,0,2021-03-21,spatial,62.12864366926926,6.289215529271928,50.77149919914309,76.02628295538254
39055,2021-04-04,1,2021-03-21,spatial,61.603245339097825,7.036449464334062,49.215403715418205,77.10918838038899
39055,2021-04-11,2,2021-03-21,spatial,61.684486433952635,5.922140892034802,50.967873817911205,74.65439661489934
39055,2021-04-18,3,2021-03-21,spatial,62.287375004212606,6.142749426581223,51.2540980465697,75.69574400451417
39057,2021-03-28,0,2021-03-21,spatial,147.59615428908316,15.584721993834634,119.70910927948887,181.9796746634005
39057,2021-04-04,1,2021-03-21,spatial,147.30924455915095,13.341979691436856,123.07678082788942,176.3128137299353
39057,2021-04-11,2,2021-03-21,spatial,146.66964027295984,14.46422544833611,120.62459646494233,178.33828264081754
39057,2021-04-18,3,2021-03-21,spatial,146.7170695788329,16.636103821346268,117.2371197303752,183.60992282398175
39059,2021-03-28,0,2021-03-21,spatial,26.951847468729177,2.456019790476743,22.49498443124567,32.29173526204653
39059,2021-04-04,1,2021-03-21,spatial,26.82868287419548,2.7529523683233426,21.893963280767004,32.87564775430344
39059,2021-04-11,2,2021-03-21,spatial,27.019313117425664,2.748168723991976,22.05397881974836,33.10256563245491
39059,2021-04-18,3,2021-03-21,spatial,27.825553490826422,1.4150123314833385,25.13040116214359,30.809751984269514
39061,2021-03-28,0,2021-03-21,spatial,698.5871580614736,63.961478006117,583.1652394287684,836.8537498676077
39061,2021-04-04,1,2021-03-21,spatial,699.2397818517867,97.11876228761324,533.9081410341222,915.7685282286903
39061,2021-04-11,2,2021-03-21,spatial,700.0564695664136,84.78468178503192,551.2004106739638,889.1122921743863
39061,2021-04-18,3,2021-03-21,spatial,699.1493463167094,89.57655297760937,542.868266213585,900.4206708644965
39063,2021-03-28,0,2021-03-21,spatial,96.77208847846858,5.383678834084389,86.58837226474813,108.15351834829625
39063,2021-04-04,1,2021-03-21,spatial,93.99589254658692,5.053511857905875,84.46388161715275,104.60362046438644
39063,2021-04-11,2,2021-03-21,spatial,75.79875109361565,0.733267564419576,74.3470672321161,77.27878020277858
39063,2021-04-18,3,2021-03-21,spatial,101.91390217321744,9.498561378856632,84.68972466547969,122.64112910034935
39065,2021-03-28,0,2021-03-21,spatial,25.96986827514901,2.4931719821517806,21.471397224730925,31.4108137057691
39065,2021-04-04,1,2021-03-21,spatial,25.964846247729458,2.1793080290885354,21.984712050151273,30.66554791030761
39065,2021-04-11,2,2021-03-21,spatial,26.774939819625978,1.4895634406717753,23.951736576104192,29.9309154501898
39065,2021-04-18,3,2021-03-21,spatial,25.964055992822185,2.8204716086779102,20.93268761364137,32.204761091408464
39067,2021-03-28,0,2021-03-21,spatial,10.99618558289375,1.1485158204472996,8.934748444743127,13.533240260903243
39067,2021-04-04,1,2021-03-21,spatial,11.023750117082594,1.3047778567913646,8.710322272177267,13.95161543357019
39067,2021-04-11,2,2021-03-21,spatial,13.099495765323637,0.4887123226431111,12.157621788402722,14.114338502405118
39067,2021-04-18,3,2021-03-21,spatial,11.702319875036785,0.8089999845569267,10.196186929123412,13.430931720810886
39069,2021-03-28,0,2021-03-21,spatial,23.285270932971297,1.0051096983028185,21.362478471867572,25.38112996279485
39069,2021-04-04,1,2021-03-21,spatial,23.304641788869912,1.0310657768663447,21.335250589694226,25.455821417437853
39069,2021-04-11,2,2021-03-21,spatial,26.874219386643638,2.6490421950660528,22.123143493307484,32.64561692419227
39069,2021-04-18,3,2021-03-21,spatial,28.849909156188517,1.229267049344435,26.49215387751225,31.4175005236867
39071,2021-03-28,0,2021-03-21,spatial,40.13240676161053,1.6209672183874182,37.03129501235589,43.493214913007094
39071,2021-04-04,1,2021-03-21,spatial,36.87353156759282,3.9381164518486633,29.839803160949028,45.56522450676318
39071,2021-04-11,2,2021-03-21,spatial,37.137962997570426,4.481987912907505,29.2250942074537,47.19328826858482
39071,2021-04-18,3,2021-03-21,spatial,37.621977215509474,3.1914139421650423,31.772502459280854,44.548369188680866
39073,2021-03-28,0,2021-03-21,spatial,26.941144548045102,2.610515908874397,22.228356536366533,32.65312342687949
39073,2021-04-04,1,2021-03-21,spatial,28.805768707905173,1.0201858029385455,26.84202644355319,30.913176864581324
39073,2021-04-11,2,2021-03-21,spatial,26.81602901145124,2.566810072793376,22.16734792990884,32.43957798725957
39073,2021-04-18,3,2021-03-21,spatial,26.91530585747972,3.0450751052079315,21.47464089517167,33.73437967777905
39075,2021-03-28,0,2021-03-21,spatial,2.9948272143322683,0.3267400061617572,2.4130463740579406,3.716874296378447
39075,2021-04-04,1,2021-03-21,spatial,3.2833104947908818,0.14209679402830802,3.0116507847951217,3.5794747052445213
39075,2021-04-11,2,2021-03-21,spatial,2.9432050457490893,0.19630688661621493,2.577412414567169,3.3609118557681823
39075,2021-04-18,3,2021-03-21,spatial,3.009018791484775,0.3416839555157589,2.3997407119308747,3.7729884910038147
39077,2021-03-28,0,2021-03-21,spatial,79.53768351296232,0.7826807701840386,77.98805043667805,81.1181080073891
39077,2021-04-04,1,2021-03-21,spatial,79.58972769736137,0.8357793451691435,77.93467323204534,81.27992961591698
39077,2021-04-11,2,2021-03-21,spatial,112.44202754984474,10.79794999841384,92.90495194859564,136.0875743901739
39077,2021-04-18,3,2021-03-21,spatial,103.24708131850979,4.612447913130548,94.42802484574759,112.88978900283571
39079,2021-03-28,0,2021-03-21,spatial,33.20299231075406,3.2118264880463014,27.42178665052485,40.20302223330489
39079,2021-04-04,1,2021-03-21,spatial,33.03999728075148,3.2372453171405136,27.223965515353864,40.09854551484785
39079,2021-04-11,2,2021-03-21,spatial,33.09056194332673,3.599308860396188,26.70323525508203,41.00571632108701
39079,2021-04-18,3,2021-03-21,spatial,29.672056936692094,2.011179836571546,25.932735978329664,33.95056208454125
39081,2021-03-28,0,2021-03-21,spatial,91.35132826536736,7.8829713307306415,76.96280897614415,108.42984146321363
39081,2021-04-04,1,2021-03-21,spatial,92.11126739762858,10.04728930423868,74.19710217413174,114.35063274688764
39081,2021-04-11,2,2021-03-21,spatial,92.13160050364377,7.948874080107636,77.63207724234451,109.33923337984696
39081,2021-04-18,3,2021-03-21,spatial,91.96427961727642,7.132557389544281,78.78857033489079,107.34334548242599
39083,2021-03-28,0,2021-03-21,spatial,77.96078500522448,5.227012419569956,68.23147024079938,89.0774297722304
39083,2021-04-04,1,2021-03-21,spatial,76.51445347581388,7.38442417151463,63.20985606011505,92.61944189739435
39083,2021-04-11,2,2021-03-21,spatial,76.60520196887455,4.5006893011437565,68.16267398215034,86.09340898552195
39083,2021-04-18,3,2021-03-21,spatial,76.83126329984141,6.449908124494742,64.95693385125797,90.87625708699049
39085,2021-03-28,0,2021-03-21,spatial,177.3405132027089,19.482771818010672,142.7717542692184,220.279268710931
39085,2021-04-04,1,2021-03-21,spatial,177.5789168062319,17.894731017371175,145.2446949067868,217.1113493288844
39085,2021-04-11,2,2021-03-21,spatial,177.63044156438434,19.439369379952115,143.17044041342194,220.38469448893426
39085,2021-04-18,3,2021-03-21,spatial,177.82587508893107,15.964064085097027,148.68668043896704,212.67568660344355
39087,2021-03-28,0,2021-03-21,spatial,20.05079417647725,1.6376065373333777,17.035822176313754,23.599350999708964
39087,2021-04-04,1,2021-03-21,spatial,19.964323004459697,2.0756955169985805,16.21760671486054,24.57663452038065
39087,2021-04-11,2,2021-03-21,spatial,20.02158499949335,2.333420254866088,15.876010742751546,25.24965952639948
39087,2021-04-18,3,2021-03-21,spatial,19.992796811180323,2.225976365856405,16.007716171705884,24.969953242902
39089,2021-03-28,0,2021-03-21,spatial,161.7579250498363,18.335923745448454,129.2744253707435,202.40373330911046
39089,2021-04-04,1,2021-03-21,spatial,161.76304797583566,16.947251627255454,131.44647955700182,199.07177262275061
39089,2021-04-11,2,2021-03-21,spatial,151.77849131711255,5.936883928618236,140.37720798053059,164.10577441954715
39089,2021-04-18,3,2021-03-21,spatial,161.73820884806537,16.863325524726537,131.55312623201408,198.84930864542568
39091,2021-03-28,0,2021-03-21,spatial,14.004924270383489,1.3146910445375728,11.628879116600304,16.86644962532875
39091,2021-04-04,1,2021-03-21,spatial,13.94332203071558,1.182301189992306,11.773729326903029,16.512714353641233
39091,2021-04-11,2,2021-03-21,spatial,13.949520273806488,1.1167731922397626,11.897046284082744,16.35608631107725
39091,2021-04-18,3,2021-03-21,spatial,13.974380930338693,1.1806975150844157,11.806062594324652,16.540935712139056
39093,2021-03-28,0,2021-03-21,spatial,366.0547143004849,36.617599493701746,300.38850056442107,446.07584381504296
39093,2021-04-04,1,2021-03-21,spatial,364.3845943706495,24.1856717166231,319.2569100158292,415.8911787001872
39093,2021-04-11,2,2021-03-21,spatial,364.68409090867766,24.393687366807303,319.26339224717015,416.56666373740023
39093,2021-04-18,3,2021-03-21,spatial,365.58008992770516,44.12780855959671,287.4420285332308,464.95915309788467
39095,2021-03-28,0,2021-03-21,spatial,647.0357481792934,66.23161218244464,528.4398153945954,792.2477588281662
39095,2021-04-04,1,2021-03-21,spatial,607.397749174813,6.012118653664702,595.4932255692734,619.5402564822488
39095,2021-04-11,2,2021-03-21,spatial,607.572355538023,6.166930516321667,595.3713699204666,620.0233767763042
39095,2021-04-18,3,2021-03-21,spatial,583.76095832546,25.36826102934287,535.1728814633776,636.7603222593018
39097,2021-03-28,0,2021-03-21,spatial,24.90453135326963,2.323371388553896,20.698216780880927,29.965657838645576
39097,2021-04-04,1,2021-03-21,spatial,26.64422462984445,1.6740101785170527,23.516084485362306,30.18847404496693
39097,2021-04-11,2,2021-03-21,spatial,25.082778187876663,2.2391076371016982,21.008227072833982,29.947589553417306
39097,2021-04-18,3,2021-03-21,spatial,24.9688587445476,2.207586135714955,20.95736994430617,29.74819400821581
39099,2021-03-28,0,2021-03-21,spatial,212.93857652898635,22.501099350906724,172.37604641756394,263.0460456457647
39099,2021-04-04,1,2021-03-21,spatial,212.30161339568042,23.8676958047963,169.93668875886294,265.2280409815756
39099,2021-04-11,2,2021-03-21,spatial,213.82434922136008,24.27371043542577,170.68977774518348,267.8593464934563
39099,2021-04-18,3,2021-03-21,spatial,212.4112442820528,27.09899744515131,165.18416020613273,273.14081835175136
39101,2021-03-28,0,2021-03-21,spatial,59.123985898820656,5.775797197172438,48.67997107769588,71.80870553486365
39101,2021-04-04,1,2021-03-21,spatial,59.089173872352646,5.517300560292634,49.069452407878416,71.15486922280259
39101,2021-04-11,2,2021-03-21,spatial,58.85639540535252,6.362800134540883,47.456472516637106,72.99479072947909
39101,2021-04-18,3,2021-03-21,spatial,58.906161229518226,6.650374610196817,47.122220488269456,73.63693380412322
39103,2021-03-28,0,2021-03-21,spatial,218.47316739882942,25.21432683329463,174.05324110320907,274.2294516938871
39103,2021-04-04,1,2021-03-21,spatial,218.91943230611253,24.597067914575895,175.29890010826733,273.3942871953614
39103,2021-04-11,2,2021-03-21,spatial,218.06796625555282,21.12128602996302,179.84995137719784,264.4072880903874
39103,2021-04-18,3,2021-03-21,spatial,217.59185016516847,19.76106483618167,181.50087913618648,260.8594155776823
39105,2021-03-28,0,2021-03-21,spatial,10.845164844940223,0.8378556559851914,9.300688256836999,12.64611792868832
39105,2021-04-04,1,2021-03-21,spatial,11.034583725606039,0.9799660306743893,9.24833419035453,13.165834569905613
39105,2021-04-11,2,2021-03-21,spatial,11.027459527497928,1.017134197317593,9.17350830931721,13.256091293567051
39105,2021-04-18,3,2021-03-21,spatial,11.014744017480876,1.1298666395142969,8.980302931610174,13.510077187215467
39107,2021-03-28,0,2021-03-21,spatial,7.99770551500605,0.7368080379931029,6.6638145344119035,9.59860049742562
39107,2021-04-04,1,2021-03-21,spatial,8.001636022205513,0.6855359989319587,6.745416104526003,9.491805700303189
39107,2021-04-11,2,2021-03-21,spatial,7.733892052404254,0.5208129296295285,6.764964692148308,8.841596224096069
39107,2021-04-18,3,2021-03-21,spatial,8.004334487403407,0.884663361815255,6.422851002249103,9.975222928852046
39109,2021-03-28,0,2021-03-21,spatial,96.97770993034024,9.751014437259544,79.4627060948457,118.35333435672207
39109,2021-04-04,1,2021-03-21,spatial,101.12037033756077,3.645581155145545,94.10526247554016,108.65842173133734
39109,2021-04-11,2,2021-03-21,spatial,97.3618961105174,6.823186694643415,84.66819824394521,111.95866938048457
39109,2021-04-18,3,2021-03-21,spatial,87.35358768806972,3.9042324115059217,79.89320838683322,95.51061267974885
39111,2021-03-28,0,2021-03-21,spatial,18.69266930887525,0.1807167614110399,18.335035093346765,19.05727936227181
39111,2021-04-04,1,2021-03-21,spatial,18.694647645213927,0.18322829168062088,18.33176195822556,19.06471682182654
39111,2021-04-11,2,2021-03-21,spatial,20.55029614955324,0.7423398437019543,19.118134087120684,22.089743167919483
39111,2021-04-18,3,2021-03-21,spatial,20.56458514003345,0.759632447011443,19.104172480985813,22.1366386009441
39113,2021-03-28,0,2021-03-21,spatial,406.8791210884038,42.26543908277743,331.06047388336066,500.0615665040063
39113,2021-04-04,1,2021-03-21,spatial,409.061095571554,34.153282139502444,346.26277220749114,483.248542265844
39113,2021-04-11,2,2021-03-21,spatial,451.18975995311087,20.571089260932126,411.9633473281002,494.1512413831677
39113,2021-04-18,3,2021-03-21,spatial,406.475868233728,28.802876415720785,352.95912148048166,468.106988603494
39115,2021-03-28,0,2021-03-21,spatial,2.965644866220817,0.12280219439204842,2.7300201571675604,3.221606056442781
39115,2021-04-04,1,2021-03-21,spatial,3.004707105177136,0.26327133957133536,2.5275012911681403,3.5720119390045313
39115,2021-04-11,2,2021-03-21,spatial,3.0125407023318087,0.3091494757355571,2.456509461672917,3.694429687653372
39115,2021-04-18,3,2021-03-21,spatial,2.9961308576519428,0.3184712426836294,2.4271759741959595,3.698454587392607
39117,2021-03-28,0,2021-03-21,spatial,12.062885127552722,1.2985239802475217,9.752813190647897,14.920125583874324
39117,2021-04-04,1,2021-03-21,spatial,11.983844314341642,1.3041259380257628,9.651412938566233,14.879948196653668
39117,2021-04-11,2,2021-03-21,spatial,11.957760096395472,1.0481780627024546,10.040429815537953,14.241225639729912
39117,2021-04-18,3,2021-03-21,spatial,11.9432795236341,1.4115969850407046,9.477103278951283,15.051215712343913
39119,2021-03-28,0,2021-03-21,spatial,73.87309018338435,5.954834593060183,62.91580754209893,86.7386697626162
39119,2021-04-04,1,2021-03-21,spatial,73.85693352411431,6.915793657113452,61.321212753987616,88.95529596698526
39119,2021-04-11,2,2021-03-21,spatial,65.14599525765125,1.5701667060336577,62.08181045122938,68.3614196696784
39119,2021-04-18,3,2021-03-21,spatial,74.53243898627355,9.694618975837102,57.70534575888823,96.26637511979472
39121,2021-03-28,0,2021-03-21,spatial,7.01388786338295,0.7175598758181834,5.72693928694511,8.590037451986372
39121,2021-04-04,1,2021-03-21,spatial,5.2027618988784115,0.18907395682894826,4.838027312457403,5.594993502149478
39121,2021-04-11,2,2021-03-21,spatial,5.196637269896073,0.1877151200963561,4.834907333675362,5.585430505933696
39121,2021-04-18,3,2021-03-21,spatial,5.204982829080269,0.19570793825988492,4.828920222523358,5.610332124489635
39123,2021-03-28,0,2021-03-21,spatial,42.0065752228124,0.4069653118768256,41.200782412287715,42.828127492635566
39123,2021-04-04,1,2021-03-21,spatial,42.025484306775276,0.41923675410909295,41.19525434873978,42.87244633247528
39123,2021-04-11,2,2021-03-21,spatial,42.04333527418154,0.4225440665843812,41.206528868817415,42.89713522351264
39123,2021-04-18,3,2021-03-21,spatial,60.12135627559965,5.975028211197617,49.411200259688655,73.1529989439759
39125,2021-03-28,0,2021-03-21,spatial,10.087844745950816,1.030817879140553,8.241271167015027,12.348169300108886
39125,2021-04-04,1,2021-03-21,spatial,10.413906224541893,0.6599517405122206,9.179132064041026,11.814781843961024
39125,2021-04-11,2,2021-03-21,spatial,10.003632590494263,1.2007286906776684,7.900731327066788,12.666253396412072
39125,2021-04-18,3,2021-03-21,spatial,10.005604980435448,1.167739942113735,7.93534648094055,12.61597477375036
39127,2021-03-28,0,2021-03-21,spatial,30.15110710464709,2.7505104009873724,25.142092815146214,36.15805837325692
39127,2021-04-04,1,2021-03-21,spatial,29.18142697574959,0.925124370673468,27.390639985481076,31.08929476610949
39127,2021-04-11,2,2021-03-21,spatial,29.9650870121653,2.9616417965816706,24.60890362455159,36.48705579678171
39127,2021-04-18,3,2021-03-21,spatial,29.972431218230557,3.4448457325319044,23.920807993749772,37.55502880029341
39129,2021-03-28,0,2021-03-21,spatial,53.296396020817355,4.929605784151117,44.378599130353386,64.00620759714313
39129,2021-04-04,1,2021-03-21,spatial,53.03732189151352,5.272121908442101,43.47762027186569,64.69897606710272
39129,2021-04-11,2,2021-03-21,spatial,53.05838783739812,4.8471208927063785,44.260386351234274,63.60524053187008
39129,2021-04-18,3,2021-03-21,spatial,52.99076860011672,5.6325560671031205,42.929114593292816,65.41065622792597
39131,2021-03-28,0,2021-03-21,spatial,27.988814478381535,2.0586814792070185,24.17296891118752,32.40701375091355
39131,2021-04-04,1,2021-03-21,spatial,28.168951897958213,3.2837714444639774,22.383100528484263,35.450399287610075
39131,2021-04-11,2,2021-03-21,spatial,28.195729967097982,3.421243205416656,22.1521510238085,35.88812605706168
39131,2021-04-18,3,2021-03-21,spatial,28.028829962469352,2.8796132748665464,22.864751057790688,34.35923299927368
39133,2021-03-28,0,2021-03-21,spatial,226.480528467314,25.0208819994143,182.00153646357597,281.8296524936162
39133,2021-04-04,1,2021-03-21,spatial,229.956916353566,8.238332042031809,214.0802034509352,247.01108522143426
39133,2021-04-11,2,2021-03-21,spatial,230.39808208077702,8.439866777413457,214.15238337965286,247.87618698781216
39133,2021-04-18,3,2021-03-21,spatial,227.80428226303832,22.19001724315373,187.72496093289973,276.4405477006718
39135,2021-03-28,0,2021-03-21,spatial,32.04211094033885,3.2998527812095673,26.147503584974324,39.26557922351619
39135,2021-04-04,1,2021-03-21,spatial,32.006886949741485,3.3078082281082275,26.073924981479806,39.289858083935854
39135,2021-04-11,2,2021-03-21,spatial,31.943738049376865,3.246183281377647,26.11685480947865,39.070646446940096
39135,2021-04-18,3,2021-03-21,spatial,32.06086343941869,3.5242266904310484,25.817087616833128,39.81467544816513
39137,2021-03-28,0,2021-03-21,spatial,24.078029729786635,2.406693002563458,19.75055318696005,29.353684941405067
39137,2021-04-04,1,2021-03-21,spatial,24.012456170278483,2.5018806818114685,19.53057938255167,29.52283391268307
39137,2021-04-11,2,2021-03-21,spatial,20.694414009278603,0.7294424901238241,19.285333331357737,22.20644900604762
39137,2021-04-18,3,2021-03-21,spatial,20.698632249033945,0.750592893032002,19.253065357534727,22.252735812434135
39139,2021-03-28,0,2021-03-21,spatial,87.84929525912503,9.158360582190825,71.40734420905427,108.077099953906
39139,2021-04-04,1,2021-03-21,spatial,87.60727689944191,9.03889036292609,71.51123602930329,107.32628034272088
39139,2021-04-11,2,2021-03-21,spatial,87.88597533540873,9.004294965445082,71.73407336387598,107.67469764996949
39139,2021-04-18,3,2021-03-21,spatial,87.72854241109533,8.018422407254027,73.20768614497722,105.12963267728405
39141,2021-03-28,0,2021-03-21,spatial,101.7376066137585,9.102407987258509,85.13412663387135,121.57921868405977
39141,2021-04-04,1,2021-03-21,spatial,102.57909645721651,10.489477631378847,83.76009364077021,125.6263045156998
39141,2021-04-11,2,2021-03-21,spatial,101.8764101288617,9.162224044282716,85.27387689229646,121.71140000885369
39141,2021-04-18,3,2021-03-21,spatial,85.43556430493355,0.8629672868005228,83.72656017618444,87.17945216837727
39143,2021-03-28,0,2021-03-21,spatial,42.89272891727551,5.186040403071576,33.72819871683109,54.54741919119417
39143,2021-04-04,1,2021-03-21,spatial,44.50149690713828,2.9437294541591843,39.01600154451233,50.758231202053615
39143,2021-04-11,2,2021-03-21,spatial,44.43914558284634,2.8658360155953377,39.094218427966645,50.51482647676318
39143,2021-04-18,3,2021-03-21,spatial,42.77978844656133,4.500631500661521,34.73766569037629,52.683744378355144
39145,2021-03-28,0,2021-03-21,spatial,42.079662258884575,3.5630779706233477,35.54697586180138,49.81290061652133
39145,2021-04-04,1,2021-03-21,spatial,41.962459878882406,3.6628909729786914,35.297947793199675,49.88528084984172
39145,2021-04-11,2,2021-03-21,spatial,39.025138031920754,1.2403920561854278,36.62502297598152,41.58253769312903
39145,2021-04-18,3,2021-03-21,spatial,41.89971741934328,4.675022397590644,33.54339096020031,52.33777115449792
39147,2021-03-28,0,2021-03-21,spatial,53.223395972582814,2.8566566275189045,47.806534503407924,59.254031029009475
39147,2021-04-04,1,2021-03-21,spatial,57.4896355318707,3.1452355942182697,51.56692986031961,64.09259194875102
39147,2021-04-11,2,2021-03-21,spatial,57.60526004377615,2.9784784846628,51.93602352555693,63.8933395252749
39147,2021-04-18,3,2021-03-21,spatial,57.64842319536517,3.13377493093834,51.718066539001995,64.25879618693196
39149,2021-03-28,0,2021-03-21,spatial,32.14912736614292,3.2665031927638046,26.321309393201624,39.26728624949917
39149,2021-04-04,1,2021-03-21,spatial,32.18258611283934,3.431108839077447,26.059358595818313,39.74460250439621
39149,2021-04-11,2,2021-03-21,spatial,32.05432038846086,3.110854867311265,26.414192051815863,38.89876523766181
39149,2021-04-18,3,2021-03-21,spatial,31.166737509666586,1.7347364187654843,27.89245509789428,34.825386420351016
39151,2021-03-28,0,2021-03-21,spatial,322.41039434210154,17.48306552940983,289.16936912397387,359.472591079535
39151,2021-04-04,1,2021-03-21,spatial,320.1181716360673,30.860477105817342,264.2587280052577,387.78527613884455
39151,2021-04-11,2,2021-03-21,spatial,320.52252467513716,28.00558824901584,269.2431488625258,381.5684419757685
39151,2021-04-18,3,2021-03-21,spatial,319.49769479665963,32.78664586814368,260.8934443495673,391.26616322181536
39153,2021-03-28,0,2021-03-21,spatial,787.5915314642386,60.536925875146416,676.1608201182047,917.3859265104201
39153,2021-04-04,1,2021-03-21,spatial,782.3891662841687,75.92021932243769,645.4539200409719,948.3756911414833
39153,2021-04-11,2,2021-03-21,spatial,784.4502324295717,85.93041634420928,632.0264266091967,973.6336033608737
39153,2021-04-18,3,2021-03-21,spatial,745.8446841335759,33.568626550099324,681.765819668736,815.9462924096242
39155,2021-03-28,0,2021-03-21,spatial,175.02099536530636,17.43522412095371,143.78533716873963,213.0422296309249
39155,2021-04-04,1,2021-03-21,spatial,176.2922865301619,18.557770648919558,143.13521895054174,217.1301411204156
39155,2021-04-11,2,2021-03-21,spatial,175.17922429274688,14.866375148763963,147.98152159901917,207.37562563359882
39155,2021-04-18,3,2021-03-21,spatial,175.31304110671138,17.89633455103165,143.10797703786164,214.76554290158188
39157,2021-03-28,0,2021-03-21,spatial,44.181591367162724,2.4874529798280918,39.493504635095725,49.426178653193034
39157,2021-04-04,1,2021-03-21,spatial,45.12293826931958,5.270026293429852,35.81225955349651,56.854261178782146
39157,2021-04-11,2,2021-03-21,spatial,45.19586521809661,4.615162773091462,36.9493358194841,55.282894469112975
39157,2021-04-18,3,2021-03-21,spatial,44.62679699865494,1.0802922081827897,42.518642265826756,46.839478031964674
39159,2021-03-28,0,2021-03-21,spatial,76.47682630049971,5.368418893522248,66.54590186417688,87.88978430158278
39159,2021-04-04,1,2021-03-21,spatial,78.22020524732778,7.76162889429785,64.29463283669773,95.16191692818657
39159,2021-04-11,2,2021-03-21,spatial,78.58210943183043,11.70136017883837,58.450602141175445,105.64729355296238
39159,2021-04-18,3,2021-03-21,spatial,75.8667696293212,3.3148215357999824,69.55440392768236,82.75201006643553
39161,2021-03-28,0,2021-03-21,spatial,6.971011236434034,0.6411802342524495,5.811424110923617,8.361977499998066
39161,2021-04-04,1,2021-03-21,spatial,6.971741046730388,0.6839386052925831,5.747641340061357,8.456542492288929
39161,2021-04-11,2,2021-03-21,spatial,7.0161029022443895,0.6585710737868441,5.821327422028983,8.456095382747751
39161,2021-04-18,3,2021-03-21,spatial,6.983242379187102,0.7979038935408655,5.566499374410249,8.760564018143143
39163,2021-03-28,0,2021-03-21,spatial,9.998093704283967,0.9868264056140972,8.217993569854983,12.163781447374225
39163,2021-04-04,1,2021-03-21,spatial,10.059586464734766,0.5890085822426316,8.952271324203878,11.303866491163811
39163,2021-04-11,2,2021-03-21,spatial,9.91629427872786,0.6498776841703405,8.699205611303551,11.303663416641095
39163,2021-04-18,3,2021-03-21,spatial,10.000332582286914,1.0495979199376997,8.118775645338829,12.317947449843047
39165,2021-03-28,0,2021-03-21,spatial,203.46627603909303,19.19879852845884,168.5632076877656,245.5964504537672
39165,2021-04-04,1,2021-03-21,spatial,206.28615647091829,26.214568856939263,160.4816877304778,265.1640754365183
39165,2021-04-11,2,2021-03-21,spatial,204.57366584238918,22.66954817533636,164.28735787817516,254.7389238995921
39165,2021-04-18,3,2021-03-21,spatial,205.4336415842091,16.917682631723075,174.37163915381333,242.02892912718457
39167,2021-03-28,0,2021-03-21,spatial,51.019541887705344,4.000970341895756,43.668705008972616,59.60775923848625
39167,2021-04-04,1,2021-03-21,spatial,50.88061029468968,4.361110016109221,42.892054694250824,60.357017690436834
39167,2021-04-11,2,2021-03-21,spatial,51.051030485110985,5.03622255060609,41.982802113472935,62.077983897967556
39167,2021-04-18,3,2021-03-21,spatial,51.079664243446004,5.2318651554369415,41.738332757417005,62.511651205318614
39169,2021-03-28,0,2021-03-21,spatial,108.16510869414171,11.738787317902162,87.24296586556025,134.10468824322749
39169,2021-04-04,1,2021-03-21,spatial,108.31491766399637,5.952072621911168,97.05339146783945,120.88316761651735
39169,2021-04-11,2,2021-03-21,spatial,107.93129934889551,11.487785995221213,87.46691615249907,133.18367551487137
39169,2021-04-18,3,2021-03-21,spatial,108.17944429053206,8.857523241898855,92.02510171339009,127.16956514165432
39171,2021-03-28,0,2021-03-21,spatial,26.007584392198076,2.3156065779903874,21.789208077159305,31.04263558005765
39171,2021-04-04,1,2021-03-21,spatial,26.818268353849525,1.1639767155538379,24.58652305679797,29.252591585951336
39171,2021-04-11,2,2021-03-21,spatial,26.842507799087855,1.1722460756245845,24.60456504453941,29.284005778594324
39171,2021-04-18,3,2021-03-21,spatial,24.67599996812384,1.0667969408519715,22.63437125525328,26.90178435089179
39173,2021-03-28,0,2021-03-21,spatial,149.75240830172137,6.513556180551008,137.2970071403492,163.337746825327
39173,2021-04-04,1,2021-03-21,spatial,153.7098159931601,15.044750312413221,126.44291728503146,186.85671004719933
39173,2021-04-11,2,2021-03-21,spatial,153.1651191393837,15.763249669932991,124.85388421441117,187.8960664186834
39173,2021-04-18,3,2021-03-21,spatial,152.40790596976964,16.646339734259413,122.81570836947608,189.13028398786756
39175,2021-03-28,0,2021-03-21,spatial,24.32891146723109,0.24229017191409635,23.848767376922197,24.81872223522673
39175,2021-04-04,1,2021-03-21,spatial,24.335117819534073,0.24268306070065634,23.854331455068852,24.825594479813752
39175,2021-04-11,2,2021-03-21,spatial,24.31481172663424,0.24223686866615124,23.835243381378284,24.804029052355453
39175,2021-04-18,3,2021-03-21,spatial,24.32134328871859,0.2428498395177026,23.84065414017697,24.81172437172505
40001,2021-03-28,0,2021-03-21,spatial,6.003142792297036,0.26469296060578723,5.497951196733875,6.554755052412348
40001,2021-04-04,1,2021-03-21,spatial,5.99538697305346,0.4353176229080109,5.185121615393809,6.932270373359243
40001,2021-04-11,2,2021-03-21,spatial,6.003448994383142,0.481818522672998,5.11536845968929,7.04570943660804
40001,2021-04-18,3,2021-03-21,spatial,6.016810397432102,0.5714508037992622,4.984159733886717,7.263412348627963
40003,2021-03-28,0,2021-03-21,spatial,1.000274865771985,0.07648458212815071,0.8587289132416127,1.1651521122285164
40003,2021-04-04,1,2021-03-21,spatial,1.0025888337088162,0.07704713363394998,0.8606002853311739,1.1680037604110158
40003,2021-04-11,2,2021-03-21,spatial,0.9964434370597182,0.06818455412508259,0.8696771087684623,1.141687545007843
40003,2021-04-18,3,2021-03-21,spatial,0.9999327533753696,0.07315222003773844,0.8635596009945022,1.1578419255849528
40005,2021-03-28,0,2021-03-21,spatial,6.967258209996366,0.5385188736863395,5.9710089401669215,8.129729406066632
40005,2021-04-04,1,2021-03-21,spatial,7.027402089707785,0.6373244516333157,5.867384028020622,8.41676288693333
40005,2021-04-11,2,2021-03-21,spatial,6.992173378500736,0.5663721918324233,5.949956368034179,8.21694908851364
40005,2021-04-18,3,2021-03-21,spatial,6.975978869651773,0.5951215613374422,5.887988453339354,8.265009616693156
40007,2021-03-28,0,2021-03-21,spatial,2.150144976687065,0.08772300264856947,1.9815861091010123,2.333041899889981
40007,2021-04-04,1,2021-03-21,spatial,2.145884209467636,0.08884198223915134,1.975747454911164,2.3306718826822883
40007,2021-04-11,2,2021-03-21,spatial,2.002478623571246,0.14408667008771212,1.7338306993632528,2.3127521270285682
40007,2021-04-18,3,2021-03-21,spatial,1.9902679279873396,0.16817716001086475,1.6832537588416605,2.3532794175376823
40009,2021-03-28,0,2021-03-21,spatial,23.98207373553524,1.3863079571765653,21.37129238758788,26.911795984349624
40009,2021-04-04,1,2021-03-21,spatial,23.99726774675724,1.5036273150393364,21.176495624694315,27.193775094592308
40009,2021-04-11,2,2021-03-21,spatial,23.96077665258071,2.078832304622207,20.151556821132502,28.49004783554941
40009,2021-04-18,3,2021-03-21,spatial,23.93396354347005,2.298636424778957,19.773686307732323,28.96954073131783
40011,2021-03-28,0,2021-03-21,spatial,1.0001262246476328,0.05159143275155578,0.9022945709201412,1.1085653149922985
40011,2021-04-04,1,2021-03-21,spatial,1.000690490454708,0.09265672059671057,0.8327607122670465,1.2024840304490312
40011,2021-04-11,2,2021-03-21,spatial,1.0015669126370013,0.07004570649922838,0.8713326993206781,1.151266653106552
40011,2021-04-18,3,2021-03-21,spatial,1.0237028222841935,0.05995760325840872,0.9107620429437292,1.1506490377721763
40013,2021-03-28,0,2021-03-21,spatial,15.288620012719187,0.554038447036347,14.22125509791191,16.436095146597694
40013,2021-04-04,1,2021-03-21,spatial,14.026896149780116,1.3236584811596503,11.623441284989116,16.92732907343115
40013,2021-04-11,2,2021-03-21,spatial,13.994588764132613,1.1063702544193783,11.9470528863033,16.393039902059652
40013,2021-04-18,3,2021-03-21,spatial,13.989545091587106,1.2105046490107696,11.776621774907351,16.61829475465926
40015,2021-03-28,0,2021-03-21,spatial,17.051257208210625,1.1457518977015082,14.917246086428962,19.49055279345843
40015,2021-04-04,1,2021-03-21,spatial,16.966177072681212,1.239052474823573,14.662904654686706,19.63125119070919
40015,2021-04-11,2,2021-03-21,spatial,17.07419711466499,1.220914607930626,14.801215942859592,19.696233622689192
40015,2021-04-18,3,2021-03-21,spatial,17.011032410729356,1.419305829169156,14.412988613731596,20.077392096403237
40017,2021-03-28,0,2021-03-21,spatial,82.52464083106247,1.4092234588310917,79.75355442621448,85.39201034101316
40017,2021-04-04,1,2021-03-21,spatial,92.762866753715,6.059212700637187,81.41901423476857,105.68722219548671
40017,2021-04-11,2,2021-03-21,spatial,82.92163908475875,6.031161345944003,71.71616286396905,95.8779437425474
40017,2021-04-18,3,2021-03-21,spatial,83.08420694457854,8.122076581596838,68.39050838342425,100.9348461764414
40019,2021-03-28,0,2021-03-21,spatial,61.11939625758993,2.978523794304795,55.4587258712674,67.35785109025855
40019,2021-04-04,1,2021-03-21,spatial,61.142135265841034,2.9586944600764484,55.4970724669756,67.36140374054816
40019,2021-04-11,2,2021-03-21,spatial,58.83658972679093,5.847358596279709,48.37049226208804,71.56727436061213
40019,2021-04-18,3,2021-03-21,spatial,58.86523986294094,4.16218019558256,51.13049501454803,67.77005509404222
40021,2021-03-28,0,2021-03-21,spatial,21.03645806486487,1.749570618595424,17.82826226069384,24.82196870586061
40021,2021-04-04,1,2021-03-21,spatial,20.944218408369387,1.6212284899547025,17.970172788537226,24.41046560316273
40021,2021-04-11,2,2021-03-21,spatial,20.94655141133102,2.093223590670956,17.195337897587024,25.516103181031603
40021,2021-04-18,3,2021-03-21,spatial,20.924079539862262,1.9630231361232624,17.37706395773692,25.195113838293143
40023,2021-03-28,0,2021-03-21,spatial,5.99236039593361,0.4125486470699311,5.2265379105342715,6.870395609755168
40023,2021-04-04,1,2021-03-21,spatial,6.01468749707993,0.3087044623501532,5.430261629081636,6.6620115490913765
40023,2021-04-11,2,2021-03-21,spatial,5.979787487247914,0.5093582656933325,5.047854649458999,7.0837733801386396
40023,2021-04-18,3,2021-03-21,spatial,7.721879564340284,0.16789892866220393,7.393218876702262,8.065150646909139
40025,2021-03-28,0,2021-03-21,spatial,0.8838980490765977,0.017020709417333843,0.8505336958035649,0.9185712041934848
40025,2021-04-04,1,2021-03-21,spatial,0.8835915329669288,0.017634889150286066,0.8490754145734909,0.9195107804682191
40025,2021-04-11,2,2021-03-21,spatial,0.9999590553397644,0.08004305656634847,0.8532773567607294,1.1718559087890863
40025,2021-04-18,3,2021-03-21,spatial,0.9624408011276596,0.05283797835014021,0.8624460835441194,1.0740292214775486
40027,2021-03-28,0,2021-03-21,spatial,299.70900707255595,18.692386228203077,264.6651972033445,339.3929004250744
40027,2021-04-04,1,2021-03-21,spatial,282.91122981649653,16.5058592165371,251.77088713712791,317.9031732635914
40027,2021-04-11,2,2021-03-21,spatial,297.3084434845837,32.838186322763946,238.61651989318156,370.43667641618174
40027,2021-04-18,3,2021-03-21,spatial,299.60999528391693,32.63229738767795,241.32169554038813,371.9771198897665
40029,2021-03-28,0,2021-03-21,spatial,0.999445103309974,0.08446995507116327,0.8446863758030791,1.1825578618816923
40029,2021-04-04,1,2021-03-21,spatial,1.0002133362514454,0.0894181090971393,0.8377722347872533,1.1941511982302668
40029,2021-04-11,2,2021-03-21,spatial,1.0021794880771115,0.06503658634530747,0.8806915200346662,1.1404262485495114
40029,2021-04-18,3,2021-03-21,spatial,1.001113865790623,0.0984585406590858,0.8232513537489956,1.2174033698386342
40031,2021-03-28,0,2021-03-21,spatial,0.998976691763842,0.056938050510641235,0.8910990438709341,1.1199141526988028
40031,2021-04-04,1,2021-03-21,spatial,0.9981937420598164,0.05166170376365605,0.9004451407920393,1.1065535273042235
40031,2021-04-11,2,2021-03-21,spatial,0.9995442018978868,0.052368268788266635,0.9003481427022018,1.1096692092340341
40031,2021-04-18,3,2021-03-21,spatial,1.001542421717642,0.09710594910781592,0.8253538917770813,1.2153419672381716
40033,2021-03-28,0,2021-03-21,spatial,2.9973268298775095,0.2387323977143272,2.5588904061253848,3.5108842893771626
40033,2021-04-04,1,2021-03-21,spatial,3.0170543329625192,0.227334247569899,2.596126083308528,3.5062306513431936
40033,2021-04-11,2,2021-03-21,spatial,2.98902798903396,0.23079031249308535,2.5621642838668635,3.487008376271881
40033,2021-04-18,3,2021-03-21,spatial,2.995719965004051,0.3099188264694089,2.4443589937422465,3.67144847859864
40035,2021-03-28,0,2021-03-21,spatial,15.979449101875527,1.0621797915513644,14.003605648408062,18.2340748526047
40035,2021-04-04,1,2021-03-21,spatial,15.941535958112665,1.483401500358143,13.242475833697533,19.190714175752486
40035,2021-04-11,2,2021-03-21,spatial,16.00538550686682,1.0417336447986392,14.065851550355315,18.212360930039196
40035,2021-04-18,3,2021-03-21,spatial,15.983415688598207,1.1996949638134824,13.753773696957708,18.574507818973075
40037,2021-03-28,0,2021-03-21,spatial,39.96813881722589,3.731106072741448,33.19925000351351,48.11711470421708
40037,2021-04-04,1,2021-03-21,spatial,39.260549463968985,2.0930964745445504,35.308316921721776,43.655174717900174
40037,2021-04-11,2,2021-03-21,spatial,39.95044817499865,2.43621983086036,35.37808813768041,45.1137524213285
40037,2021-04-18,3,2021-03-21,spatial,39.92530872445359,3.815638506012264,32.99282530675468,48.31445206411532
40039,2021-03-28,0,2021-03-21,spatial,8.9948950842421,0.6965346922580425,7.7131588408947955,10.489624192302594
40039,2021-04-04,1,2021-03-21,spatial,9.020675644861994,0.8606390124428198,7.460573937928912,10.907014630082967
40039,2021-04-11,2,2021-03-21,spatial,9.00148956526316,0.7594734262761755,7.610623769561977,10.646540526362793
40039,2021-04-18,3,2021-03-21,spatial,8.991348645111056,0.940534160461823,7.309246246918134,11.060559150271834
40041,2021-03-28,0,2021-03-21,spatial,24.87390027745956,1.6839573992157673,21.725349518359717,28.478755404608822
40041,2021-04-04,1,2021-03-21,spatial,25.034538627772488,1.6886670235260053,21.87488016609469,28.65058549106203
40041,2021-04-11,2,2021-03-21,spatial,24.95059795099254,1.8571047340195983,21.50821072557374,28.94393894755125
40041,2021-04-18,3,2021-03-21,spatial,25.000417275281787,2.368364049807696,20.714162109446352,30.17360106751205
40043,2021-03-28,0,2021-03-21,spatial,2.002388536643969,0.17714887883320135,1.6801857655788213,2.3863788956109206
40043,2021-04-04,1,2021-03-21,spatial,1.9948968763034,0.1865976646669028,1.6554234585215135,2.403985232056166
40043,2021-04-11,2,2021-03-21,spatial,1.993194512367733,0.16571072604742065,1.6893589393407626,2.351675698761305
40043,2021-04-18,3,2021-03-21,spatial,1.999315914345664,0.15995145758828194,1.706799788862222,2.3419642722246152
40045,2021-03-28,0,2021-03-21,spatial,1.0080337785699958,0.08532982160044737,0.8527163049274066,1.1916414555068329
40045,2021-04-04,1,2021-03-21,spatial,1.0028599355380614,0.09264008320219913,0.8341547994099852,1.2056851450339634
40045,2021-04-11,2,2021-03-21,spatial,1.00016178781958,0.05157317470971635,0.9025282382996296,1.1083571232065559
40045,2021-04-18,3,2021-03-21,spatial,1.0021764241293811,0.08300098189516136,0.8496690455493321,1.1820574026342356
40047,2021-03-28,0,2021-03-21,spatial,16.030148178488883,1.17927114215866,13.846640378371506,18.557978224500687
40047,2021-04-04,1,2021-03-21,spatial,16.04641191678363,1.3547899445341316,13.561912987759055,18.986063074988245
40047,2021-04-11,2,2021-03-21,spatial,15.940337646732054,1.3174882832109611,13.520710684197214,18.79297399572381
40047,2021-04-18,3,2021-03-21,spatial,16.078628068913723,1.3676607370976928,13.587577592658652,19.026370139600125
40049,2021-03-28,0,2021-03-21,spatial,15.978841404974963,1.2173824723700373,13.728714082848219,18.597763133863136
40049,2021-04-04,1,2021-03-21,spatial,16.01709552285872,1.030117093228652,14.094905291550422,18.20142410904848
40049,2021-04-11,2,2021-03-21,spatial,16.005749685743226,1.5930237711700002,13.136469077043307,19.501741411652606
40049,2021-04-18,3,2021-03-21,spatial,15.969816796146706,1.150711320699819,13.849092824394582,18.415289126610233
40051,2021-03-28,0,2021-03-21,spatial,38.8779463121259,2.6623387038528787,33.91536024081242,44.56667122850342
40051,2021-04-04,1,2021-03-21,spatial,38.9104264134831,3.1973525173488615,33.03821652277461,45.826362407771185
40051,2021-04-11,2,2021-03-21,spatial,39.038190812872855,3.8060921359447657,32.18393427312624,47.352207750896476
40051,2021-04-18,3,2021-03-21,spatial,39.0233854433225,2.298932929318477,34.70630680632535,43.87746065739773
40053,2021-03-28,0,2021-03-21,spatial,3.9999530009617614,0.19585023869307916,3.62740750618464,4.4107600214820195
40053,2021-04-04,1,2021-03-21,spatial,4.001640114677355,0.2771633677655996,3.483641994995641,4.596661663396624
40053,2021-04-11,2,2021-03-21,spatial,3.9971265042893527,0.1947434768588881,3.626197102084044,4.405998858172968
40053,2021-04-18,3,2021-03-21,spatial,3.992850962029205,0.18639344554335868,3.637305676044833,4.383150668357807
40055,2021-03-28,0,2021-03-21,spatial,2.9813950511577736,0.2802522563294573,2.473143272948888,3.594096851683596
40055,2021-04-04,1,2021-03-21,spatial,3.010048208150645,0.2265997957301149,2.5902729436358456,3.4978515440435642
40055,2021-04-11,2,2021-03-21,spatial,2.992840598328838,0.22708193623946474,2.5732339019910846,3.480870837305001
40055,2021-04-18,3,2021-03-21,spatial,2.8598510327707998,0.15996003364277225,2.5568965161256902,3.198701190313706
40057,2021-03-28,0,2021-03-21,spatial,1.0014770383662577,0.06487589709408573,0.8803901242905423,1.139217979282852
40057,2021-04-04,1,2021-03-21,spatial,0.9979223821271824,0.08416065531733749,0.8439188746489933,1.1800293969779843
40057,2021-04-11,2,2021-03-21,spatial,1.014327094639044,0.03112391938747829,0.953962557033596,1.0785113601504288
40057,2021-04-18,3,2021-03-21,spatial,0.9929033243112241,0.09118430929107638,0.8279225197011818,1.1907599901789123
40059,2021-03-28,0,2021-03-21,spatial,0.9995393369840772,0.04804543973641184,0.9080213592724676,1.1002812609816348
40059,2021-04-04,1,2021-03-21,spatial,0.997794526463746,0.07096578110516026,0.8659023994291821,1.1497761383931078
40059,2021-04-11,2,2021-03-21,spatial,0.8765378352244152,0.02599690876040471,0.8261207636205572,0.9300317948827128
40059,2021-04-18,3,2021-03-21,spatial,0.9986451893646608,0.0574623563936605,0.8904979333228038,1.1199264781220586
40061,2021-03-28,0,2021-03-21,spatial,2.6253676232142475,0.0766789527403108,2.476397371188012,2.783299335241596
40061,2021-04-04,1,2021-03-21,spatial,3.003299293629918,0.26303772873421144,2.5231794042604925,3.5747781675324592
40061,2021-04-11,2,2021-03-21,spatial,3.0031291192704037,0.18822754613164294,2.650214039003038,3.403040046683372
40061,2021-04-18,3,2021-03-21,spatial,3.0058338083806846,0.25318482276079324,2.5412742410999507,3.5553175401068313
40063,2021-03-28,0,2021-03-21,spatial,12.766601676179745,0.5006303173153427,11.806409060119078,13.804884917022484
40063,2021-04-04,1,2021-03-21,spatial,12.78253704981658,0.5091251035581358,11.80342504817914,13.842867876315227
40063,2021-04-11,2,2021-03-21,spatial,12.976591220931615,1.1444714613708498,10.890654425393384,15.462057020423448
40063,2021-04-18,3,2021-03-21,spatial,12.980280805778186,0.9848686690363824,11.16526752006476,15.090340602593667
40065,2021-03-28,0,2021-03-21,spatial,26.154831565825308,1.829859479144488,22.758272434552797,30.058310278336123
40065,2021-04-04,1,2021-03-21,spatial,26.843792140450173,0.9628074190393728,24.98979923542157,28.83533275682748
40065,2021-04-11,2,2021-03-21,spatial,26.901053547915286,0.9998611738299557,24.972829466095508,28.978161364145603
40065,2021-04-18,3,2021-03-21,spatial,23.222176965730142,1.1065567038653816,21.11888163157243,25.534946046645164
40067,2021-03-28,0,2021-03-21,spatial,4.004479661652503,0.2242132851735674,3.5808266656234093,4.478255681721683
40067,2021-04-04,1,2021-03-21,spatial,4.0040911321752235,0.24814112772035746,3.5378687608584958,4.531752554572932
40067,2021-04-11,2,2021-03-21,spatial,3.9816675891144784,0.3529638185149829,3.3383111535083616,4.7490111200519625
40067,2021-04-18,3,2021-03-21,spatial,4.003679242386389,0.39474777459134575,3.2911601990736674,4.870454947901751
40069,2021-03-28,0,2021-03-21,spatial,13.994583128372998,0.9379984526034524,12.241824256599186,15.99829836075015
40069,2021-04-04,1,2021-03-21,spatial,13.992580709689836,0.9768095999268818,12.180758612085485,16.073901564958618
40069,2021-04-11,2,2021-03-21,spatial,13.986827439790881,1.186632385352945,11.810723858678385,16.56387399886074
40069,2021-04-18,3,2021-03-21,spatial,13.96852825741276,1.2560010026486097,11.691860144545418,16.688514852717226
40071,2021-03-28,0,2021-03-21,spatial,74.9789069765566,6.192237201088383,63.59556315341617,88.39982245046194
40071,2021-04-04,1,2021-03-21,spatial,74.98516024585703,7.6352243706858065,61.3303411655828,91.68013988241485
40071,2021-04-11,2,2021-03-21,spatial,75.14376679077989,4.072314855961937,67.42796050139636,83.74249562820724
40071,2021-04-18,3,2021-03-21,spatial,75.43280716325128,6.856397891095597,62.95576603130961,90.38264094345881
40073,2021-03-28,0,2021-03-21,spatial,12.823656310950149,0.4391584821750125,11.976118922926346,13.731173031904845
40073,2021-04-04,1,2021-03-21,spatial,14.301118197900903,0.7474113433253966,12.887410344009824,15.869905299119766
40073,2021-04-11,2,2021-03-21,spatial,14.00976028081072,1.2207809005057864,11.780934178148954,16.660256322442212
40073,2021-04-18,3,2021-03-21,spatial,14.186617447926274,1.1409604443540171,12.090586687143032,16.646017254714643
40075,2021-03-28,0,2021-03-21,spatial,0.9965015888896436,0.08859014703157743,0.8348260950219141,1.189487753893843
40075,2021-04-04,1,2021-03-21,spatial,1.0058820500881518,0.08725787109325832,0.8461470314317965,1.1957717289126946
40075,2021-04-11,2,2021-03-21,spatial,0.9976263140933298,0.0752091470954973,0.8581261293732851,1.159804169228957
40075,2021-04-18,3,2021-03-21,spatial,0.9971191510492049,0.09058186751722196,0.8322137477470362,1.194701005698002
40077,2021-03-28,0,2021-03-21,spatial,1.0010241927624135,0.029649162699299868,0.9434558209084016,1.0621053072001012
40077,2021-04-04,1,2021-03-21,spatial,1.002368227609602,0.07947968922581802,0.8559497590430699,1.1738329885675662
40077,2021-04-11,2,2021-03-21,spatial,0.9972362161651191,0.08403347357156868,0.8430233840602339,1.1796589390458343
40077,2021-04-18,3,2021-03-21,spatial,0.9998125199434958,0.08389185016700251,0.8463026379532377,1.1811673864722108
40079,2021-03-28,0,2021-03-21,spatial,23.912617370298534,2.065378616661084,20.141902488525048,28.38923829683259
40079,2021-04-04,1,2021-03-21,spatial,23.243841489648414,1.3036323051011416,20.788553048100184,25.98911843194761
40079,2021-04-11,2,2021-03-21,spatial,24.00925153288527,2.29029532717094,19.83302316909144,29.064865918560862
40079,2021-04-18,3,2021-03-21,spatial,23.98353244790634,2.597180653525088,19.372681894023327,29.69180167342936
40081,2021-03-28,0,2021-03-21,spatial,10.01538252777118,0.6910616867383003,8.729061039075757,11.49125739052054
40081,2021-04-04,1,2021-03-21,spatial,10.000155200140904,0.8060940324640202,8.517240182385743,11.741256778659205
40081,2021-04-11,2,2021-03-21,spatial,9.958038495397618,0.9859618572867586,8.18288751108792,12.118281051945827
40081,2021-04-18,3,2021-03-21,spatial,9.932566507017627,1.0325293143952106,8.079017968567033,12.211369970975175
40083,2021-03-28,0,2021-03-21,spatial,32.93949960956118,2.174282493647536,28.878075794194583,37.57212365051009
40083,2021-04-04,1,2021-03-21,spatial,33.07500136586759,2.3555498885120376,28.71375890275173,38.098659219685295
40083,2021-04-11,2,2021-03-21,spatial,32.98870953325475,2.7174582887450294,28.033157475771,38.820277651920904
40083,2021-04-18,3,2021-03-21,spatial,32.98626059273467,2.6850405100302814,28.049432847633003,38.79199247280399
40085,2021-03-28,0,2021-03-21,spatial,8.979900123409486,0.692838166547657,7.6991092014994535,10.473757952505048
40085,2021-04-04,1,2021-03-21,spatial,8.979267518303555,0.7990221520570704,7.524013653689789,10.715988683210528
40085,2021-04-11,2,2021-03-21,spatial,6.3031457451627695,0.12443286345634676,6.0590085592005165,6.557120013378202
40085,2021-04-18,3,2021-03-21,spatial,9.014587866579168,0.7635607585380726,7.624290527307088,10.6584073774768
40087,2021-03-28,0,2021-03-21,spatial,24.950978225103842,1.7905912938770836,21.63091102196582,28.78063312994148
40087,2021-04-04,1,2021-03-21,spatial,24.925159061564212,1.9026045586621791,21.41673878733837,29.008317298596783
40087,2021-04-11,2,2021-03-21,spatial,24.98109539318779,2.5285094820708083,20.437032214401324,30.53550635418564
40087,2021-04-18,3,2021-03-21,spatial,24.831292885334445,2.852175715493766,19.799093140023288,31.142492335208825
40089,2021-03-28,0,2021-03-21,spatial,16.048351892977443,1.1696314326409134,13.878219757465654,18.557826794916284
40089,2021-04-04,1,2021-03-21,spatial,16.027991387069026,1.6308266205418034,13.108019769595547,19.59842237191602
40089,2021-04-11,2,2021-03-21,spatial,16.01032015587504,1.6557649062199338,13.046114535810492,19.64802246600037
40089,2021-04-18,3,2021-03-21,spatial,16.044691318701393,0.9529259884839091,14.252352799982916,18.062429630055217
40091,2021-03-28,0,2021-03-21,spatial,9.016998938058428,0.4952430699855601,8.081990863120804,10.060178392425328
40091,2021-04-04,1,2021-03-21,spatial,8.989542314658967,0.5471907472096952,7.960173138514786,10.152024286512194
40091,2021-04-11,2,2021-03-21,spatial,8.999718753152415,0.6985304920241575,7.713062927157972,10.50100827657676
40091,2021-04-18,3,2021-03-21,spatial,8.977700068333705,0.914293903999988,7.3356340181310475,10.987339106305884
40093,2021-03-28,0,2021-03-21,spatial,0.9993786515257918,0.07390344325685154,0.8627018527873842,1.1577089882194296
40093,2021-04-04,1,2021-03-21,spatial,1.0021576237623566,0.08213350014252592,0.8511916432067583,1.179898687775368
40093,2021-04-11,2,2021-03-21,spatial,0.9979778661321618,0.0968907589390111,0.823118068943927,1.209984155210606
40093,2021-04-18,3,2021-03-21,spatial,0.9745822965818424,0.06869150158828469,0.8467913724798141,1.121658396246095
40095,2021-03-28,0,2021-03-21,spatial,0.9993546380326032,0.046335396368525614,0.9111847980481376,1.0960561399801951
40095,2021-04-04,1,2021-03-21,spatial,0.99646190258993,0.06324871998581669,0.8777712240885909,1.1312017255340427
40095,2021-04-11,2,2021-03-21,spatial,1.001670430400397,0.0806465971148692,0.8535820091459253,1.175450794871414
40095,2021-04-18,3,2021-03-21,spatial,0.9979086983471006,0.08708189562749379,0.8387244345715916,1.1873050661096525
40097,2021-03-28,0,2021-03-21,spatial,17.996066140544215,1.3486882948514567,15.499353598811044,20.894961487922
40097,2021-04-04,1,2021-03-21,spatial,17.98325760763998,1.244691520555402,15.680645727597831,20.623994687512376
40097,2021-04-11,2,2021-03-21,spatial,18.055799528122645,1.5503517867200856,15.211172080615215,21.43239816576768
40097,2021-04-18,3,2021-03-21,spatial,18.020062917473663,1.5824506660558242,15.136329446430716,21.45319766585035
40099,2021-03-28,0,2021-03-21,spatial,13.143620333637346,0.5296023992674892,12.125427109966429,14.247313014880135
40099,2021-04-04,1,2021-03-21,spatial,16.033974261732894,0.6386596405787855,14.806461981217618,17.36325200118949
40099,2021-04-11,2,2021-03-21,spatial,11.968624705354715,1.4636147358291005,9.375078149422308,15.279656879068707
40099,2021-04-18,3,2021-03-21,spatial,11.978125433000722,1.4774046714085418,9.386546716447283,15.285226103152322
40101,2021-03-28,0,2021-03-21,spatial,33.08906188665329,2.923257397438583,27.762636900418876,39.43739279759309
40101,2021-04-04,1,2021-03-21,spatial,32.9386522812249,2.5818306005565947,28.20237411164773,38.470336213834905
40101,2021-04-11,2,2021-03-21,spatial,32.93371080899209,2.4950742893982767,28.32098111950201,38.29773068502346
40101,2021-04-18,3,2021-03-21,spatial,32.98163668307768,2.6839041059256137,28.041606125919,38.79194199540116
40103,2021-03-28,0,2021-03-21,spatial,6.989676377171816,0.5856783620619816,5.919929000631696,8.25273003314406
40103,2021-04-04,1,2021-03-21,spatial,6.997303037091331,0.4792178675771833,6.108723481835918,8.015136049041207
40103,2021-04-11,2,2021-03-21,spatial,6.976818024754282,0.5657489052371595,5.938462070173902,8.196733291438001
40103,2021-04-18,3,2021-03-21,spatial,7.016999020441114,0.57223320793977,5.971841375579086,8.245074200099118
40105,2021-03-28,0,2021-03-21,spatial,4.00540390748988,0.21757616787248088,3.594895555786328,4.4627890332758176
40105,2021-04-04,1,2021-03-21,spatial,3.726543222634437,0.10606526105278087,3.520804676070053,3.944304120177312
40105,2021-04-11,2,2021-03-21,spatial,4.007047057769386,0.4173955685358705,3.2642123130465617,4.918928238522718
40105,2021-04-18,3,2021-03-21,spatial,3.9980486134652624,0.35324064616390194,3.350939148952905,4.770123241607141
40107,2021-03-28,0,2021-03-21,spatial,1.0013829300695576,0.043155485796956834,0.918832197137302,1.0913502767522716
40107,2021-04-04,1,2021-03-21,spatial,0.8749500285897848,0.0212195508103531,0.8335789231435959,0.9183744109583134
40107,2021-04-11,2,2021-03-21,spatial,0.9982629950767566,0.0751987873062737,0.8588860071767509,1.1602575883327204
40107,2021-04-18,3,2021-03-21,spatial,1.0033036656936714,0.07641417174758515,0.862033596020894,1.1677250750328758
40109,2021-03-28,0,2021-03-21,spatial,451.4792477178948,21.024015708871712,411.41702891734155,495.4425723609723
40109,2021-04-04,1,2021-03-21,spatial,450.81629270033034,38.574611524158826,380.60125435403916,533.984918439124
40109,2021-04-11,2,2021-03-21,spatial,454.1402996243161,49.43221972793108,365.8165192149941,563.789224678649
40109,2021-04-18,3,2021-03-21,spatial,450.33402164363855,37.584122442458074,381.11645911058787,532.1227309967392
40111,2021-03-28,0,2021-03-21,spatial,8.984042429346323,0.6048671694460123,7.8557155428861245,10.274432409328515
40111,2021-04-04,1,2021-03-21,spatial,9.004337724752984,0.7645197616608419,7.603543782485678,10.663198658521367
40111,2021-04-11,2,2021-03-21,spatial,8.97202765214117,0.7640988085197268,7.581645181740616,10.617389532373897
40111,2021-04-18,3,2021-03-21,spatial,9.017595694771783,0.7085258785633217,7.710546217587626,10.546209025877287
40113,2021-03-28,0,2021-03-21,spatial,13.953458982624419,1.1518913360678549,11.838699019297602,16.44598086854089
40113,2021-04-04,1,2021-03-21,spatial,14.024711307283544,1.197552782251421,11.831385665455725,16.62463998844472
40113,2021-04-11,2,2021-03-21,spatial,13.977065471030073,1.2932475349679933,11.63961211580146,16.78392348798726
40113,2021-04-18,3,2021-03-21,spatial,13.973961623504868,0.8395160070758083,12.39280591034453,15.75685158533707
40115,2021-03-28,0,2021-03-21,spatial,34.04462584099121,2.228166200523785,29.85944402978421,38.816414247263616
40115,2021-04-04,1,2021-03-21,spatial,28.15272179557799,0.5718523224460511,27.032602850497838,29.31925382407695
40115,2021-04-11,2,2021-03-21,spatial,32.18827013797137,0.7027461585892149,30.814511532239408,33.62327302806747
40115,2021-04-18,3,2021-03-21,spatial,33.987906262667344,2.158143623396606,29.955985093496643,38.56250323647838
40117,2021-03-28,0,2021-03-21,spatial,4.001635253437016,0.2196343365975497,3.5875293660424243,4.463541080143053
40117,2021-04-04,1,2021-03-21,spatial,4.0207117915414985,0.37612535560351457,3.3366855879523025,4.844964526778163
40117,2021-04-11,2,2021-03-21,spatial,4.0126537817039,0.397884306729874,3.2950083373304917,4.886600798366245
40117,2021-04-18,3,2021-03-21,spatial,4.020434147323295,0.3674757895162911,3.349124684472645,4.826303065963146
40119,2021-03-28,0,2021-03-21,spatial,36.97228965887228,2.5257941189326747,32.241177417774175,42.397651453819755
40119,2021-04-04,1,2021-03-21,spatial,36.994002900160105,3.4937496927088603,30.68617895361618,44.59845758723174
40119,2021-04-11,2,2021-03-21,spatial,36.88026805980945,3.3640319944505332,30.76860959188776,44.2059030357358
40119,2021-04-18,3,2021-03-21,spatial,37.28141055093471,3.800479641371578,30.441147719218517,45.65871121179354
40121,2021-03-28,0,2021-03-21,spatial,28.876065887769407,0.7093579875630158,27.49194142821534,30.329876241444058
40121,2021-04-04,1,2021-03-21,spatial,30.08265980966982,2.5158230790819247,25.472543116515087,35.52713276742242
40121,2021-04-11,2,2021-03-21,spatial,30.0101680527527,2.600575849434791,25.260520958417487,35.6528746195296
40121,2021-04-18,3,2021-03-21,spatial,29.949721230234623,2.8063787902593376,24.86701679180984,36.071307196937134
40123,2021-03-28,0,2021-03-21,spatial,19.95584559493102,1.0720364672600808,17.925366264860013,22.216325598289686
40123,2021-04-04,1,2021-03-21,spatial,19.98217807762521,1.5797196836767196,17.09034470835502,23.363334534190198
40123,2021-04-11,2,2021-03-21,spatial,20.06336271424268,1.671734092993807,16.990089939927394,23.692548116374677
40123,2021-04-18,3,2021-03-21,spatial,20.032808725817247,1.5569031619351694,17.158850135876072,23.38813045555457
40125,2021-03-28,0,2021-03-21,spatial,38.05481350315108,2.9572520290902866,32.60310334369236,44.418128406165465
40125,2021-04-04,1,2021-03-21,spatial,38.66880465326202,1.477450142008294,35.8287307472722,41.734005702280726
40125,2021-04-11,2,2021-03-21,spatial,38.182780374643286,3.1983429845068936,32.34794880201169,45.070082374050806
40125,2021-04-18,3,2021-03-21,spatial,38.057068520828565,3.3473676695965375,31.947169231545573,45.33548665616691
40127,2021-03-28,0,2021-03-21,spatial,4.0061010435475986,0.278462633179985,3.488475312774654,4.600532935504211
40127,2021-04-04,1,2021-03-21,spatial,4.000915225940506,0.33205345920278123,3.3927619994968627,4.718080032591859
40127,2021-04-11,2,2021-03-21,spatial,4.003939913766184,0.29807265459879523,3.4518871971639773,4.644281205429088
40127,2021-04-18,3,2021-03-21,spatial,3.604874869572411,0.1876917965408015,3.2488725996886285,3.9998868612207685
40129,2021-03-28,0,2021-03-21,spatial,1.4354792215555252,0.014049342248652714,1.4076665862346358,1.4638413781132311
40129,2021-04-04,1,2021-03-21,spatial,1.0034985307637785,0.07329822958047932,0.8677010905915794,1.1605486176795112
40129,2021-04-11,2,2021-03-21,spatial,1.001982728187341,0.07089733050947304,0.8701365503430251,1.1538067067633953
40129,2021-04-18,3,2021-03-21,spatial,1.001318996739376,0.08995366307450002,0.8380149975516764,1.1964460494865097
40131,2021-03-28,0,2021-03-21,spatial,79.63573345507176,3.8220040182125743,72.35754202505555,87.64601263999842
40131,2021-04-04,1,2021-03-21,spatial,74.73748247130531,5.1795222208143095,65.06068554735182,85.85355716984179
40131,2021-04-11,2,2021-03-21,spatial,75.12307803406938,4.640392537118327,66.42054895763482,84.96582671896415
40131,2021-04-18,3,2021-03-21,spatial,75.03995033858634,7.517454345573045,61.519854410661075,91.5313308323058
40133,2021-03-28,0,2021-03-21,spatial,17.81809467144498,0.7058565039224195,16.462055043811294,19.28583623828488
40133,2021-04-04,1,2021-03-21,spatial,17.804515023640953,0.7033192289349944,16.449537401784884,19.2711045596127
40133,2021-04-11,2,2021-03-21,spatial,17.00909796855939,1.2025691272007548,14.770842011895187,19.586521436697094
40133,2021-04-18,3,2021-03-21,spatial,14.21831544687383,0.7873406713887118,12.728538260416755,15.882459557472544
40135,2021-03-28,0,2021-03-21,spatial,12.988988884111766,0.4910776319294476,12.046237364329949,14.005521153946107
40135,2021-04-04,1,2021-03-21,spatial,12.181803100897538,0.3874504390623345,11.431557527587552,12.981286795864431
40135,2021-04-11,2,2021-03-21,spatial,12.192796826968346,0.3869050117463593,11.441337107919313,12.993611940760731
40135,2021-04-18,3,2021-03-21,spatial,13.028237521086695,1.0071438161023372,11.171434934926335,15.193658996767946
40137,2021-03-28,0,2021-03-21,spatial,18.496068901094933,1.2260637564439507,16.19545046464507,21.123497956470608
40137,2021-04-04,1,2021-03-21,spatial,19.0474410788209,1.1988424078726918,16.802073898694648,21.592870846695906
40137,2021-04-11,2,2021-03-21,spatial,19.04346842018863,2.3511086657198925,14.907234758028707,24.327361536679653
40137,2021-04-18,3,2021-03-21,spatial,19.088600312224546,1.742894443004152,15.926080069664335,22.879117792074407
40139,2021-03-28,0,2021-03-21,spatial,5.985018367162253,0.4047977640031121,5.230682206480043,6.848140154814465
40139,2021-04-04,1,2021-03-21,spatial,6.003688901192327,0.4391431687905237,5.190854854930897,6.943804330814749
40139,2021-04-11,2,2021-03-21,spatial,5.9867353719942935,0.4495759666818893,5.158308269643122,6.9482083157405645
40139,2021-04-18,3,2021-03-21,spatial,6.014788955501566,0.6196262027907212,4.900935646614273,7.381791720569999
40141,2021-03-28,0,2021-03-21,spatial,10.012921596759346,0.6959138767365363,8.718971699394983,11.498901746613855
40141,2021-04-04,1,2021-03-21,spatial,9.73200022971472,0.5449820843664422,8.704635732556293,10.880619405696065
40141,2021-04-11,2,2021-03-21,spatial,7.793580691288391,0.2927133943407657,7.230674827219191,8.400308607845785
40141,2021-04-18,3,2021-03-21,spatial,10.010645003272717,0.8018756888835809,8.533384407644611,11.743642216770803
40143,2021-03-28,0,2021-03-21,spatial,298.8381904548204,14.156520794031895,271.84433968602923,328.5125015935768
40143,2021-04-04,1,2021-03-21,spatial,372.4127191309767,32.450209157177866,313.36222819512943,442.59078118427595
40143,2021-04-11,2,2021-03-21,spatial,373.37608653196367,37.22599268316273,306.1582112926486,455.35183069340036
40143,2021-04-18,3,2021-03-21,spatial,373.7662858338533,38.492579308865686,304.31779910612187,459.0636395123147
40145,2021-03-28,0,2021-03-21,spatial,37.904606158022645,3.178229952045084,32.08172710546445,44.78434603198426
40145,2021-04-04,1,2021-03-21,spatial,38.040250042668966,3.8161308724777503,31.11744896028252,46.50318942133608
40145,2021-04-11,2,2021-03-21,spatial,37.66520022366677,2.689372019839185,32.67698522027247,43.41487742292642
40145,2021-04-18,3,2021-03-21,spatial,37.83170881444504,3.3718319776236028,31.68089317699799,45.17669952752826
40147,2021-03-28,0,2021-03-21,spatial,49.046703266893,4.3390556986855335,41.13127121176869,58.485406127257185
40147,2021-04-04,1,2021-03-21,spatial,49.1782584442126,4.34985721889228,41.27986649327979,58.587910016605605
40147,2021-04-11,2,2021-03-21,spatial,48.935267475204725,5.246951285239227,39.610290507031905,60.455512247371956
40147,2021-04-18,3,2021-03-21,spatial,44.35577743886028,2.2577311229957937,40.060754915508056,49.11128101193336
40149,2021-03-28,0,2021-03-21,spatial,2.9908435198378718,0.2255312224913721,2.5751510150430623,3.4736389857922974
40149,2021-04-04,1,2021-03-21,spatial,2.9971517258387643,0.2081784681407619,2.6117455105606155,3.4394309979191218
40149,2021-04-11,2,2021-03-21,spatial,2.9815982775709315,0.24385393048067536,2.5348651945897114,3.5070615620065952
40149,2021-04-18,3,2021-03-21,spatial,3.0070391675460577,0.2288514983589769,2.5839637206317048,3.499385259536658
40151,2021-03-28,0,2021-03-21,spatial,4.004227393561998,0.2730431223211227,3.494855165330332,4.587840199620062
40151,2021-04-04,1,2021-03-21,spatial,4.002149961225041,0.3866493326849632,3.306513387452069,4.844137142440583
40151,2021-04-11,2,2021-03-21,spatial,3.999125723767302,0.3916488513108439,3.2912596978073667,4.859235679624998
40151,2021-04-18,3,2021-03-21,spatial,3.997704390046016,0.374032490519557,3.3180740728627574,4.81654117396017
40153,2021-03-28,0,2021-03-21,spatial,5.014901220685871,0.36860815420863,4.3321220328016565,5.805292201561599
40153,2021-04-04,1,2021-03-21,spatial,5.0477768823867315,0.538227754547254,4.083934100561392,6.239094663857412
40153,2021-04-11,2,2021-03-21,spatial,4.996837694570111,0.41920224958439983,4.2262588647877255,5.907917083335318
40153,2021-04-18,3,2021-03-21,spatial,5.017152158039645,0.5020942365808686,4.108893528843277,6.126178641579004
41001,2021-03-28,0,2021-03-21,spatial,29.98117912232988,1.638144502848065,26.89351436407637,33.42334101064592
41001,2021-04-04,1,2021-03-21,spatial,27.942182914444604,0.8003941102643353,26.388447222474433,29.587401617148576
41001,2021-04-11,2,2021-03-21,spatial,29.984195411214948,1.4954511844670673,27.142887936395788,33.1229299021048
41001,2021-04-18,3,2021-03-21,spatial,30.425281513365,1.8389397952242568,26.96995048408317,34.32330199174182
41003,2021-03-28,0,2021-03-21,spatial,51.97769634314577,3.2930451036786645,45.81114649597651,58.974313541302706
41003,2021-04-04,1,2021-03-21,spatial,52.0263437431209,5.068311310158606,42.924693785836865,63.0578859055361
41003,2021-04-11,2,2021-03-21,spatial,50.218817326802885,1.4182250232664493,47.4634936195643,53.13409151709104
41003,2021-04-18,3,2021-03-21,spatial,51.98016617687493,5.004674394110246,42.92646036709037,62.943407228772564
41005,2021-03-28,0,2021-03-21,spatial,278.9119035348527,25.015230709344202,233.20013964883088,333.5840623876958
41005,2021-04-04,1,2021-03-21,spatial,277.36288349407874,22.92315480330243,235.3480216933913,326.87833357007617
41005,2021-04-11,2,2021-03-21,spatial,277.3345684839809,18.382527667992306,243.11091570614792,316.3760156667076
41005,2021-04-18,3,2021-03-21,spatial,276.7803940947102,20.393747208034466,239.0039534302264,320.52769611439686
41007,2021-03-28,0,2021-03-21,spatial,24.99561796480243,2.377170293460479,20.672534291883476,30.22275395076538
41007,2021-04-04,1,2021-03-21,spatial,28.27345730798532,1.1687443755352935,26.03324239529502,30.706447395540014
41007,2021-04-11,2,2021-03-21,spatial,25.06719644544909,1.505867141439464,22.227863794526925,28.269218465764347
41007,2021-04-18,3,2021-03-21,spatial,24.85600692995235,2.6826853591527797,20.0690847961371,30.78471623283775
41009,2021-03-28,0,2021-03-21,spatial,43.818017545966434,3.5182830616308634,37.33199442355692,51.43091579503368
41009,2021-04-04,1,2021-03-21,spatial,43.948085628824145,3.5696980888475625,37.353792908189185,51.70650903338454
41009,2021-04-11,2,2021-03-21,spatial,43.966760639894154,2.4731444420740507,39.29671289241399,49.191799997574726
41009,2021-04-18,3,2021-03-21,spatial,44.099452639713405,3.9426915903562314,36.95136923020369,52.63030203310292
41011,2021-03-28,0,2021-03-21,spatial,75.83973455945402,2.0147323510443824,71.91300811135667,79.98087535348319
41011,2021-04-04,1,2021-03-21,spatial,81.48997398988381,0.8405431966744895,79.82581832813891,83.18882286398178
41011,2021-04-11,2,2021-03-21,spatial,81.48807349675845,0.8494591103706816,79.80669333701773,83.20487724220806
41011,2021-04-18,3,2021-03-21,spatial,81.52366027251514,0.8254187354540141,79.88978343109001,83.19095256981326
41013,2021-03-28,0,2021-03-21,spatial,6.993003391973735,0.4122132908089556,6.215033040572598,7.868356631560363
41013,2021-04-04,1,2021-03-21,spatial,6.985365433116146,0.5380582115361162,5.992970516560883,8.142094158369986
41013,2021-04-11,2,2021-03-21,spatial,7.0222115495598745,0.5430174813682885,6.017209658333206,8.195070115012676
41013,2021-04-18,3,2021-03-21,spatial,7.003116419833832,0.4996567903640405,6.07926543469209,8.06736276226278
41015,2021-03-28,0,2021-03-21,spatial,22.001670638999194,1.6096072205051033,19.00832893580394,25.46638963066354
41015,2021-04-04,1,2021-03-21,spatial,22.02528832348208,1.6301929520248393,19.00861423340836,25.52070970433557
41015,2021-04-11,2,2021-03-21,spatial,21.985114184063054,1.3493151825306084,19.448994325562214,24.851940290353213
41015,2021-04-18,3,2021-03-21,spatial,22.0350121154553,1.76548423141943,18.781446341263585,25.85220275935337
41017,2021-03-28,0,2021-03-21,spatial,129.74848993114045,9.11881027032503,112.75242997400505,149.30649958756956
41017,2021-04-04,1,2021-03-21,spatial,130.49267253792132,10.665376152232053,110.94347479292831,153.48660764296326
41017,2021-04-11,2,2021-03-21,spatial,129.91317349754416,10.840999582474444,110.0590724928266,153.34885408291117
41017,2021-04-18,3,2021-03-21,spatial,124.62235129950103,6.5734239114970645,112.15089420250736,138.4806653023461
41019,2021-03-28,0,2021-03-21,spatial,63.84104878569888,3.718560132236549,56.83203192245797,71.71447812421823
41019,2021-04-04,1,2021-03-21,spatial,59.92447423998811,2.2977641173954884,55.49876589485872,64.70310744822625
41019,2021-04-11,2,2021-03-21,spatial,64.15898254552562,4.271377133726623,56.17188488905713,73.28176808392935
41019,2021-04-18,3,2021-03-21,spatial,63.91789068206827,5.536576427638012,53.77203512985095,75.97809417811699
41021,2021-03-28,0,2021-03-21,spatial,0.9999060494464708,0.009677854927194869,0.9807498344658562,1.0194364277044958
41021,2021-04-04,1,2021-03-21,spatial,0.9998931359781444,0.009715482840020596,0.9806344345424871,1.0195300594789494
41021,2021-04-11,2,2021-03-21,spatial,1.0001930329849198,0.009998852154762629,0.9804014207773436,1.0203841834892324
41021,2021-04-18,3,2021-03-21,spatial,0.9999804148701741,0.009823230530917748,0.9805184922809664,1.0198286294404613
41023,2021-03-28,0,2021-03-21,spatial,12.031776008412821,1.1621274046934982,9.939684791724275,14.564207713824857
41023,2021-04-04,1,2021-03-21,spatial,12.00877347814066,0.8834805170892049,10.37346097215394,13.901882971980825
41023,2021-04-11,2,2021-03-21,spatial,12.000186703090904,1.0839148119056008,10.027353923616158,14.361164670759676
41023,2021-04-18,3,2021-03-21,spatial,12.008660465070633,0.9355277421113998,10.288703554369002,14.01614162594022
41025,2021-03-28,0,2021-03-21,spatial,1.95247503036973,0.055484765550151284,1.8445681246262564,2.0666944708207464
41025,2021-04-04,1,2021-03-21,spatial,2.003864611806484,0.12879544517073085,1.7634366207602576,2.277072697242269
41025,2021-04-11,2,2021-03-21,spatial,1.9495278727870342,0.06461429182764915,1.8242899635186192,2.0833633922114965
41025,2021-04-18,3,2021-03-21,spatial,1.9992912935946752,0.1402307699910714,1.7374057950621882,2.3006517464162117
41027,2021-03-28,0,2021-03-21,spatial,7.958266850932842,0.4868652060644207,7.041965750424019,8.993797117920233
41027,2021-04-04,1,2021-03-21,spatial,8.999934248923642,0.7452796669841515,7.6312114471978685,10.614149148585184
41027,2021-04-11,2,2021-03-21,spatial,9.017972634210633,0.9648925148305109,7.295009112094202,11.147872357903877
41027,2021-04-18,3,2021-03-21,spatial,8.978397161536208,0.7209631603367436,7.657818539661691,10.526707465419088
41029,2021-03-28,0,2021-03-21,spatial,186.34631603539435,17.351601523595637,154.86217273175026,224.23132058280657
41029,2021-04-04,1,2021-03-21,spatial,187.08979168116082,17.987310913254458,154.29780716100097,226.85085935652302
41029,2021-04-11,2,2021-03-21,spatial,187.08231645930275,14.158180881840787,160.95377181297889,217.45245692313995
41029,2021-04-18,3,2021-03-21,spatial,186.9060750745334,9.555917648429904,168.8585055556824,206.8825658784916
41031,2021-03-28,0,2021-03-21,spatial,7.009650486871822,0.6570700353829758,5.816439036874441,8.447642902573254
41031,2021-04-04,1,2021-03-21,spatial,6.9818016014378665,0.7643630652023092,5.624599217076451,8.666493686136317
41031,2021-04-11,2,2021-03-21,spatial,7.002695639628885,0.7121418804295452,5.720776103515732,8.571869504059249
41031,2021-04-18,3,2021-03-21,spatial,6.9687329686337876,0.7324550628711748,5.665183964996153,8.572226336899984
41033,2021-03-28,0,2021-03-21,spatial,112.20458589128741,7.070335622224156,98.99413525069191,127.17792890611973
41033,2021-04-04,1,2021-03-21,spatial,111.67297666353286,7.681556303179687,97.34965997831304,128.1037213655614
41033,2021-04-11,2,2021-03-21,spatial,112.00185268054787,7.0570177855518885,98.75678592162285,127.02332185892395
41033,2021-04-18,3,2021-03-21,spatial,111.9669608154812,5.9804606376131115,100.6522997075556,124.55354076042464
41035,2021-03-28,0,2021-03-21,spatial,56.95683669579629,3.061264681922661,51.16308812893,63.40667393290617
41035,2021-04-04,1,2021-03-21,spatial,56.939225700364105,4.3253112099287705,48.94096731277972,66.24461267054717
41035,2021-04-11,2,2021-03-21,spatial,56.89679295691261,3.890956817857259,49.65998719032399,65.18819741887779
41035,2021-04-18,3,2021-03-21,spatial,52.057869708999526,2.3261412880324897,47.6180185152052,56.91168770018892
41037,2021-03-28,0,2021-03-21,spatial,5.985408490431955,0.4529333208257709,5.1449814935747025,6.963118301217418
41037,2021-04-04,1,2021-03-21,spatial,5.985690085037795,0.517539674461305,5.033859362703816,7.117498367073046
41037,2021-04-11,2,2021-03-21,spatial,5.205399076915588,0.23560569255063424,4.754799951062681,5.698700224790268
41037,2021-04-18,3,2021-03-21,spatial,4.1500827170288925,0.039903625015713685,4.07107413441831,4.230624643400857
41039,2021-03-28,0,2021-03-21,spatial,124.07761400647713,10.143870117373202,105.33216277407476,146.15910176041245
41039,2021-04-04,1,2021-03-21,spatial,123.0256917296989,10.140698329772212,104.43166967845157,144.93037286651682
41039,2021-04-11,2,2021-03-21,spatial,123.55622299073127,11.392438196785701,102.80100564889374,148.50185699423255
41039,2021-04-18,3,2021-03-21,spatial,123.23270258309358,15.540548871764527,96.1575465684388,157.93143157125547
41041,2021-03-28,0,2021-03-21,spatial,19.02632510888736,1.4226998146441592,16.398995574271922,22.07458655071621
41041,2021-04-04,1,2021-03-21,spatial,19.21931659294361,0.7079620339494872,17.85442468713734,20.68854845633349
41041,2021-04-11,2,2021-03-21,spatial,19.237114915307654,0.6933864910725801,17.8974755518269,20.677027282039088
41041,2021-04-18,3,2021-03-21,spatial,24.078110186469196,1.0391202068442733,22.09712429346254,26.236689555268182
41043,2021-03-28,0,2021-03-21,spatial,59.99037243562336,6.216763050892865,48.835616704811365,73.69303446536054
41043,2021-04-04,1,2021-03-21,spatial,59.732379184784406,3.1350397481005468,53.808309953968106,66.308663589828
41043,2021-04-11,2,2021-03-21,spatial,57.19300020131138,1.4730346681511015,54.32313351539629,60.2144806521539
41043,2021-04-18,3,2021-03-21,spatial,59.97337939993263,3.4776267133581995,53.412005376874745,67.34078249392107
41045,2021-03-28,0,2021-03-21,spatial,6.977895275543362,0.6016085092135874,5.8854881254242155,8.273064432177549
41045,2021-04-04,1,2021-03-21,spatial,7.0021951506715165,0.6217286951618887,5.867328901051923,8.356568679709989
41045,2021-04-11,2,2021-03-21,spatial,8.326296883138609,0.08661006259322394,8.154835204372219,8.501363675503073
41045,2021-04-18,3,2021-03-21,spatial,6.996036586846992,0.49639259116258794,6.072569602942523,8.05993691711416
41047,2021-03-28,0,2021-03-21,spatial,221.59682671894603,5.782135069450153,210.35933110434112,233.4346346991841
41047,2021-04-04,1,2021-03-21,spatial,225.84634593345726,22.109534799436197,185.90655649344748,274.3667191387766
41047,2021-04-11,2,2021-03-21,spatial,226.53273287556382,16.18031358805873,196.4871149605055,261.17274445393747
41047,2021-04-18,3,2021-03-21,spatial,226.56791380663543,16.800810927136848,195.4937696756578,262.58135822874164
41049,2021-03-28,0,2021-03-21,spatial,7.018709416695208,0.5681574972645528,5.972496707864339,8.248189038118587
41049,2021-04-04,1,2021-03-21,spatial,7.0042164714939705,0.6864672063970273,5.7647171104606425,8.510226510599278
41049,2021-04-11,2,2021-03-21,spatial,7.0405748592038275,0.6876518349960391,5.800166095185395,8.546254285579831
41049,2021-04-18,3,2021-03-21,spatial,6.965594817911861,0.5324423433049653,5.9868823779334495,8.10430339272316
41051,2021-03-28,0,2021-03-21,spatial,362.3461354826289,20.076734561577112,324.43215848569105,404.6908374065709
41051,2021-04-04,1,2021-03-21,spatial,361.8821414254736,22.815800082925943,319.1830900309052,410.2933030380974
41051,2021-04-11,2,2021-03-21,spatial,355.15263185626196,18.64131845213161,319.7858443447583,394.4308172016716
41051,2021-04-18,3,2021-03-21,spatial,361.0627313425625,31.932961921418475,302.853316707568,430.4601890506348
41053,2021-03-28,0,2021-03-21,spatial,41.958925364760276,3.33007837684062,35.8387437000945,49.12425035035144
41053,2021-04-04,1,2021-03-21,spatial,41.82551864101557,4.5915543483730925,33.661567381784295,51.969475745107495
41053,2021-04-11,2,2021-03-21,spatial,42.06034041531167,3.161106601437768,36.21975247036964,48.84274781554977
41053,2021-04-18,3,2021-03-21,spatial,42.43959002208636,1.2244066472945443,40.0603719007996,44.96011184576199
41055,2021-03-28,0,2021-03-21,spatial,1.0004197549938287,0.009558777562367098,0.9814762838851911,1.0197288539872515
41055,2021-04-04,1,2021-03-21,spatial,1.0001287450039258,0.009865858932439272,0.9805920408100974,1.0200546863064317
41055,2021-04-11,2,2021-03-21,spatial,1.0000508129770576,0.009764968855063809,0.980725254400332,1.019757188926056
41055,2021-04-18,3,2021-03-21,spatial,0.9999192012326238,0.01020679025550186,0.9797065005041664,1.0205489179454883
41057,2021-03-28,0,2021-03-21,spatial,30.72550892730235,2.452894302090705,26.20169405843327,36.030376384685795
41057,2021-04-04,1,2021-03-21,spatial,30.098426634845314,3.646998423850377,23.666811589098142,38.277876277616784
41057,2021-04-11,2,2021-03-21,spatial,30.119419756236194,2.86831018070916,24.90932937821237,36.41926415111925
41057,2021-04-18,3,2021-03-21,spatial,29.99515059430824,1.7918144729237395,26.621076732730128,33.796869608547965
41059,2021-03-28,0,2021-03-21,spatial,42.927916339933645,4.160990832676009,35.434449067270855,52.006057658462545
41059,2021-04-04,1,2021-03-21,spatial,43.043163014155205,4.084274452016452,35.645772330936545,51.975697568353404
41059,2021-04-11,2,2021-03-21,spatial,43.2978652853534,3.1020164552560514,37.52511789924901,49.95867416864612
41059,2021-04-18,3,2021-03-21,spatial,42.918625079078936,3.2722179159427762,36.87615011819123,49.951211630681314
41061,2021-03-28,0,2021-03-21,spatial,14.056310990494573,1.268522335160582,11.757784410101305,16.804176005451712
41061,2021-04-04,1,2021-03-21,spatial,17.134095486258282,0.7244763811405187,15.7441562396978,18.646742554039303
41061,2021-04-11,2,2021-03-21,spatial,17.590421565934527,0.6026052568817902,16.428132348123693,18.834942664838874
41061,2021-04-18,3,2021-03-21,spatial,13.366718587785776,0.4730582286469266,12.453642993591954,14.346739014197874
41063,2021-03-28,0,2021-03-21,spatial,2.011624175775736,0.18276892548537055,1.6798068095188552,2.4089864391753943
41063,2021-04-04,1,2021-03-21,spatial,1.9949007914393084,0.19547879147133634,1.6430024953257107,2.4221686692546704
41063,2021-04-11,2,2021-03-21,spatial,2.0009956640784803,0.16396615557913086,1.699665736069676,2.3557476994975084
41063,2021-04-18,3,2021-03-21,spatial,1.7330731471956107,0.09760536976460148,1.5484544945705818,1.9397034553239767
41065,2021-03-28,0,2021-03-21,spatial,5.996299992878759,0.4165982832120246,5.218693202808688,6.889773398682754
41065,2021-04-04,1,2021-03-21,spatial,6.011542320466077,0.5264983050873757,5.047107587880278,7.160267626855258
41065,2021-04-11,2,2021-03-21,spatial,6.024425470556621,0.4890916315388847,5.1258802647217285,7.080481863784166
41065,2021-04-18,3,2021-03-21,spatial,4.766975602869292,0.23120115519579384,4.327326837903798,5.251291905965397
41067,2021-03-28,0,2021-03-21,spatial,296.3231212536325,29.82295908708065,242.84385374174943,361.57963578881913
41067,2021-04-04,1,2021-03-21,spatial,295.1983999996828,24.23742847716232,250.69820952567855,347.5975976344056
41067,2021-04-11,2,2021-03-21,spatial,296.72298273531914,25.56053730706725,249.9330883643433,352.27239842287867
41067,2021-04-18,3,2021-03-21,spatial,295.2693342758213,15.86842733382953,265.20290225992443,328.74444065562307
41069,2021-03-28,0,2021-03-21,spatial,1.0003709795284137,0.010006168413960766,0.980557344777206,1.020584978546071
41069,2021-04-04,1,2021-03-21,spatial,1.0000422339410324,0.010150158607797544,0.9799325074159984,1.0205646430721147
41069,2021-04-11,2,2021-03-21,spatial,1.0002135862265995,0.010059888268749208,0.9802960173376968,1.0205358385411492
41069,2021-04-18,3,2021-03-21,spatial,1.0002998201644686,0.01003016956619212,0.9804342693406723,1.0205678866100398
41071,2021-03-28,0,2021-03-21,spatial,37.04298104507193,3.7061559406063247,30.38413253562965,45.16115255541628
41071,2021-04-04,1,2021-03-21,spatial,36.8772788189384,3.36388334315437,30.79036128213284,44.16751335356596
41071,2021-04-11,2,2021-03-21,spatial,36.8197026009358,3.8155239596646853,29.963390851367752,45.24489589132983
41071,2021-04-18,3,2021-03-21,spatial,37.035112651769644,3.859413265625413,30.139782286078283,45.507945482499935
42001,2021-03-28,0,2021-03-21,spatial,230.47794295156785,30.781515046912798,177.09824009578173,299.9469794756667
42001,2021-04-04,1,2021-03-21,spatial,220.4476182874145,8.559102024194972,203.9966791715964,238.2252133021981
42001,2021-04-11,2,2021-03-21,spatial,230.64361057002984,25.86410760316719,184.79890817243458,287.86141445782965
42001,2021-04-18,3,2021-03-21,spatial,229.77588090735475,29.935347792976962,177.66616981602039,297.16943581000254
42003,2021-03-28,0,2021-03-21,spatial,2557.123427782674,259.1933311414581,2090.1204683177248,3128.470499204272
42003,2021-04-04,1,2021-03-21,spatial,2562.192319375978,265.4732122263787,2087.9338182608913,3144.175080672486
42003,2021-04-11,2,2021-03-21,spatial,2545.5648422954946,111.00229423542059,2332.608795435705,2777.962759555021
42003,2021-04-18,3,2021-03-21,spatial,2551.3707192537117,288.90894028345735,2037.6227535536318,3194.650499319658
42005,2021-03-28,0,2021-03-21,spatial,65.88692161278419,8.800848024036666,50.7408124036476,85.55413746779315
42005,2021-04-04,1,2021-03-21,spatial,63.421793471253814,4.9863557701501575,54.23985460407033,74.15808756258217
42005,2021-04-11,2,2021-03-21,spatial,66.05949105326866,6.9457928301909915,53.73302251221248,81.213677440629
42005,2021-04-18,3,2021-03-21,spatial,65.74877275998567,7.751142369469504,52.0759887144655,83.01140748660298
42007,2021-03-28,0,2021-03-21,spatial,258.30440682085674,39.30167394529063,190.99070367627948,349.3424826381287
42007,2021-04-04,1,2021-03-21,spatial,259.7939568193579,18.117772243110405,226.00549944891242,298.6338835312938
42007,2021-04-11,2,2021-03-21,spatial,259.5173952637245,18.318027412312546,225.5433019801801,298.60908239423856
42007,2021-04-18,3,2021-03-21,spatial,259.0664835919384,27.539206477679578,209.9758201069857,319.6341506678998
42009,2021-03-28,0,2021-03-21,spatial,26.782929313074533,0.9906898546995584,24.87093503480756,28.841911314762807
42009,2021-04-04,1,2021-03-21,spatial,27.986245665743237,2.9884493550337927,22.63999281851605,34.59497327325872
42009,2021-04-11,2,2021-03-21,spatial,28.061613518969768,3.3955524567003463,22.032439634289823,35.74066995569958
42009,2021-04-18,3,2021-03-21,spatial,27.94741798526617,3.568785155818176,21.7005315901898,35.99258243038956
42011,2021-03-28,0,2021-03-21,spatial,1122.048865481759,117.39177664501032,912.6215321836403,1379.5353409167267
42011,2021-04-04,1,2021-03-21,spatial,1127.263037384562,139.1554067679901,883.3978628763111,1438.4480751583935
42011,2021-04-11,2,2021-03-21,spatial,1118.8589161877958,143.0731269031777,869.6627051185968,1439.4606862694125
42011,2021-04-18,3,2021-03-21,spatial,1114.897420362011,84.72459187328818,958.0994185211356,1297.3562387173565
42013,2021-03-28,0,2021-03-21,spatial,245.6602733827325,30.736541093082923,191.80797985218086,314.632216892058
42013,2021-04-04,1,2021-03-21,spatial,246.52551985979736,22.793966743866754,205.0275703433577,296.4227291010878
42013,2021-04-11,2,2021-03-21,spatial,245.2722388126649,29.489625445131175,193.69254880952184,310.58743096688283
42013,2021-04-18,3,2021-03-21,spatial,245.2887766208918,25.025749978949822,200.35439355627338,300.30079634502664
42015,2021-03-28,0,2021-03-21,spatial,142.64459433492888,14.628481052861204,116.41902641474148,174.77796301515832
42015,2021-04-04,1,2021-03-21,spatial,142.90454552641438,16.583853115074767,113.45983821659271,179.9906420906963
42015,2021-04-11,2,2021-03-21,spatial,143.56395438028937,18.11645458044084,111.89041597075096,184.2035246583906
42015,2021-04-18,3,2021-03-21,spatial,141.56146925166766,17.79393745645799,110.51446832810758,181.33055227841217
42017,2021-03-28,0,2021-03-21,spatial,1559.0498677026694,198.5693823324813,1212.4186242576313,2004.7832005813993
42017,2021-04-04,1,2021-03-21,spatial,1232.8685373244937,12.386756105351276,1208.3498530600727,1257.884731375948
42017,2021-04-11,2,2021-03-21,spatial,1233.7160218231434,12.372789392143286,1209.2128530914367,1258.71571627103
42017,2021-04-18,3,2021-03-21,spatial,1233.9401520376464,12.441383514235602,1209.290647491841,1259.0920983046494
42019,2021-03-28,0,2021-03-21,spatial,445.5146617456045,18.92008072817481,409.34746853762886,484.8773452523622
42019,2021-04-04,1,2021-03-21,spatial,411.77942409771964,4.049849683572496,403.7658953552623,419.9519970874623
42019,2021-04-11,2,2021-03-21,spatial,296.9833069214755,2.935319269756475,291.17359238916384,302.90894124812695
42019,2021-04-18,3,2021-03-21,spatial,296.87542642645826,3.0749560457171574,290.79063992418634,303.0875369264622
42021,2021-03-28,0,2021-03-21,spatial,281.191023085565,36.03196075228145,218.2700615954576,362.2502824526268
42021,2021-04-04,1,2021-03-21,spatial,279.2385167581336,29.259455593096828,226.9613062195288,343.5570165685502
42021,2021-04-11,2,2021-03-21,spatial,273.8184217452996,19.206882557491408,237.9855565480888,315.04654809560503
42021,2021-04-18,3,2021-03-21,spatial,280.5119938792293,35.09037970573039,219.33242273437335,358.75671152092326
42023,2021-03-28,0,2021-03-21,spatial,6.976014021010768,0.6481116399129024,5.7964939574937695,8.395552894249889
42023,2021-04-04,1,2021-03-21,spatial,7.037795530462597,0.8458143513391155,5.551945547245418,8.921298940544142
42023,2021-04-11,2,2021-03-21,spatial,6.989041388437959,0.7606310766017538,5.631216469238581,8.674271322392185
42023,2021-04-18,3,2021-03-21,spatial,7.006549078089515,1.020972392092742,5.258956338936317,9.334880691100466
42025,2021-03-28,0,2021-03-21,spatial,174.38578909474793,12.339639648239551,151.51838256327343,200.70438268768243
42025,2021-04-04,1,2021-03-21,spatial,183.0485161188606,19.628738966511214,147.7360360157103,226.80153168421035
42025,2021-04-11,2,2021-03-21,spatial,111.40629680707278,1.099813720984586,109.22908170193662,113.62690938054031
42025,2021-04-18,3,2021-03-21,spatial,111.33360186298643,1.1258091616894808,109.105600957334,113.60709986495691
42027,2021-03-28,0,2021-03-21,spatial,428.8712964609285,23.08274139513325,385.293503367154,477.37786212503687
42027,2021-04-04,1,2021-03-21,spatial,482.9968025944976,69.20108847432397,363.29102043167353,642.1460982969263
42027,2021-04-11,2,2021-03-21,spatial,362.8146063109663,15.802826815621989,332.56588535936464,395.81461703547797
42027,2021-04-18,3,2021-03-21,spatial,374.9327823856637,3.5591963655762884,367.88117509351196,382.1195560542686
42029,2021-03-28,0,2021-03-21,spatial,779.1483852348546,109.17164017798386,592.6632111561535,1024.3122818941624
42029,2021-04-04,1,2021-03-21,spatial,802.4894736480852,88.89528165624728,645.0033692074834,998.4278936515508
42029,2021-04-11,2,2021-03-21,spatial,785.8304161529857,90.6651218189167,625.3926342530423,987.42679259205
42029,2021-04-18,3,2021-03-21,spatial,785.7764046150555,82.34814728860111,637.6417175073212,968.3252226085319
42031,2021-03-28,0,2021-03-21,spatial,41.00268652174008,5.236594451449398,31.868363466358804,52.75515022209508
42031,2021-04-04,1,2021-03-21,spatial,40.598261642453664,3.1455430582630153,34.77171249543596,47.40114104548246
42031,2021-04-11,2,2021-03-21,spatial,40.546957155207664,3.3206273329488583,34.45025098786057,47.72260542094661
42031,2021-04-18,3,2021-03-21,spatial,40.219844837156145,2.147720762497677,36.14813340439393,44.75019223339169
42033,2021-03-28,0,2021-03-21,spatial,217.71811738222385,23.60195863746645,175.60854776148182,269.9252356487902
42033,2021-04-04,1,2021-03-21,spatial,218.38228546424733,24.99940259664814,173.53502554060196,274.8195786759473
42033,2021-04-11,2,2021-03-21,spatial,217.52776054622268,25.4396589713472,172.6577916360622,274.0584491431179
42033,2021-04-18,3,2021-03-21,spatial,218.74420484450997,27.939322260791155,169.97934463507366,281.4990683472945
42035,2021-03-28,0,2021-03-21,spatial,73.3152644609339,10.108980578549012,55.83572576287234,96.26682432326936
42035,2021-04-04,1,2021-03-21,spatial,69.56509540046953,4.651229690626738,60.85671745952187,79.51961098288339
42035,2021-04-11,2,2021-03-21,spatial,69.62700613698175,0.6953424591552612,68.25113860329084,71.0306096397569
42035,2021-04-18,3,2021-03-21,spatial,69.67961067642182,0.7033905679751463,68.28760600251518,71.09999058744111
42037,2021-03-28,0,2021-03-21,spatial,65.87087826329815,5.4406374612956085,55.88497658695975,77.64112769066999
42037,2021-04-04,1,2021-03-21,spatial,65.94349645871753,5.175311427169468,56.448809550519094,77.03518922412604
42037,2021-04-11,2,2021-03-21,spatial,65.86879579779928,7.870004826096372,52.042796836493785,83.36789188104841
42037,2021-04-18,3,2021-03-21,spatial,66.14868947379999,8.948433514823568,50.6404618593544,86.40618506311944
42039,2021-03-28,0,2021-03-21,spatial,117.2206752561252,15.938333275986302,89.50597319149391,153.51698012493983
42039,2021-04-04,1,2021-03-21,spatial,116.71999119676659,13.855887515899385,92.25775506115694,147.6684137386859
42039,2021-04-11,2,2021-03-21,spatial,111.71092417523344,5.488064204707743,101.28019915730562,123.21589692672505
42039,2021-04-18,3,2021-03-21,spatial,103.84341993116571,3.75621379186389,96.59747511739687,111.6328956827813
42041,2021-03-28,0,2021-03-21,spatial,490.1148863011578,56.55398581466856,389.4346780341114,616.8238611584461
42041,2021-04-04,1,2021-03-21,spatial,490.85608522543237,48.0993069711832,404.2398824548445,596.0314824447117
42041,2021-04-11,2,2021-03-21,spatial,488.2489324030095,56.658206479900564,387.74294679342194,614.8068506831775
42041,2021-04-18,3,2021-03-21,spatial,491.7960369045677,65.81824594914836,377.2127127350793,641.1855532687259
42043,2021-03-28,0,2021-03-21,spatial,570.018602838918,68.96147499467226,448.7813732857656,724.0077840207857
42043,2021-04-04,1,2021-03-21,spatial,571.1086406296348,52.58746757382538,475.3189751025689,686.2025218569198
42043,2021-04-11,2,2021-03-21,spatial,572.1549365535046,38.12982977232039,500.89777934158514,653.5490571606272
42043,2021-04-18,3,2021-03-21,spatial,571.2202488376864,70.19496081376928,448.09204567657804,728.1820238284221
42045,2021-03-28,0,2021-03-21,spatial,963.2893928105644,123.4453401379085,747.6175857661289,1241.177939053485
42045,2021-04-04,1,2021-03-21,spatial,959.6510422595833,107.1542002296254,768.9511607498438,1197.6444928073954
42045,2021-04-11,2,2021-03-21,spatial,958.6386907938677,95.18134793819657,787.22334116539,1167.3791812708814
42045,2021-04-18,3,2021-03-21,spatial,960.2450971263617,115.94667879054559,755.8806840384119,1219.8626926526388
42047,2021-03-28,0,2021-03-21,spatial,101.27150344463206,13.650275939728234,77.53879529713123,132.2682067813293
42047,2021-04-04,1,2021-03-21,spatial,101.47307372949122,11.550896798301608,81.12415271863455,126.92625250365845
42047,2021-04-11,2,2021-03-21,spatial,41.126190959534696,0.40695851659600973,40.319634045128296,41.94888229756826
42047,2021-04-18,3,2021-03-21,spatial,41.13000632266663,0.40472011313883777,40.32857436605208,41.947364782788426
42049,2021-03-28,0,2021-03-21,spatial,211.09330301526091,25.47414236674749,166.06937174814126,268.32390650259384
42049,2021-04-04,1,2021-03-21,spatial,209.9063587080098,25.59141046751784,165.1428149764336,266.80349025383435
42049,2021-04-11,2,2021-03-21,spatial,213.9319934787283,29.660784846567754,163.10340692842848,280.60050182682966
42049,2021-04-18,3,2021-03-21,spatial,211.8027324197478,23.533939700308267,169.96466722865662,263.9395480951329
42051,2021-03-28,0,2021-03-21,spatial,249.80332107091385,32.77906180463909,192.84811995008099,323.57950512668117
42051,2021-04-04,1,2021-03-21,spatial,251.67331465489383,34.22706418015438,192.403984629946,329.2003407892156
42051,2021-04-11,2,2021-03-21,spatial,249.81296347314137,28.76195370734799,198.9468478249534,313.6843704814184
42051,2021-04-18,3,2021-03-21,spatial,248.22848149678424,28.342919183958465,197.90560923172615,311.3473097877283
42053,2021-03-28,0,2021-03-21,spatial,6.006072043693232,0.6564554214721542,4.828228932700784,7.47124916751931
42053,2021-04-04,1,2021-03-21,spatial,6.027966532889158,0.6673984995244913,4.839442255846193,7.508381875563503
42053,2021-04-11,2,2021-03-21,spatial,5.951093419149207,0.7442015562382802,4.651669495354337,7.613505843183996
42053,2021-04-18,3,2021-03-21,spatial,6.425475676112209,0.4693662206494176,5.5563171308412285,7.430594167338111
42055,2021-03-28,0,2021-03-21,spatial,265.7010980100092,14.650982571921773,237.98778415274646,296.64158492443266
42055,2021-04-04,1,2021-03-21,spatial,320.466589008244,21.806670241221838,279.79786005529337,367.0465337021646
42055,2021-04-11,2,2021-03-21,spatial,315.87038168625486,38.7456110090473,247.63735674399018,402.9040664077504
42055,2021-04-18,3,2021-03-21,spatial,318.17467942263335,19.37301198850294,281.72441490429316,359.34097745872293
42057,2021-03-28,0,2021-03-21,spatial,16.17682600267649,1.5612171216427373,13.350259709947407,19.601843350349398
42057,2021-04-04,1,2021-03-21,spatial,14.975419144618945,1.8318553157758573,11.756193319305275,19.07617308306328
42057,2021-04-11,2,2021-03-21,spatial,15.184599287178164,0.8272714034438752,13.62452648026226,16.923307818895527
42057,2021-04-18,3,2021-03-21,spatial,15.199075592508708,0.8084314018365317,13.668418214470055,16.901143588234188
42059,2021-03-28,0,2021-03-21,spatial,45.966634108473606,5.590794554075846,36.104004148321856,58.52346577908588
42059,2021-04-04,1,2021-03-21,spatial,46.093562615335856,5.857120877054924,35.88414536994078,59.207666580060845
42059,2021-04-11,2,2021-03-21,spatial,46.218998927061186,6.075289584739128,35.717311085992606,59.808417735495325
42059,2021-04-18,3,2021-03-21,spatial,45.98663539448598,4.98598696181822,37.07672866208668,57.03768134937639
42061,2021-03-28,0,2021-03-21,spatial,48.411660176429656,1.1214599962197929,46.22202628328996,50.70502159887757
42061,2021-04-04,1,2021-03-21,spatial,50.65494544237606,6.071969220779276,39.97719838335176,64.1846753032763
42061,2021-04-11,2,2021-03-21,spatial,50.42806845343133,2.387134547843868,45.892904217232115,55.41140033123249
42061,2021-04-18,3,2021-03-21,spatial,52.696595087045324,3.6098448560590297,45.920293972217344,60.472851838625104
42063,2021-03-28,0,2021-03-21,spatial,70.18692780962853,6.395757421946482,58.58430258438123,84.08745377242657
42063,2021-04-04,1,2021-03-21,spatial,69.56979182561335,9.161700145092984,53.630831181967395,90.24577520041387
42063,2021-04-11,2,2021-03-21,spatial,71.13503638406962,6.0906072394612405,59.99462465475216,84.3441130014986
42063,2021-04-18,3,2021-03-21,spatial,70.05390294312947,3.813129630869201,62.84689251760386,78.08738222324618
42065,2021-03-28,0,2021-03-21,spatial,53.12497782990289,6.11148431459166,42.26809009569956,66.77054163170753
42065,2021-04-04,1,2021-03-21,spatial,53.07324919893152,3.7013806678994916,46.17706371708991,60.9993263709709
42065,2021-04-11,2,2021-03-21,spatial,52.955014785027025,6.9251436951222525,41.01814666241605,68.36568248589063
42065,2021-04-18,3,2021-03-21,spatial,51.58765706597621,3.1794747238104533,45.62025328883434,58.335633182644365
42067,2021-03-28,0,2021-03-21,spatial,20.819421975995407,1.6425102377138951,17.785057097865348,24.37148944922898
42067,2021-04-04,1,2021-03-21,spatial,20.93180151689189,2.848432872227132,15.996361385911214,27.38999852356734
42067,2021-04-11,2,2021-03-21,spatial,21.039323238546366,2.101829945026259,17.263736870742637,25.64063190086119
42067,2021-04-18,3,2021-03-21,spatial,20.930719006305086,2.429951930130105,16.65418940618366,26.305393041719423
42069,2021-03-28,0,2021-03-21,spatial,457.50824996735673,67.62436386790138,342.5841214554073,610.9851148353323
42069,2021-04-04,1,2021-03-21,spatial,368.3541981902091,12.830773849264245,343.60312941419073,394.8881826416453
42069,2021-04-11,2,2021-03-21,spatial,459.8793072380431,61.62565546052228,353.19164014421585,598.7938365114949
42069,2021-04-18,3,2021-03-21,spatial,363.4936665918746,3.6220711738483815,356.3197336371756,370.8120353136113
42071,2021-03-28,0,2021-03-21,spatial,989.4002815906273,102.18404999048069,806.0497311904187,1214.4572218464732
42071,2021-04-04,1,2021-03-21,spatial,898.8829393222925,34.09821965998971,833.0987631230416,969.8616471062396
42071,2021-04-11,2,2021-03-21,spatial,992.9476809587107,117.13286133885248,787.355326108188,1252.2238237654421
42071,2021-04-18,3,2021-03-21,spatial,990.0578154317752,112.01766240148486,791.503339856477,1238.421151924995
42073,2021-03-28,0,2021-03-21,spatial,163.26327466501374,19.31061131756198,129.20298771656417,206.3024805031385
42073,2021-04-04,1,2021-03-21,spatial,162.6029306162448,19.749004698904482,127.91232733554143,206.7018370765336
42073,2021-04-11,2,2021-03-21,spatial,163.02617192098919,18.26822765113484,130.56246352337678,203.56182025052934
42073,2021-04-18,3,2021-03-21,spatial,163.365045398721,21.547354089227685,125.92479650054979,211.9371148478264
42075,2021-03-28,0,2021-03-21,spatial,357.76813369775283,43.05912594801062,282.31497774567373,453.3873424345253
42075,2021-04-04,1,2021-03-21,spatial,357.2982194786459,47.088252737509755,275.1002150089869,464.0564080927387
42075,2021-04-11,2,2021-03-21,spatial,356.183429653911,45.929671437726746,275.6864467164329,460.18452147745865
42075,2021-04-18,3,2021-03-21,spatial,360.5214944717082,39.4220602921109,290.10603376188175,448.0284201286128
42077,2021-03-28,0,2021-03-21,spatial,977.9980070845168,119.00524394979405,768.652812663865,1244.3590735672744
42077,2021-04-04,1,2021-03-21,spatial,979.2528722025772,117.86708721514522,771.0217289399033,1243.7213527502804
42077,2021-04-11,2,2021-03-21,spatial,974.4269291100604,98.64345335296257,796.1743912660806,1192.5877679448477
42077,2021-04-18,3,2021-03-21,spatial,965.5138864407463,105.85157719168129,777.4161602607651,1199.1223138418234
42079,2021-03-28,0,2021-03-21,spatial,591.4540233475823,25.464469427295068,542.7406427667235,644.5396459546117
42079,2021-04-04,1,2021-03-21,spatial,603.2980155230688,56.819885176797456,500.3471582306186,727.4319231095017
42079,2021-04-11,2,2021-03-21,spatial,473.42897037084106,21.73135084333064,431.83724908969145,519.0265324699733
42079,2021-04-18,3,2021-03-21,spatial,612.6574625728873,72.22258251730888,485.247400710064,773.5212304012329
42081,2021-03-28,0,2021-03-21,spatial,223.01403959423766,25.215768873402514,178.1251177346765,279.2153206052759
42081,2021-04-04,1,2021-03-21,spatial,221.516466999898,23.13454397943957,180.1111947446317,272.44028457914294
42081,2021-04-11,2,2021-03-21,spatial,221.92834501217038,26.131727590229577,176.39936987446274,279.2084254886624
42081,2021-04-18,3,2021-03-21,spatial,223.33354694360818,26.7431223331954,176.01947796974392,283.3656466075101
42083,2021-03-28,0,2021-03-21,spatial,38.3276204944306,2.0338290546459104,34.469573321311834,42.61748409449672
42083,2021-04-04,1,2021-03-21,spatial,38.82515127534453,4.943386468631632,30.15154374293015,49.9938704434275
42083,2021-04-11,2,2021-03-21,spatial,39.07736726093843,6.173991517893732,28.595863320875853,53.40075293098342
42083,2021-04-18,3,2021-03-21,spatial,38.85501228265764,5.236546278251852,29.759218919089125,50.730900686276655
42085,2021-03-28,0,2021-03-21,spatial,78.8443684563359,6.170043585419529,67.46245318476997,92.14658145105601
42085,2021-04-04,1,2021-03-21,spatial,78.89336464336617,9.22051663024639,62.68970101403168,99.28525553755631
42085,2021-04-11,2,2021-03-21,spatial,79.14122634878309,8.951596985458421,63.24020081945167,99.0403829657483
42085,2021-04-18,3,2021-03-21,spatial,78.55857999724137,9.403153063303336,61.974441944268435,99.58057382320204
42087,2021-03-28,0,2021-03-21,spatial,62.31326270185589,7.103659377458063,49.67990349822785,78.1592240550349
42087,2021-04-04,1,2021-03-21,spatial,61.54688771995037,7.174579429346491,48.918576929474284,77.43519181830142
42087,2021-04-11,2,2021-03-21,spatial,60.24011176008045,5.693720555989826,49.894974865461435,72.73019125978111
42087,2021-04-18,3,2021-03-21,spatial,62.12943411943937,7.4852965706877805,48.87832193894503,78.97297678965839
42089,2021-03-28,0,2021-03-21,spatial,472.9835881169417,26.162354840855336,423.62689373318665,528.0908222245173
42089,2021-04-04,1,2021-03-21,spatial,470.7962680204576,27.17034388585165,419.669081178234,528.1521463523205
42089,2021-04-11,2,2021-03-21,spatial,472.5794698383101,26.603096604444108,422.5426218230217,528.5416045110798
42089,2021-04-18,3,2021-03-21,spatial,457.3998771542031,58.8158199122292,354.4271509732045,590.2895617511458
42091,2021-03-28,0,2021-03-21,spatial,1369.6384535846184,71.43081536076299,1233.8444534080447,1520.3776200121094
42091,2021-04-04,1,2021-03-21,spatial,1449.1161286207505,131.8535737700607,1209.749813711635,1735.8444948100214
42091,2021-04-11,2,2021-03-21,spatial,1413.5024318450799,162.56997424692705,1128.778842534489,1770.0448037684646
42091,2021-04-18,3,2021-03-21,spatial,1419.2258801792075,124.49430214249223,1193.2990217418512,1687.927386406743
42093,2021-03-28,0,2021-03-21,spatial,15.971739653426267,1.8427791013089367,12.695142606254931,20.094021427624007
42093,2021-04-04,1,2021-03-21,spatial,16.057185798622378,1.7321127947039856,12.964311823168394,19.88792149466113
42093,2021-04-11,2,2021-03-21,spatial,15.920644341733244,1.977065092847452,12.442444652018995,20.37115079429616
42093,2021-04-18,3,2021-03-21,spatial,15.933965213731044,2.227430223064537,12.09459983422086,20.992116391815017
42095,2021-03-28,0,2021-03-21,spatial,1154.768842586295,146.1758217544057,898.0351691288373,1484.8985047007454
42095,2021-04-04,1,2021-03-21,spatial,813.7119535600152,8.486919250791063,796.9121247460118,830.8659421858922
42095,2021-04-11,2,2021-03-21,spatial,813.4009634304479,8.238659417100363,797.0908343495211,830.044831527272
42095,2021-04-18,3,2021-03-21,spatial,813.5708716690924,8.166903085274747,797.4007533589162,830.0688962736427
42097,2021-03-28,0,2021-03-21,spatial,202.90242333844898,25.39859510231988,158.26388448775458,260.1313213678929
42097,2021-04-04,1,2021-03-21,spatial,202.7517063575717,27.73728048304386,154.77873054851463,265.5936916217426
42097,2021-04-11,2,2021-03-21,spatial,202.7375006858623,24.01245146146325,160.41267204397087,256.22972088566274
42097,2021-04-18,3,2021-03-21,spatial,202.1448796340849,24.789473206674266,158.36999812272856,258.01952924576216
42099,2021-03-28,0,2021-03-21,spatial,73.68825732772746,10.633880052535929,55.53726819093708,97.77145050291607
42099,2021-04-04,1,2021-03-21,spatial,74.34308225038697,3.448590974793329,67.79592445483763,81.52250925008852
42099,2021-04-11,2,2021-03-21,spatial,71.60567638151579,3.1643497205341182,65.5653593198532,78.20246763296238
42099,2021-04-18,3,2021-03-21,spatial,74.24158055224213,6.952402846705827,61.66565274979356,89.3822093355447
42101,2021-03-28,0,2021-03-21,spatial,3310.4917004540607,447.67933265609236,2534.7555355232753,4323.6340330203775
42101,2021-04-04,1,2021-03-21,spatial,3295.3510273204915,416.4770704436728,2571.42732759646,4223.078084579799
42101,2021-04-11,2,2021-03-21,spatial,3265.1719427565477,408.433260889989,2550.2648055696013,4180.486588091141
42101,2021-04-18,3,2021-03-21,spatial,3297.909648495177,404.29248724156105,2583.422729807568,4209.999364079188
42103,2021-03-28,0,2021-03-21,spatial,156.96208783150058,8.752923546264675,140.50138081305306,175.3512803493731
42103,2021-04-04,1,2021-03-21,spatial,157.0219447076566,8.802716404934412,140.44283691659632,175.5581962105804
42103,2021-04-11,2,2021-03-21,spatial,143.7738227743142,16.24621990558214,114.9750023894442,179.78614207915595
42103,2021-04-18,3,2021-03-21,spatial,143.4562221174946,14.245196277031887,117.85364434909955,174.62071519200478
42105,2021-03-28,0,2021-03-21,spatial,4.986748221214817,0.3412308447521095,4.350056744822815,5.716628375339052
42105,2021-04-04,1,2021-03-21,spatial,4.9944831660870666,0.4521576020985425,4.172382283798373,5.978565816749238
42105,2021-04-11,2,2021-03-21,spatial,5.036338227817001,0.6794671603407877,3.860875554678727,6.569676330083512
42105,2021-04-18,3,2021-03-21,spatial,4.999705146928544,0.610429770685428,3.9270791317413165,6.365303758251432
42107,2021-03-28,0,2021-03-21,spatial,324.9604169190688,41.949442715735046,251.7418880327112,419.47438064218176
42107,2021-04-04,1,2021-03-21,spatial,322.4179405713396,35.485459433112,259.401243564066,400.7433695150728
42107,2021-04-11,2,2021-03-21,spatial,322.08743814010415,42.66571741240807,247.7502151153117,418.7294762160791
42107,2021-04-18,3,2021-03-21,spatial,321.0124614583375,35.81323909339981,257.48530176045966,400.2131372431028
42109,2021-03-28,0,2021-03-21,spatial,46.057033761544545,5.6893661599285945,36.05367261972411,58.83590227508665
42109,2021-04-04,1,2021-03-21,spatial,42.7993584822653,1.386930813759829,40.111007589893276,45.66789010194317
42109,2021-04-11,2,2021-03-21,spatial,50.30282911646954,1.2918444888279597,47.786848930854305,52.951275795189794
42109,2021-04-18,3,2021-03-21,spatial,50.31362261894421,1.3269653420389296,47.72437351410709,53.04334943848444
42111,2021-03-28,0,2021-03-21,spatial,71.53130968200044,8.925729103741471,55.765051467918994,91.75510700937565
42111,2021-04-04,1,2021-03-21,spatial,70.93946781167688,9.628917893313716,54.32011576805342,92.64354507071181
42111,2021-04-11,2,2021-03-21,spatial,77.81930847176291,4.447188335557511,69.43007539187929,87.22221223069128
42111,2021-04-18,3,2021-03-21,spatial,70.6560903607962,9.146067730039675,54.66457648267008,91.3257437685567
42113,2021-03-28,0,2021-03-21,spatial,1.9847681734206517,0.2497106194313617,1.5486072407557394,2.5437726226187087
42113,2021-04-04,1,2021-03-21,spatial,2.002321536161091,0.21301003732859367,1.621665330342555,2.4723298076105507
42113,2021-04-11,2,2021-03-21,spatial,2.00172240099433,0.2449229807580658,1.5729035669647844,2.5474496051748208
42113,2021-04-18,3,2021-03-21,spatial,2.0130542572452184,0.24660374509989394,1.5782878916005147,2.567584446525556
42115,2021-03-28,0,2021-03-21,spatial,76.57680957162478,5.422285167224247,66.5030292806878,88.17655116759875
42115,2021-04-04,1,2021-03-21,spatial,73.2762582948987,8.455435065103519,58.160989121631395,92.319785319877
42115,2021-04-11,2,2021-03-21,spatial,72.5178792345884,7.9835943579969175,58.32155143958703,90.16980308093784
42115,2021-04-18,3,2021-03-21,spatial,73.1615190917558,8.422635411597927,58.318559390226916,91.78223762348878
42117,2021-03-28,0,2021-03-21,spatial,62.50645728761953,8.504581846359407,47.7924723448971,81.75047263622405
42117,2021-04-04,1,2021-03-21,spatial,62.72612063099084,7.701266749449457,49.225383740147436,79.92961985189456
42117,2021-04-11,2,2021-03-21,spatial,63.23265378963737,7.295297737565942,50.21942778731038,79.61796223991348
42117,2021-04-18,3,2021-03-21,spatial,62.66887040715028,6.8212097147554855,50.520578286128405,77.73836823214965
42119,2021-03-28,0,2021-03-21,spatial,53.223488516912546,6.4208425785484815,41.87924175459146,67.64066423431248
42119,2021-04-04,1,2021-03-21,spatial,52.92960485124402,6.5607796796027245,41.375446578844745,67.71027992097285
42119,2021-04-11,2,2021-03-21,spatial,53.28431551850835,7.009893361537065,41.07021238363068,69.13083998093896
42119,2021-04-18,3,2021-03-21,spatial,59.02372554376284,5.365875032141246,49.268108670731785,70.71105977191749
42121,2021-03-28,0,2021-03-21,spatial,9.422903802525127,0.09424735869040506,9.236301892981462,9.613275648678574
42121,2021-04-04,1,2021-03-21,spatial,9.006086835542947,0.932981014360028,7.336610550283598,11.05545940232642
42121,2021-04-11,2,2021-03-21,spatial,8.844501154673857,1.2202373449569164,6.732058644111693,11.619803808965356
42121,2021-04-18,3,2021-03-21,spatial,8.956932458238901,1.3097165118662637,6.707093968913513,11.961460422843833
42123,2021-03-28,0,2021-03-21,spatial,18.96414197669498,2.2727718267286394,14.944748925030275,24.064551550270767
42123,2021-04-04,1,2021-03-21,spatial,19.064157162098528,2.293908547833982,15.029150778911779,24.182476684654606
42123,2021-04-11,2,2021-03-21,spatial,19.009000477825293,2.156504867344792,15.210831529421947,23.755578284265837
42123,2021-04-18,3,2021-03-21,spatial,18.9799714367072,2.322738044394668,14.935800335304899,24.119183950705057
42125,2021-03-28,0,2021-03-21,spatial,455.9535930582548,30.013655551899877,399.89963802281375,519.8646341632161
42125,2021-04-04,1,2021-03-21,spatial,480.5329660311962,47.22890566068728,395.6655894003748,583.6037745730739
42125,2021-04-11,2,2021-03-21,spatial,284.3775848109662,2.8791228316936803,278.6749460220691,290.19691901730516
42125,2021-04-18,3,2021-03-21,spatial,352.3715472993403,15.885756362855144,322.06111419883536,385.5346139971225
42127,2021-03-28,0,2021-03-21,spatial,71.25137386024798,9.259416062743275,55.233982627549175,91.91367407282854
42127,2021-04-04,1,2021-03-21,spatial,70.83635485147224,7.439348421439888,57.47978088767146,87.2965952749471
42127,2021-04-11,2,2021-03-21,spatial,71.31789564308242,8.346679800602004,56.56384841993104,89.92037106805817
42127,2021-04-18,3,2021-03-21,spatial,70.91089395511015,7.74279773446595,57.02348971698324,88.18041313271797
42129,2021-03-28,0,2021-03-21,spatial,924.8884437516763,42.33230171383479,844.1133036669135,1013.3931424482628
42129,2021-04-04,1,2021-03-21,spatial,919.1962111248773,88.2851271469085,760.0017642313063,1111.7364647184925
42129,2021-04-11,2,2021-03-21,spatial,923.1275710311304,108.77944158136913,730.3066181977376,1166.8585374466686
42129,2021-04-18,3,2021-03-21,spatial,725.8151046202765,40.59889990290061,649.0360423318853,811.676905033202
42131,2021-03-28,0,2021-03-21,spatial,77.37432145979588,9.05579345035468,61.364354942858064,97.56128988789452
42131,2021-04-04,1,2021-03-21,spatial,77.80086296388427,7.824701955112142,63.76336449776203,94.9287153462165
42131,2021-04-11,2,2021-03-21,spatial,77.76482988442048,8.327761814597784,62.93906633409954,96.08291192073929
42131,2021-04-18,3,2021-03-21,spatial,77.9705151661703,8.894583109652293,62.2752213256563,97.62151150755341
42133,2021-03-28,0,2021-03-21,spatial,973.6442527002713,50.290696982132566,878.4680518768242,1079.1321651264698
42133,2021-04-04,1,2021-03-21,spatial,1131.1817023359035,68.99083267516137,1001.4267547063156,1277.749009287062
42133,2021-04-11,2,2021-03-21,spatial,1120.2396509250987,82.24482459265236,968.0489018588672,1296.3569021100404
42133,2021-04-18,3,2021-03-21,spatial,1184.6121883193714,93.1436146570287,1013.0406652310294,1385.241565198944
44001,2021-03-28,0,2021-03-21,spatial,48.096279035707596,0.499848176120825,47.10662004246362,49.10672969097332
44001,2021-04-04,1,2021-03-21,spatial,48.07908904840337,0.4765008210890065,47.13512818121565,49.04195433259736
44001,2021-04-11,2,2021-03-21,spatial,48.07347975367578,0.4955281673980275,47.09280704285248,49.074574244939505
44001,2021-04-18,3,2021-03-21,spatial,48.076667265368656,0.4817397493843815,47.12264239061195,49.050006919931405
44003,2021-03-28,0,2021-03-21,spatial,151.63647840863047,1.5557175616761982,148.55773918230554,154.77902202021247
44003,2021-04-04,1,2021-03-21,spatial,151.68104787965626,1.46882733844062,148.7713029044856,154.64770313023104
44003,2021-04-11,2,2021-03-21,spatial,151.6601277387035,1.5126772881046726,148.66475416961015,154.7158536278107
44003,2021-04-18,3,2021-03-21,spatial,151.73227465263753,1.5384151298383797,148.68670453999172,154.8402275946004
44005,2021-03-28,0,2021-03-21,spatial,126.5381115266992,9.573807483762339,108.96635787097804,146.94346017972177
44005,2021-04-04,1,2021-03-21,spatial,115.98590199749201,8.64025802003434,100.00250734483696,134.52392164311442
44005,2021-04-11,2,2021-03-21,spatial,37.77906595293138,0.3816900202202361,37.02337435967984,38.55018212036039
44005,2021-04-18,3,2021-03-21,spatial,37.744982441350686,0.3667287544948816,37.018925732136395,38.48527938943115
44007,2021-03-28,0,2021-03-21,spatial,612.438834335774,6.023295420413027,600.5077839240635,624.6069340709698
44007,2021-04-04,1,2021-03-21,spatial,612.5101217931877,6.12616524327104,600.3760019361952,624.8894827394794
44007,2021-04-11,2,2021-03-21,spatial,612.5453128732115,6.129100951712769,600.4176333771352,624.9179562107599
44007,2021-04-18,3,2021-03-21,spatial,612.2201027108266,6.287801138130651,599.7757259040459,624.9226802206715
44009,2021-03-28,0,2021-03-21,spatial,1.9862968907766088,0.020069578096997415,1.9465557189313751,2.0268494243127892
44009,2021-04-04,1,2021-03-21,spatial,1.984292218691112,0.020539729153091574,1.943669295227172,2.025764166171025
44009,2021-04-11,2,2021-03-21,spatial,1.9864330890899111,0.01989208767139874,1.9470427478871035,2.0266203306082136
44009,2021-04-18,3,2021-03-21,spatial,1.9864693436628509,0.020995385999259892,1.9449232420162224,2.0289029243239427
45001,2021-03-28,0,2021-03-21,spatial,57.96157671386073,7.2212333498359955,45.28700012951701,74.18341611386823
45001,2021-04-04,1,2021-03-21,spatial,57.97057467729722,7.367051319479749,44.976732911888774,74.7183557107098
45001,2021-04-11,2,2021-03-21,spatial,57.87539857418781,7.197730454945935,45.223721360991384,74.06647793054753
45001,2021-04-18,3,2021-03-21,spatial,57.84650616003372,6.926148846286599,45.65179951844932,73.29871571810675
45003,2021-03-28,0,2021-03-21,spatial,108.53570861770876,11.823202550449407,87.34080495134594,134.87395784490815
45003,2021-04-04,1,2021-03-21,spatial,109.41210322716324,12.74138938777932,86.90268894402273,137.7518748620356
45003,2021-04-11,2,2021-03-21,spatial,108.85185663669357,13.722641506059544,84.6570475732133,139.96149207788343
45003,2021-04-18,3,2021-03-21,spatial,109.19275845112482,16.63165874457757,81.05472079005605,147.098878164644
45005,2021-03-28,0,2021-03-21,spatial,1.0052920853962741,0.08742671438423143,0.8456943403265741,1.1950087978241999
45005,2021-04-04,1,2021-03-21,spatial,0.9981187352938041,0.09414885204196838,0.8286243152265275,1.2022830991535078
45005,2021-04-11,2,2021-03-21,spatial,0.9946059243621352,0.1096039652502046,0.7994889508952436,1.2373416088721862
45005,2021-04-18,3,2021-03-21,spatial,0.9989074834891104,0.14239108817801038,0.7527494671874772,1.3255620947813107
45007,2021-03-28,0,2021-03-21,spatial,275.61873799565643,29.102946388489546,223.68797719122142,339.6055956524585
45007,2021-04-04,1,2021-03-21,spatial,274.315839014126,29.405854721122605,221.6953539304353,339.4260556206152
45007,2021-04-11,2,2021-03-21,spatial,275.9002491708364,32.91674834208305,218.21872508112915,348.8286693281222
45007,2021-04-18,3,2021-03-21,spatial,274.3552494830129,32.21107330650013,217.37198857179482,346.2764609802768
45009,2021-03-28,0,2021-03-21,spatial,7.996962817602802,1.038661636078091,6.1847010970043215,10.340259505362006
45009,2021-04-04,1,2021-03-21,spatial,7.990765498866714,1.1311057079960103,6.054403054284554,10.546429216120957
45009,2021-04-11,2,2021-03-21,spatial,7.979809429704844,0.9562794031966676,6.290187895496071,10.123284008733812
45009,2021-04-18,3,2021-03-21,spatial,8.008779472184054,0.9230798951298854,6.375717573639804,10.060130156841275
45011,2021-03-28,0,2021-03-21,spatial,14.551133080840893,1.0157357780894265,12.650795035000833,16.736930236442507
45011,2021-04-04,1,2021-03-21,spatial,15.019021724967644,1.653963982482135,12.082832016316445,18.668720484605178
45011,2021-04-11,2,2021-03-21,spatial,14.94065535548074,1.9931670515367488,11.482168822083409,19.4408552870199
45011,2021-04-18,3,2021-03-21,spatial,14.98966482052792,2.170404769323953,11.26936553204355,19.93812790905432
45013,2021-03-28,0,2021-03-21,spatial,167.56696522179482,20.355711950633168,131.75596460715428,213.11132226432446
45013,2021-04-04,1,2021-03-21,spatial,167.4651139171642,20.29829420781297,131.58883634305232,213.12267179091504
45013,2021-04-11,2,2021-03-21,spatial,165.40073769190528,24.044410258431405,123.96543208378469,220.6857473826766
45013,2021-04-18,3,2021-03-21,spatial,141.88895626763627,9.965155982576935,123.43233003484761,163.10537040850937
45015,2021-03-28,0,2021-03-21,spatial,295.3215859177757,25.506073122638306,248.5755851649961,350.8584282366263
45015,2021-04-04,1,2021-03-21,spatial,293.9468509433958,37.24875792222347,228.92261322450642,377.44087385024324
45015,2021-04-11,2,2021-03-21,spatial,297.1457743874673,37.70650213218647,231.12795212878223,382.02048009809823
45015,2021-04-18,3,2021-03-21,spatial,294.67014624350554,46.062009612532655,217.41057888425223,399.38486679342697
45017,2021-03-28,0,2021-03-21,spatial,5.959635018015086,0.5938938418520793,4.894605914666816,7.256406372068338
45017,2021-04-04,1,2021-03-21,spatial,5.970417300068072,0.5763497922459292,4.933897173150939,7.22469104766275
45017,2021-04-11,2,2021-03-21,spatial,6.003100039091477,0.6409119589378579,4.8616392978955965,7.412563514314835
45017,2021-04-18,3,2021-03-21,spatial,5.998803616908409,0.7799550786777459,4.6397458302822425,7.755951759117018
45019,2021-03-28,0,2021-03-21,spatial,531.2175501583672,52.64314295429018,436.4657426963677,646.5389101397758
45019,2021-04-04,1,2021-03-21,spatial,531.5163310968721,61.96614724364557,422.35978386181966,668.8837834880285
45019,2021-04-11,2,2021-03-21,spatial,534.6237381282301,63.98600780114971,420.8463972289768,679.1611933764285
45019,2021-04-18,3,2021-03-21,spatial,531.1410657679942,66.27822885758107,414.62958027635085,680.3924398185331
45021,2021-03-28,0,2021-03-21,spatial,73.55861365940109,3.2273201366114064,67.37689578006731,80.30749385004722
45021,2021-04-04,1,2021-03-21,spatial,78.90727105687722,2.6221161852718358,73.84752762071696,84.3136883014181
45021,2021-04-11,2,2021-03-21,spatial,78.35185066837369,9.970685576878957,60.8897052450733,100.82184629487676
45021,2021-04-18,3,2021-03-21,spatial,77.91387338692168,10.709147028447406,59.46700316220147,102.08302660881098
45023,2021-03-28,0,2021-03-21,spatial,38.95954261053861,3.6795242818203135,32.27486746837627,47.028727907545935
45023,2021-04-04,1,2021-03-21,spatial,38.95714568290411,4.587130153378045,30.843632665923575,49.204943405895996
45023,2021-04-11,2,2021-03-21,spatial,39.21603715760472,4.768269783161139,30.88623554655154,49.792327978225906
45023,2021-04-18,3,2021-03-21,spatial,42.60550796958294,2.1559821583315633,38.51177676984158,47.13439528367058
45025,2021-03-28,0,2021-03-21,spatial,73.90401239714717,8.464191116740217,58.84651699067949,92.81438099833099
45025,2021-04-04,1,2021-03-21,spatial,74.6523575367503,4.5605781936171015,66.06619867489945,84.35439903570752
45025,2021-04-11,2,2021-03-21,spatial,74.01237092082317,8.281794088587581,59.32555439409976,92.33510087292689
45025,2021-04-18,3,2021-03-21,spatial,73.80953688742552,10.313567469262912,55.976949714448004,97.32305463815054
45027,2021-03-28,0,2021-03-21,spatial,65.35451454970833,2.32432359296605,60.86815318151184,70.17154864697586
45027,2021-04-04,1,2021-03-21,spatial,64.13830407638146,7.108237167561756,51.523121474514724,79.84225202328189
45027,2021-04-11,2,2021-03-21,spatial,64.0301865483012,6.932562396835222,51.69851879942461,79.30333179015341
45027,2021-04-18,3,2021-03-21,spatial,64.08820308040771,7.412115557310583,50.95875037345842,80.60044141535397
45029,2021-03-28,0,2021-03-21,spatial,29.087003957006317,3.626620666033953,22.752318835403965,37.185387797853416
45029,2021-04-04,1,2021-03-21,spatial,28.893620192934147,4.138692605558573,21.84428190722269,38.21784077862024
45029,2021-04-11,2,2021-03-21,spatial,28.839414504068085,3.8085731352650334,22.20892177485825,37.44944654985446
45029,2021-04-18,3,2021-03-21,spatial,28.932659357115178,4.33953719168287,21.528394417430825,38.883474598416576
45031,2021-03-28,0,2021-03-21,spatial,46.86782554478618,5.9879876863642565,36.386164644876146,60.36890924709847
45031,2021-04-04,1,2021-03-21,spatial,46.7894805347166,5.748252941557361,36.7124067242631,59.63257884865808
45031,2021-04-11,2,2021-03-21,spatial,47.0324758892241,5.867243447118688,36.77173444642752,60.15636253147566
45031,2021-04-18,3,2021-03-21,spatial,46.901805225085496,5.702975728606776,36.78634129859432,59.79880726697643
45033,2021-03-28,0,2021-03-21,spatial,57.945701553397434,7.340149890355259,45.164316226602296,74.34418605318507
45033,2021-04-04,1,2021-03-21,spatial,57.71040892972509,8.227945805956049,43.51897832819722,76.52962975645433
45033,2021-04-11,2,2021-03-21,spatial,58.53127084285215,6.841697661157276,46.43358452121435,73.78085714907716
45033,2021-04-18,3,2021-03-21,spatial,57.92930207507865,8.347831280627291,43.527220573961905,77.09667639364876
45035,2021-03-28,0,2021-03-21,spatial,305.39369115738583,39.04325504307084,237.49044042098217,392.71183477283563
45035,2021-04-04,1,2021-03-21,spatial,305.0343593247824,35.43337322514048,241.9971308821901,384.4919980228089
45035,2021-04-11,2,2021-03-21,spatial,306.217116049492,33.448236777850646,246.5276463803034,380.35864755312826
45035,2021-04-18,3,2021-03-21,spatial,303.7895929015443,41.50364856256457,232.1543199888876,397.52918127779617
45037,2021-03-28,0,2021-03-21,spatial,27.9451044607414,3.0617003605347137,22.487327823873386,34.72750828547469
45037,2021-04-04,1,2021-03-21,spatial,28.053587346262702,3.3226821682992065,22.17480109200653,35.490905182373275
45037,2021-04-11,2,2021-03-21,spatial,28.18695908726335,3.2676897865872063,22.405893526018463,35.45962858675789
45037,2021-04-18,3,2021-03-21,spatial,28.033765279117198,3.3969513067906933,22.000748870417624,35.721147509726514
45039,2021-03-28,0,2021-03-21,spatial,38.8820810167882,3.90039363902173,31.89492270958291,47.399902422144834
45039,2021-04-04,1,2021-03-21,spatial,38.88335331323263,5.090932735623387,30.079105537178172,50.26463180605329
45039,2021-04-11,2,2021-03-21,spatial,34.683676487801044,1.3152596019611993,32.15150054677544,37.41528060129967
45039,2021-04-18,3,2021-03-21,spatial,39.15235810786894,5.119295663661617,30.23538169575664,50.69911671139726
45041,2021-03-28,0,2021-03-21,spatial,99.54613480879058,11.38277959725893,79.35676331184617,124.871939603044
45041,2021-04-04,1,2021-03-21,spatial,98.81891672109114,11.541777751449946,78.33351129568044,124.661567449338
45041,2021-04-11,2,2021-03-21,spatial,98.94648807402143,12.070860384838285,77.8372883089682,125.78042882635269
45041,2021-04-18,3,2021-03-21,spatial,102.32894734000685,9.465527156307036,85.13765613173389,122.99156377422158
45043,2021-03-28,0,2021-03-21,spatial,53.29451820955819,6.810346260965482,41.31123342202147,68.75383366488562
45043,2021-04-04,1,2021-03-21,spatial,53.02337115625462,6.379215289099271,41.82167636395617,67.22537528880585
45043,2021-04-11,2,2021-03-21,spatial,52.887938412404736,6.06601037504525,42.13400594152881,66.38661496834696
45043,2021-04-18,3,2021-03-21,spatial,52.96236448771722,6.545397047030221,41.471131697484225,67.6377021150829
45045,2021-03-28,0,2021-03-21,spatial,1482.5883904590366,151.31772406928758,1210.2652666442807,1816.1872410157907
45045,2021-04-04,1,2021-03-21,spatial,1556.1845460052696,54.16577676155352,1451.604456185307,1668.2990541305414
45045,2021-04-11,2,2021-03-21,spatial,1491.208560711797,206.0610320761863,1137.109616099393,1955.574854048001
45045,2021-04-18,3,2021-03-21,spatial,1489.3034127420885,218.34040385907832,1116.76088029625,1986.1231659698199
45047,2021-03-28,0,2021-03-21,spatial,163.67891033220332,5.663155083364372,152.76415849731782,175.3735035172391
45047,2021-04-04,1,2021-03-21,spatial,163.58356935242458,5.762526718224733,152.44360562254573,175.53759669222805
45047,2021-04-11,2,2021-03-21,spatial,147.78191950567904,11.86650537476716,126.00424870636274,173.323486763349
45047,2021-04-18,3,2021-03-21,spatial,139.69231055068258,10.688480124071097,119.87805425762188,162.78160125165394
45049,2021-03-28,0,2021-03-21,spatial,26.967983118924927,2.588081723382353,22.297324480429467,32.61701259902065
45049,2021-04-04,1,2021-03-21,spatial,27.235037553459055,2.770011115168111,22.26164067473284,33.319523990889614
45049,2021-04-11,2,2021-03-21,spatial,27.27860889848501,2.6602666656377583,22.470769170205244,33.11513272198813
45049,2021-04-18,3,2021-03-21,spatial,27.13825395650524,4.190092584096963,20.0763828814956,36.68413937684912
45051,2021-03-28,0,2021-03-21,spatial,507.92431294735604,53.767628890104895,411.6217888996337,626.7576562764248
45051,2021-04-04,1,2021-03-21,spatial,507.3668947050628,60.291380904933796,401.3292254761584,641.4214303412367
45051,2021-04-11,2,2021-03-21,spatial,507.2290155456262,69.18650527798428,387.9772271327827,663.1349889083368
45051,2021-04-18,3,2021-03-21,spatial,466.1412833845831,17.956744934557506,431.6789184240502,503.3548936526442
45053,2021-03-28,0,2021-03-21,spatial,15.948864206457026,1.8705123390389613,12.645430809939713,20.115271144108913
45053,2021-04-04,1,2021-03-21,spatial,15.982366256309884,1.974774088380808,12.534076874933472,20.379325394251552
45053,2021-04-11,2,2021-03-21,spatial,16.033699452448396,1.8894477775228602,12.67674272806773,20.279619429543292
45053,2021-04-18,3,2021-03-21,spatial,16.062911454503002,2.197132121722096,12.258999191005822,21.04716056955985
45055,2021-03-28,0,2021-03-21,spatial,71.7424949605588,7.664904859115581,58.08421143507232,88.61247240860297
45055,2021-04-04,1,2021-03-21,spatial,78.63126692966364,2.617085437622794,73.57955837809277,84.02980767012696
45055,2021-04-11,2,2021-03-21,spatial,71.92678043682123,7.452790400430549,58.58521190223098,88.30661486110762
45055,2021-04-18,3,2021-03-21,spatial,72.15775798213066,10.147472254374339,54.70995398807626,95.1699216954655
45057,2021-03-28,0,2021-03-21,spatial,97.72723178018565,10.311016399331573,79.23499557616546,120.53527310716512
45057,2021-04-04,1,2021-03-21,spatial,97.10633638473736,14.238948348872395,72.5345778479,130.00200519315177
45057,2021-04-11,2,2021-03-21,spatial,98.65263803457802,12.231267845045405,77.12021915093851,126.19703494531672
45057,2021-04-18,3,2021-03-21,spatial,97.7176130137907,11.987408421187197,76.63489308064744,124.60031598222835
45059,2021-03-28,0,2021-03-21,spatial,139.5686232022952,4.915360463579576,130.08203893664134,149.74704226516644
45059,2021-04-04,1,2021-03-21,spatial,139.81286225088888,4.905381693457299,130.33666239405918,149.9780345125443
45059,2021-04-11,2,2021-03-21,spatial,128.45612306428993,19.14999727960218,96.07426237961036,171.75230018950387
45059,2021-04-18,3,2021-03-21,spatial,127.76462483172985,15.23961222569774,100.82534998347826,161.90173761923543
45061,2021-03-28,0,2021-03-21,spatial,10.019499712411028,1.11442208582666,8.025123418308334,12.509511599282865
45061,2021-04-04,1,2021-03-21,spatial,10.038072379211435,1.238951585453175,7.859309051128383,12.820834049759213
45061,2021-04-11,2,2021-03-21,spatial,10.000872426748773,1.3545596518083132,7.6587318534390905,13.05927028261107
45061,2021-04-18,3,2021-03-21,spatial,9.990446435876892,1.462768811244011,7.511768483782422,13.28702025409976
45063,2021-03-28,0,2021-03-21,spatial,440.7582362145508,30.66461820051093,383.5853254902212,506.45269743488745
45063,2021-04-04,1,2021-03-21,spatial,410.22061774486235,52.6329147135438,318.3449248721261,528.6120244906439
45063,2021-04-11,2,2021-03-21,spatial,407.9889103298596,57.237613806369794,308.5223950444052,539.5230739350012
45063,2021-04-18,3,2021-03-21,spatial,409.7926210271658,50.30783317898307,321.75112728200315,521.9251092199897
45065,2021-03-28,0,2021-03-21,spatial,12.981925441356696,1.6103634192052032,10.133644589424016,16.63077747376606
45065,2021-04-04,1,2021-03-21,spatial,13.068243180512154,1.4534742099650595,10.479871829699082,16.295903480520543
45065,2021-04-11,2,2021-03-21,spatial,12.965889189186488,1.5373887540092481,10.234804992665847,16.425743586392894
45065,2021-04-18,3,2021-03-21,spatial,12.913875464796783,1.6975060464636589,9.962968664965773,16.738803977845613
45067,2021-03-28,0,2021-03-21,spatial,65.4565190888257,6.9522676492646625,53.05320628101223,80.75960326566063
45067,2021-04-04,1,2021-03-21,spatial,58.59549543315324,2.01272224006603,54.70601655620842,62.76150780470293
45067,2021-04-11,2,2021-03-21,spatial,66.13871802905854,7.459400155213808,52.77414308088548,82.88775084084075
45067,2021-04-18,3,2021-03-21,spatial,65.87951827336889,8.984899210182686,50.297916753107565,86.28808523492171
45069,2021-03-28,0,2021-03-21,spatial,15.06881304995346,1.885462651702725,11.777200616384391,19.280398978561173
45069,2021-04-04,1,2021-03-21,spatial,15.00284100210508,1.5887813594238696,12.158808785814786,18.512112666583224
45069,2021-04-11,2,2021-03-21,spatial,15.037051878389404,1.7780290505818774,11.902095703099992,18.99774080412422
45069,2021-04-18,3,2021-03-21,spatial,14.993912025414057,1.9896057105005007,11.549847158341615,19.46496734924211
45071,2021-03-28,0,2021-03-21,spatial,65.1830723769979,7.5300903542067505,51.993841923917465,81.71800288815467
45071,2021-04-04,1,2021-03-21,spatial,66.88815643383342,4.42986494744004,58.602872168355255,76.34481563060459
45071,2021-04-11,2,2021-03-21,spatial,64.94455935633556,8.486916733167,50.08444834480812,84.21368167921172
45071,2021-04-18,3,2021-03-21,spatial,65.1712431309256,9.369034855003195,49.16419420155817,86.38992258914324
45073,2021-03-28,0,2021-03-21,spatial,119.52994014854491,12.3237887368819,97.3862045033293,146.70873215339537
45073,2021-04-04,1,2021-03-21,spatial,120.08268352243964,14.267356850415867,94.82905289672607,152.06153010569858
45073,2021-04-11,2,2021-03-21,spatial,118.61353375447908,12.40801204513833,96.35394747394173,146.0155059400121
45073,2021-04-18,3,2021-03-21,spatial,118.89932632118257,13.2777016983981,95.41000342868901,148.17156788174026
45075,2021-03-28,0,2021-03-21,spatial,88.62179770173255,7.970288687936501,74.08995835692784,106.00387963576756
45075,2021-04-04,1,2021-03-21,spatial,87.87186723704404,7.109602018615697,74.73737825216078,103.3146362944763
45075,2021-04-11,2,2021-03-21,spatial,88.07175237010884,11.894833497696233,67.59492393440111,114.75171675715407
45075,2021-04-18,3,2021-03-21,spatial,88.23683525792748,12.389076738560592,66.75385713329874,116.63354644492719
45077,2021-03-28,0,2021-03-21,spatial,258.65440728019746,26.50782944212786,210.99058866620808,317.08571850714605
45077,2021-04-04,1,2021-03-21,spatial,256.70729689957824,21.828590651463784,216.98621016410232,303.6996509209061
45077,2021-04-11,2,2021-03-21,spatial,258.7326840102236,35.49423489849947,196.94554068351277,339.90412548974405
45077,2021-04-18,3,2021-03-21,spatial,259.1688045178196,32.56271632437844,201.8765203109929,332.72056171625115
45079,2021-03-28,0,2021-03-21,spatial,520.3232955875758,60.652431313861456,412.60854865425216,656.1578348634285
45079,2021-04-04,1,2021-03-21,spatial,520.6315412381425,31.154628268838852,462.11302738100375,586.5603990179701
45079,2021-04-11,2,2021-03-21,spatial,518.51984245646,64.57780391809368,404.96496795479914,663.9162601617472
45079,2021-04-18,3,2021-03-21,spatial,516.6941403238901,71.03410145654843,394.5636374844554,676.6280753774777
45081,2021-03-28,0,2021-03-21,spatial,24.048331847778982,2.6675160368833604,19.300209700675712,29.964558604803834
45081,2021-04-04,1,2021-03-21,spatial,23.93456117052701,2.6339244233356136,19.24151240250981,29.77225523867741
45081,2021-04-11,2,2021-03-21,spatial,23.971773050131265,3.6089224077461473,17.763831571658915,32.349209169704764
45081,2021-04-18,3,2021-03-21,spatial,23.973799396696453,3.2874184122656267,18.28289133327622,31.43611407168233
45083,2021-03-28,0,2021-03-21,spatial,693.7515905857824,79.66868618582127,552.9162334004575,870.4596471699559
45083,2021-04-04,1,2021-03-21,spatial,637.82767049579,21.74218669266889,595.8263081541751,682.7898192518495
45083,2021-04-11,2,2021-03-21,spatial,693.8818784362312,77.12002012528717,556.6945487468491,864.876550894945
45083,2021-04-18,3,2021-03-21,spatial,688.7619290728733,99.94675826788591,517.1304407587505,917.3565459502652
45085,2021-03-28,0,2021-03-21,spatial,87.28144994202542,6.403483367591276,75.45736812930065,100.95835162085571
45085,2021-04-04,1,2021-03-21,spatial,88.82999922519693,8.155169757183009,74.01945955626115,106.60397697649799
45085,2021-04-11,2,2021-03-21,spatial,88.71680915308407,9.083972293048301,72.37292636469628,108.75160949888128
45085,2021-04-18,3,2021-03-21,spatial,89.23304206744824,10.819008684950424,70.18872369325436,113.44465859515611
45087,2021-03-28,0,2021-03-21,spatial,56.730016274304504,2.551473603989632,51.83805627666873,62.08363078480907
45087,2021-04-04,1,2021-03-21,spatial,59.46426690458373,3.468705701224947,52.940538307021,66.79189807238181
45087,2021-04-11,2,2021-03-21,spatial,69.91623694379467,9.048649812119018,54.112591221789906,90.33535593121701
45087,2021-04-18,3,2021-03-21,spatial,63.75554818812435,3.995442468782832,56.23146658105112,72.28639357839536
45089,2021-03-28,0,2021-03-21,spatial,14.999082122434066,1.9785043565243363,11.59053349794984,19.41001805959275
45089,2021-04-04,1,2021-03-21,spatial,14.970684388100905,1.8595600839080144,11.742220706717205,19.08679768895148
45089,2021-04-11,2,2021-03-21,spatial,14.99366725959858,1.9970623412140776,11.532810839506269,19.49308464519849
45089,2021-04-18,3,2021-03-21,spatial,15.09651852130666,2.0335099080306205,11.578454298464925,19.683531634647533
45091,2021-03-28,0,2021-03-21,spatial,419.39155304970114,19.367787546027074,382.45326455516283,459.89743341325584
45091,2021-04-04,1,2021-03-21,spatial,410.5974104522001,43.85934674928072,332.49759705564185,507.0419604922429
45091,2021-04-11,2,2021-03-21,spatial,412.6578365497305,44.06369500218678,334.15518153394373,509.60302121966726
45091,2021-04-18,3,2021-03-21,spatial,415.81009112440375,53.630894711379995,322.0686163380604,536.8360129178249
46003,2021-03-28,0,2021-03-21,spatial,1.9990839455217917,0.024159982919582858,1.95136165537994,2.047973326843334
46003,2021-04-04,1,2021-03-21,spatial,2.0002251711618504,0.024785020780989736,1.9513079141370324,2.0503687328705653
46003,2021-04-11,2,2021-03-21,spatial,1.9987054040175063,0.024539008060748033,1.950259445056076,2.048354798217075
46003,2021-04-18,3,2021-03-21,spatial,1.999005472450556,0.1219056484700143,1.769879678559375,2.2577935253428665
46005,2021-03-28,0,2021-03-21,spatial,16.965547177790793,1.285046773164244,14.594498482040413,19.721800745400092
46005,2021-04-04,1,2021-03-21,spatial,16.967132860229338,0.8394736402840526,15.366789506950614,18.734140749859336
46005,2021-04-11,2,2021-03-21,spatial,17.085504499930202,1.2761411561633178,14.73577275836112,19.80991895056892
46005,2021-04-18,3,2021-03-21,spatial,17.002531133002353,1.3943245053946756,14.435356698268519,20.026250197432894
46007,2021-03-28,0,2021-03-21,spatial,1.0016745246095111,0.06210194702687096,0.8854344390650829,1.1331746417172506
46007,2021-04-04,1,2021-03-21,spatial,1.0022614384057438,0.05090778480568135,0.9055089762841428,1.1093517758789575
46007,2021-04-11,2,2021-03-21,spatial,0.9993435380681231,0.012189760507863868,0.9752829125496332,1.0239977489892604
46007,2021-04-18,3,2021-03-21,spatial,0.9996388891363736,0.012314400353222343,0.9753277093607464,1.0245560533994813
46009,2021-03-28,0,2021-03-21,spatial,3.0029403541437087,0.06575702172488078,2.874424325698308,3.1372023573290666
46009,2021-04-04,1,2021-03-21,spatial,3.0004973288494337,0.08036345442916204,2.8439221938340515,3.165692873016037
46009,2021-04-11,2,2021-03-21,spatial,3.0027054628765715,0.104461281847488,2.8010923963014456,3.218829949591745
46009,2021-04-18,3,2021-03-21,spatial,3.008162668386491,0.16158075532120272,2.7021951618484534,3.3487746433844108
46011,2021-03-28,0,2021-03-21,spatial,83.99895357781183,2.557861039018673,79.04452245457331,89.26392345810366
46011,2021-04-04,1,2021-03-21,spatial,84.01551725810697,4.0303117112628914,76.32587256735012,92.4798748146474
46011,2021-04-11,2,2021-03-21,spatial,84.06926541708481,4.990443005404615,74.67747927587679,94.6422061416758
46011,2021-04-18,3,2021-03-21,spatial,84.01909844946223,4.221347907226349,75.99706754958305,92.8879117559998
46013,2021-03-28,0,2021-03-21,spatial,37.98096302248939,1.749015633271647,34.6482322134481,41.63426125837972
46013,2021-04-04,1,2021-03-21,spatial,37.934529442062214,2.810818793540637,32.749709153086755,43.94019248427593
46013,2021-04-11,2,2021-03-21,spatial,37.94961233940591,1.6698284579575302,34.75806549015451,41.43421264682091
46013,2021-04-18,3,2021-03-21,spatial,37.97581411552608,0.9464055700971108,36.13103126744074,39.914788123874715
46015,2021-03-28,0,2021-03-21,spatial,0.998895422959726,0.07846147703420887,0.8545474126511758,1.1676263379164735
46015,2021-04-04,1,2021-03-21,spatial,0.9974571298497548,0.07082593336695008,0.8661193236082001,1.1487109209656376
46015,2021-04-11,2,2021-03-21,spatial,1.0001615856753214,0.051465443689587935,0.9026269922141308,1.1082354129547969
46015,2021-04-18,3,2021-03-21,spatial,0.9967862732445704,0.05181642325067939,0.8983527373958802,1.1060052840813617
46017,2021-03-28,0,2021-03-21,spatial,1.000045288558871,0.010134546574161176,0.9799940007297332,1.020506838229722
46017,2021-04-04,1,2021-03-21,spatial,0.9996257446811064,0.010230593739579165,0.9793783773278518,1.0202916998797005
46017,2021-04-11,2,2021-03-21,spatial,0.999891570093398,0.009886446016582116,0.980313270075769,1.0198608776014704
46017,2021-04-18,3,2021-03-21,spatial,0.9999504932934714,0.010144493474458166,0.979861730154572,1.0204511088315733
46019,2021-03-28,0,2021-03-21,spatial,1.0028840864650967,0.08063258695662548,0.8547850692971617,1.1766425584760405
46019,2021-04-04,1,2021-03-21,spatial,0.9984257085702072,0.043855830725555885,0.9146487711752984,1.0898761655285352
46019,2021-04-11,2,2021-03-21,spatial,1.0001338879414874,0.0401071816048984,0.9231294931348488,1.0835617334813483
46019,2021-04-18,3,2021-03-21,spatial,1.2615630352006608,0.02181088571432285,1.2186844711940923,1.3059502516063728
46021,2021-03-28,0,2021-03-21,spatial,0.9990186871914968,0.06141111631981092,0.8837205142007137,1.1293597028926092
46021,2021-04-04,1,2021-03-21,spatial,0.9987616773339396,0.054762972767062094,0.8951095477070933,1.1144165433897537
46021,2021-04-11,2,2021-03-21,spatial,1.0006484773879702,0.05832053445694649,0.8907605970729775,1.124092577275092
46021,2021-04-18,3,2021-03-21,spatial,1.0054998759571727,0.05775359938836376,0.8963131721014783,1.1279874401259202
46023,2021-03-28,0,2021-03-21,spatial,14.002952972848488,0.8057820297794571,12.484951253594275,15.705523231687136
46023,2021-04-04,1,2021-03-21,spatial,14.0724779096174,0.8725790335940877,12.433445029001303,15.927575507411607
46023,2021-04-11,2,2021-03-21,spatial,14.045485982448625,0.6292194589804619,12.844608965924245,15.358636219017482
46023,2021-04-18,3,2021-03-21,spatial,14.025950273818,0.8645143949229058,12.404165488850383,15.859775593968461
46025,2021-03-28,0,2021-03-21,spatial,19.00207384677698,0.9522806645073372,17.190603730301646,21.00442870670661
46025,2021-04-04,1,2021-03-21,spatial,19.074041187915828,1.0092715286459435,17.165708927214293,21.194525013849887
46025,2021-04-11,2,2021-03-21,spatial,18.958384545343307,1.007257564534598,17.042999242306895,21.089031305998105
46025,2021-04-18,3,2021-03-21,spatial,18.95274759181359,1.020664573883581,17.025538863872573,21.098107035027013
46027,2021-03-28,0,2021-03-21,spatial,17.98437191754195,0.9098814496090032,16.25376277773434,19.899246573940488
46027,2021-04-04,1,2021-03-21,spatial,17.985643587515547,0.6874825201108065,16.663724081521686,19.41242987909576
46027,2021-04-11,2,2021-03-21,spatial,17.995961950920673,0.6005694384547332,16.834004781425033,19.238122523069038
46027,2021-04-18,3,2021-03-21,spatial,17.994883824476485,0.7885585163991085,16.488355846005376,19.63906206784445
46029,2021-03-28,0,2021-03-21,spatial,57.02779760772474,2.6464119149384158,51.98822816815075,62.555886487779475
46029,2021-04-04,1,2021-03-21,spatial,57.10123438847224,2.138030493743676,52.98758688675521,61.534241513124144
46029,2021-04-11,2,2021-03-21,spatial,56.97903671738056,2.2358711066792982,52.68756348260608,61.62005624557713
46029,2021-04-18,3,2021-03-21,spatial,56.9711258456684,2.4705023023786556,52.2506771817709,62.11803090765192
46031,2021-03-28,0,2021-03-21,spatial,1.0012181619516842,0.06331330460058153,0.8827580843875915,1.135574769068634
46031,2021-04-04,1,2021-03-21,spatial,0.9989339108160312,0.0779232203177759,0.8549632433735509,1.1671483726490697
46031,2021-04-11,2,2021-03-21,spatial,1.0020168627390418,0.055327597703361334,0.8974465810838256,1.11877165101107
46031,2021-04-18,3,2021-03-21,spatial,1.003440993711611,0.05476380236471201,0.8999323839401036,1.118854978251301
46033,2021-03-28,0,2021-03-21,spatial,3.9903861382003813,0.24548524849403425,3.5290291434984424,4.512057249874841
46033,2021-04-04,1,2021-03-21,spatial,3.9997841347353313,0.15336189445348405,3.705217837258752,4.317768570475342
46033,2021-04-11,2,2021-03-21,spatial,3.995803948214997,0.17940543401646894,3.65169869260523,4.372334778031651
46033,2021-04-18,3,2021-03-21,spatial,3.994794894134928,0.20022785624044867,3.6153699316316974,4.4140396551354035
46035,2021-03-28,0,2021-03-21,spatial,55.98565456733913,3.092850069059097,50.1180365810805,62.54022964891347
46035,2021-04-04,1,2021-03-21,spatial,55.961304886608296,3.931711751022435,48.62112640671168,64.40960701765299
46035,2021-04-11,2,2021-03-21,spatial,56.12533899604104,4.102923011608064,48.51546049830248,64.92886278036553
46035,2021-04-18,3,2021-03-21,spatial,55.87918463726796,3.633884610388249,49.10328566324574,63.590108758507995
46037,2021-03-28,0,2021-03-21,spatial,3.00248387402944,0.17586498392236086,2.6728843082532925,3.372727127010596
46037,2021-04-04,1,2021-03-21,spatial,3.0009357035992728,0.16690780652317422,2.6852924971106518,3.353681249557288
46037,2021-04-11,2,2021-03-21,spatial,2.99786632184007,0.1384563732878983,2.733715486213008,3.2875412708265417
46037,2021-04-18,3,2021-03-21,spatial,2.9924021960671827,0.2397791432802828,2.5514208729362267,3.5096016490304516
46039,2021-03-28,0,2021-03-21,spatial,3.0039669270776344,0.2107071656575729,2.6129536503186355,3.453493060573746
46039,2021-04-04,1,2021-03-21,spatial,2.63711556151439,0.05739990908346008,2.5248126086093614,2.754413718098371
46039,2021-04-11,2,2021-03-21,spatial,2.999847721531724,0.08776605918435093,2.8296033076378397,3.1803349706611463
46039,2021-04-18,3,2021-03-21,spatial,3.002487879016233,0.1472252712100233,2.722781556532938,3.3109279156123668
46041,2021-03-28,0,2021-03-21,spatial,0.9999160485416316,0.048320210083218365,0.9078960867573114,1.1012627091522802
46041,2021-04-04,1,2021-03-21,spatial,1.0028479672635535,0.08119271779880605,0.8543316363234251,1.177182258838781
46041,2021-04-11,2,2021-03-21,spatial,0.9989145390329398,0.0426301398604346,0.9172260239180412,1.0878782658488455
46041,2021-04-18,3,2021-03-21,spatial,0.9991828604173034,0.04790147980668639,0.9078523332520247,1.0997012972092597
46043,2021-03-28,0,2021-03-21,spatial,6.006622536971769,0.3312635809532725,5.380003174066506,6.7062254675932245
46043,2021-04-04,1,2021-03-21,spatial,5.9964670580090935,0.33540826932887,5.363089156754159,6.704646543588406
46043,2021-04-11,2,2021-03-21,spatial,5.999096922292538,0.3562522658573883,5.328512330420349,6.754073492069922
46043,2021-04-18,3,2021-03-21,spatial,6.008108397313791,0.3029668597345729,5.433141870371233,6.643921210805055
46045,2021-03-28,0,2021-03-21,spatial,2.000899068836384,0.08154069279910565,1.8442040345954909,2.170907886853452
46045,2021-04-04,1,2021-03-21,spatial,2.0056642246573406,0.12970186936632766,1.7632769175443714,2.2813710892742423
46045,2021-04-11,2,2021-03-21,spatial,2.0034522012030216,0.1097666912292828,1.7961986551796676,2.2346196011953605
46045,2021-04-18,3,2021-03-21,spatial,1.9968854157196316,0.12718647755401205,1.7579826031663115,2.2682541660718174
46047,2021-03-28,0,2021-03-21,spatial,6.017182152886207,0.4059939342031241,5.260075815488917,6.883262205916883
46047,2021-04-04,1,2021-03-21,spatial,5.996605600693116,0.3089091784820889,5.41221308719478,6.6440988466147415
46047,2021-04-11,2,2021-03-21,spatial,6.019051361491169,0.3428361916829425,5.3710479308620895,6.745234777015608
46047,2021-04-18,3,2021-03-21,spatial,5.983043186045662,0.35053051122912976,5.321526214152388,6.7267930900889406
46049,2021-03-28,0,2021-03-21,spatial,1.0010263619544482,0.04917368364582274,0.907402972002276,1.1043095606317284
46049,2021-04-04,1,2021-03-21,spatial,1.0018513742550048,0.07732865795518727,0.8593718930278804,1.1679532275138986
46049,2021-04-11,2,2021-03-21,spatial,1.0013375875358208,0.048528872931255684,0.9088231401726596,1.1032696240784183
46049,2021-04-18,3,2021-03-21,spatial,0.9997077819084648,0.057299589606453774,0.8915076666770375,1.1210398817247595
46051,2021-03-28,0,2021-03-21,spatial,14.012861920559747,0.5045956174542142,13.041354296204064,15.056741404673573
46051,2021-04-04,1,2021-03-21,spatial,14.050973043416308,0.9671985339743768,12.253811198466856,16.111709268991618
46051,2021-04-11,2,2021-03-21,spatial,13.990445149806723,0.8923530595628125,12.324154436025989,15.882027161034653
46051,2021-04-18,3,2021-03-21,spatial,13.999140136628599,0.6388874425224924,12.775653110455881,15.339796945846524
46053,2021-03-28,0,2021-03-21,spatial,5.001086048475181,0.1557040514907052,4.699718123447298,5.32177909553166
46053,2021-04-04,1,2021-03-21,spatial,5.001053888429191,0.2759754920687462,4.479794221314492,5.582966261256968
46053,2021-04-11,2,2021-03-21,spatial,5.499018244142278,0.05624849186849108,5.387698343723403,5.612638221410059
46053,2021-04-18,3,2021-03-21,spatial,5.00325018432854,0.29443361836323745,4.448154128881685,5.627618036984933
46055,2021-03-28,0,2021-03-21,spatial,1.0002334171391858,0.05110516577004296,0.9033300715300016,1.1075319202729594
46055,2021-04-04,1,2021-03-21,spatial,0.997540533504403,0.0524697777735703,0.8982044581568862,1.1078625884647306
46055,2021-04-11,2,2021-03-21,spatial,1.0014729241494842,0.059584573345359375,0.8894475300152805,1.1276078508951373
46055,2021-04-18,3,2021-03-21,spatial,1.000308830511381,0.06410771170524401,0.8801998699313355,1.1368074349716786
46057,2021-03-28,0,2021-03-21,spatial,5.002200774170023,0.16137187966083788,4.689790954935077,5.335421733196116
46057,2021-04-04,1,2021-03-21,spatial,4.997793067297822,0.3659253188603465,4.322314582047548,5.778833323995992
46057,2021-04-11,2,2021-03-21,spatial,4.992827957077835,0.27097622620868544,4.478350953244009,5.56640854395758
46057,2021-04-18,3,2021-03-21,spatial,4.995974092044731,0.14468379402865547,4.715195660642042,5.293472196015626
46059,2021-03-28,0,2021-03-21,spatial,0.9993774796657556,0.045936722754435735,0.9114710863211208,1.095761963107633
46059,2021-04-04,1,2021-03-21,spatial,1.0009843376966852,0.04718781352433248,0.9110771679542586,1.0997637516961418
46059,2021-04-11,2,2021-03-21,spatial,0.9980600751677078,0.051815248128726135,0.8996973271935437,1.1071766954682567
46059,2021-04-18,3,2021-03-21,spatial,1.0016494961937783,0.04247409438498771,0.9200905869174036,1.0904379715334669
46061,2021-03-28,0,2021-03-21,spatial,1.9979732027180401,0.04943501441027126,1.9015850062616748,2.099247157310653
46061,2021-04-04,1,2021-03-21,spatial,1.9972837576769984,0.1411487814352087,1.7344209730819935,2.2999851077629736
46061,2021-04-11,2,2021-03-21,spatial,2.001317186116695,0.06353420528712297,1.8782915199132344,2.1324008744026406
46061,2021-04-18,3,2021-03-21,spatial,1.9963163765268248,0.07454510474272533,1.8527463049947848,2.1510117518223355
46063,2021-03-28,0,2021-03-21,spatial,0.9997540240734096,0.009987362056175291,0.979973001168878,1.0199343323324184
46063,2021-04-04,1,2021-03-21,spatial,0.9996752985178304,0.00976506054501524,0.9803483711102898,1.019383243667659
46063,2021-04-11,2,2021-03-21,spatial,1.0004400720451423,0.009970267524246727,0.9806971445311484,1.0205804547663802
46063,2021-04-18,3,2021-03-21,spatial,1.0001699139135125,0.010012221819346684,0.9803279324519358,1.0204134999966532
46065,2021-03-28,0,2021-03-21,spatial,11.976882129052322,0.7574677652240185,10.555641956336368,13.589481921287124
46065,2021-04-04,1,2021-03-21,spatial,12.000335226632016,0.3898354998294615,11.245804855320372,12.805490349889471
46065,2021-04-11,2,2021-03-21,spatial,11.957663819194458,0.2615921247570057,11.445634735882635,12.492598908875262
46065,2021-04-18,3,2021-03-21,spatial,12.017215648744427,1.0466066228322295,10.107106635172523,14.288309915111814
46067,2021-03-28,0,2021-03-21,spatial,22.958779684371038,1.2406103587862691,20.621011151661442,25.561577010883838
46067,2021-04-04,1,2021-03-21,spatial,23.022003957525264,0.9034870220923871,21.28778648270711,24.89750010649809
46067,2021-04-11,2,2021-03-21,spatial,22.99889597816907,0.93296057604197,21.206564922151948,24.942710814145645
46067,2021-04-18,3,2021-03-21,spatial,23.02097375140123,0.8757694705547997,21.338702941546718,24.835869073881486
46069,2021-03-28,0,2021-03-21,spatial,1.0002578173556789,0.03159674343651915,0.9391319580267846,1.0653622130838094
46069,2021-04-04,1,2021-03-21,spatial,0.9989743391587621,0.06089335814042408,0.8850737727953264,1.1275328237846922
46069,2021-04-11,2,2021-03-21,spatial,0.9417830610790928,0.04261239751967949,0.8604791055737652,1.0307691707912958
46069,2021-04-18,3,2021-03-21,spatial,0.9987122388380456,0.06082637129591791,0.8839647467529921,1.128355106545459
46071,2021-03-28,0,2021-03-21,spatial,1.0016763217189348,0.044345816644415136,0.9168974020211582,1.0942941394322128
46071,2021-04-04,1,2021-03-21,spatial,0.9992420128832228,0.049631165226045985,0.904813626121824,1.1035251586457415
46071,2021-04-11,2,2021-03-21,spatial,1.000498445611983,0.03785929895065775,0.9276344215773176,1.079085808361804
46071,2021-04-18,3,2021-03-21,spatial,0.8645364359541905,0.018137757881992646,0.8290115714124471,0.901583614591694
46073,2021-03-28,0,2021-03-21,spatial,1.0014186994983791,0.07159785822478887,0.8682791580146064,1.1549734926243096
46073,2021-04-04,1,2021-03-21,spatial,1.0001778526528011,0.047132533112650206,0.9103732244711914,1.098841343360296
46073,2021-04-11,2,2021-03-21,spatial,1.0010724672310094,0.03796788678307298,0.9281192841393701,1.0797600069017574
46073,2021-04-18,3,2021-03-21,spatial,0.9991635772770272,0.033984946895463636,0.9334360193654486,1.0695193172807826
46075,2021-03-28,0,2021-03-21,spatial,3.003274031637475,0.17232377446694874,2.678533535399238,3.3673854704095114
46075,2021-04-04,1,2021-03-21,spatial,3.0063994038642234,0.15384591084451715,2.7140794098507874,3.330203730498833
46075,2021-04-11,2,2021-03-21,spatial,3.0000834788081003,0.1485885979526116,2.718743492646807,3.3105369830439435
46075,2021-04-18,3,2021-03-21,spatial,2.986875394686081,0.2229550253078648,2.5738448684948847,3.4661858345014185
46077,2021-03-28,0,2021-03-21,spatial,32.94031346206908,1.4386383788461878,30.188579240025025,35.94287238071658
46077,2021-04-04,1,2021-03-21,spatial,32.934492255934124,1.755849436980076,29.617720553433884,36.62269613893114
46077,2021-04-11,2,2021-03-21,spatial,29.98543968389565,0.6082762898764369,28.793065429482635,31.22719236819725
46077,2021-04-18,3,2021-03-21,spatial,33.11114829962906,2.222717424733622,28.96476609119775,37.85109599256191
46079,2021-03-28,0,2021-03-21,spatial,30.069817907101488,1.039364623568168,28.064178102470283,32.218793141376636
46079,2021-04-04,1,2021-03-21,spatial,29.953728464528574,1.3522903941672575,27.367334770153136,32.78455342700107
46079,2021-04-11,2,2021-03-21,spatial,30.051167350757225,1.6237872977119714,26.981391923462372,33.4702027866074
46079,2021-04-18,3,2021-03-21,spatial,29.808747239072453,2.4824727480868702,25.251969941059894,35.1878057053324
46081,2021-03-28,0,2021-03-21,spatial,6.998945722912367,0.3190207177923147,6.391008886621901,7.664711800794491
46081,2021-04-04,1,2021-03-21,spatial,6.991736832603246,0.2452597848898428,6.5184060050014825,7.49943834410937
46081,2021-04-11,2,2021-03-21,spatial,6.990272106307843,0.37601976220438255,6.278003055107825,7.7833514401477535
46081,2021-04-18,3,2021-03-21,spatial,6.997708305662592,0.3187493469252323,6.3885891035773845,7.664903899316192
46083,2021-03-28,0,2021-03-21,spatial,125.1953893328544,6.629377225389477,112.6171300356086,139.17852022377977
46083,2021-04-04,1,2021-03-21,spatial,125.07986695617045,5.921925526005667,113.80520057546299,137.47151306498768
46083,2021-04-11,2,2021-03-21,spatial,125.03263042398157,7.209053820291798,111.45961629022993,140.2585007114393
46083,2021-04-18,3,2021-03-21,spatial,125.0778854699182,3.3812111356345484,118.49829984486784,132.02280078369864
46085,2021-03-28,0,2021-03-21,spatial,13.953775758445977,0.6121926999131543,12.784348503206315,15.230174448714518
46085,2021-04-04,1,2021-03-21,spatial,14.011383978699632,0.6458052264827594,12.781683526702066,15.359391475186605
46085,2021-04-11,2,2021-03-21,spatial,14.005768472288056,0.42280360016401536,13.186434868066122,14.876011026633652
46085,2021-04-18,3,2021-03-21,spatial,14.019891687020724,0.6673070005592221,12.749376585769227,15.417017576780095
46087,2021-03-28,0,2021-03-21,spatial,9.984167614589902,0.4822818611478836,9.065362949470003,10.996096186314714
46087,2021-04-04,1,2021-03-21,spatial,9.996300758369333,0.5934365554262782,8.881343605451988,11.251228788224537
46087,2021-04-11,2,2021-03-21,spatial,9.979839646795632,0.6587833162557429,8.749305736943967,11.383440283176364
46087,2021-04-18,3,2021-03-21,spatial,9.994142173212264,0.4165759426092364,9.196396236952245,10.861088974944154
46089,2021-03-28,0,2021-03-21,spatial,0.9986056452381116,0.055727869302276856,0.8936400253329041,1.1159003697601138
46089,2021-04-04,1,2021-03-21,spatial,0.9991445117809209,0.00980306305526957,0.9797335917647728,1.0189400096241852
46089,2021-04-11,2,2021-03-21,spatial,0.999900057647735,0.010124838116747864,0.9798477742041456,1.0203627049068966
46089,2021-04-18,3,2021-03-21,spatial,1.0006159838144906,0.009670657765493073,0.9814567953694155,1.0201491821024908
46091,2021-03-28,0,2021-03-21,spatial,5.012180434840132,0.31006072427964376,4.430227813015903,5.670578076727007
46091,2021-04-04,1,2021-03-21,spatial,5.001062274333266,0.313822834107711,4.411950000959282,5.668836651893474
46091,2021-04-11,2,2021-03-21,spatial,5.003728124543055,0.2973638870890988,4.4450293001085805,5.632650192819103
46091,2021-04-18,3,2021-03-21,spatial,5.010710553689728,0.3044557330073225,4.438639942596652,5.656512034668358
46093,2021-03-28,0,2021-03-21,spatial,11.987726342509289,0.4774680384871473,11.070366683877275,12.981104146458122
46093,2021-04-04,1,2021-03-21,spatial,11.979452834211454,0.6882114677580756,10.683421334475016,13.432709027772214
46093,2021-04-11,2,2021-03-21,spatial,11.987342948349688,0.5016354053199119,11.024448335917434,13.034338461471036
46093,2021-04-18,3,2021-03-21,spatial,12.005442444802766,0.20302593531415672,11.606430579560168,12.418171746040265
46095,2021-03-28,0,2021-03-21,spatial,0.9994701342216306,0.05284724378848495,0.899208886185225,1.1109104508952061
46095,2021-04-04,1,2021-03-21,spatial,0.9981582368117956,0.06067730939828525,0.8845909781691103,1.1263057054655632
46095,2021-04-11,2,2021-03-21,spatial,0.9986332472603924,0.04972599621350834,0.9040487452217386,1.1031134856442208
46095,2021-04-18,3,2021-03-21,spatial,1.0031294708667242,0.06535611678989715,0.8813479861752728,1.1417382817066293
46097,2021-03-28,0,2021-03-21,spatial,4.0050624219978275,0.2970852044555385,3.4547893997172645,4.642982002148047
46097,2021-04-04,1,2021-03-21,spatial,4.001115094693536,0.2608575862825172,3.5136496341720216,4.5562089757867685
46097,2021-04-11,2,2021-03-21,spatial,3.997447167654472,0.2330330318317053,3.558620385617901,4.490387320538585
46097,2021-04-18,3,2021-03-21,spatial,4.001477031127599,0.1665164400679613,3.681936741362052,4.348748920851509
46099,2021-03-28,0,2021-03-21,spatial,507.6996479758017,34.23216975756368,443.83490840511536,580.7540769629608
46099,2021-04-04,1,2021-03-21,spatial,507.7280054377093,29.991926127805282,451.3154996075845,571.1918330522642
46099,2021-04-11,2,2021-03-21,spatial,507.4963178874123,33.162204270087884,445.4491312411128,578.1861375544437
46099,2021-04-18,3,2021-03-21,spatial,508.8339613328146,22.690228236275505,465.4670139825734,556.2413499301965
46101,2021-03-28,0,2021-03-21,spatial,0.9982737710755044,0.062456142883569585,0.8810855150402606,1.1310485815576847
46101,2021-04-04,1,2021-03-21,spatial,1.0029558381951882,0.06005516235804481,0.8898880080538002,1.1303898965553845
46101,2021-04-11,2,2021-03-21,spatial,0.9996156378395588,0.05832284848169069,0.8898484637173891,1.1229231314723476
46101,2021-04-18,3,2021-03-21,spatial,0.9981660845345152,0.03868890724392509,0.9237117245584012,1.0786217234508777
46103,2021-03-28,0,2021-03-21,spatial,63.772282500286224,4.472477577094743,55.46246392287347,73.3271428574068
46103,2021-04-04,1,2021-03-21,spatial,63.987651601686046,3.7427443284221336,56.95024818643475,71.89467452529955
46103,2021-04-11,2,2021-03-21,spatial,63.95090885518299,3.797906174853901,56.813444963786154,71.98505117953641
46103,2021-04-18,3,2021-03-21,spatial,63.880562769578574,3.201221266683832,57.804464075413684,70.59534873352015
46105,2021-03-28,0,2021-03-21,spatial,2.998919053809174,0.1725619898159589,2.6734962883605293,3.3639528621955983
46105,2021-04-04,1,2021-03-21,spatial,2.9996178908888966,0.15359966757964733,2.7083089133963765,3.322260413808226
46105,2021-04-11,2,2021-03-21,spatial,3.0032600642925904,0.1509937802157603,2.7164892293085594,3.3203043533033
46105,2021-04-18,3,2021-03-21,spatial,2.99685227512923,0.14683227129984766,2.7178845961817397,3.3044536076198776
46107,2021-03-28,0,2021-03-21,spatial,2.0003971356089307,0.0679845703783051,1.8689104070755649,2.1411345803430044
46107,2021-04-04,1,2021-03-21,spatial,2.00217739029303,0.14232767153512005,1.7375053713790394,2.3071665666385446
46107,2021-04-11,2,2021-03-21,spatial,1.992884115160424,0.0869778782047814,1.8265367044382692,2.1743812138065755
46107,2021-04-18,3,2021-03-21,spatial,1.998085464057321,0.08276873058860193,1.8394388955656835,2.170414864718511
46109,2021-03-28,0,2021-03-21,spatial,21.008279465099122,1.4895176791457254,18.242148452555035,24.19385015046784
46109,2021-04-04,1,2021-03-21,spatial,20.997306311527666,1.2512356898005836,18.64276778124624,23.64921762226912
46109,2021-04-11,2,2021-03-21,spatial,20.951339042478775,1.1326649126744408,18.81201247774481,23.333952610981783
46109,2021-04-18,3,2021-03-21,spatial,20.996091871373476,1.2132467327463226,18.71167660725855,23.559400000540204
46111,2021-03-28,0,2021-03-21,spatial,2.0027400289377093,0.12252864271540205,1.7740678350954182,2.260887404733138
46111,2021-04-04,1,2021-03-21,spatial,1.9992698223861625,0.1296456918811395,1.7579052234474462,2.273774359043818
46111,2021-04-11,2,2021-03-21,spatial,1.9998855397335933,0.08882560423247947,1.8300146700453084,2.185524650431629
46111,2021-04-18,3,2021-03-21,spatial,1.9984167768551413,0.16529924393153012,1.6944362379997713,2.35693118717202
46115,2021-03-28,0,2021-03-21,spatial,2.9925150927694224,0.16498561627713787,2.680682826526041,3.3406214610096066
46115,2021-04-04,1,2021-03-21,spatial,2.994347717113403,0.15283690453337653,2.7038730968202787,3.3160277608909583
46115,2021-04-11,2,2021-03-21,spatial,3.0033004984142972,0.1683941584824287,2.6845826182404173,3.3598570677208333
46115,2021-04-18,3,2021-03-21,spatial,2.9909011307555997,0.1727271048445943,2.664976381449144,3.356686249163228
46117,2021-03-28,0,2021-03-21,spatial,0.999587719909506,0.04245682235455996,0.9182900190409151,1.0880828377481977
46117,2021-04-04,1,2021-03-21,spatial,1.0014643383676654,0.04626536214241536,0.9131703714979258,1.0982954028359693
46117,2021-04-11,2,2021-03-21,spatial,0.9996760321344093,0.026149570173021646,0.9487219553236941,1.0533667568418692
46117,2021-04-18,3,2021-03-21,spatial,1.002474753241247,0.07202449003685454,0.8689957582426143,1.1564563133408603
46119,2021-03-28,0,2021-03-21,spatial,0.9997877691644066,0.009894830724186548,0.9802036526885785,1.0197631692445008
46119,2021-04-04,1,2021-03-21,spatial,1.000285211487491,0.01001696807839277,0.9804457014408516,1.0205261778904715
46119,2021-04-11,2,2021-03-21,spatial,1.0000368455096198,0.010018478908918105,0.98021105722331,1.020263630987582
46119,2021-04-18,3,2021-03-21,spatial,0.9997178187562038,0.0098923043427666,0.9801338368178144,1.0196931067939812
46121,2021-03-28,0,2021-03-21,spatial,1.000175464954058,0.009866625054318186,0.98063957823279,1.0201005373440035
46121,2021-04-04,1,2021-03-21,spatial,1.001908235054675,0.03696772240001362,0.9305461053554691,1.0787430151963446
46121,2021-04-11,2,2021-03-21,spatial,1.0001723663949107,0.010005195195453506,0.9803746876222932,1.0203698393377902
46121,2021-04-18,3,2021-03-21,spatial,0.9996346197848968,0.010155302919238121,0.9795331931468648,1.020148556540719
46123,2021-03-28,0,2021-03-21,spatial,6.010613249614457,0.4543900230327466,5.168608818950537,6.989786401319572
46123,2021-04-04,1,2021-03-21,spatial,5.991241850899898,0.22229040073139916,5.563671100062284,6.451671615810035
46123,2021-04-11,2,2021-03-21,spatial,6.005408419931244,0.22791004198584985,5.567577586874212,6.477669996949049
46123,2021-04-18,3,2021-03-21,spatial,5.996046045860015,0.2724319381574914,5.474736876348403,6.566994724329756
46125,2021-03-28,0,2021-03-21,spatial,13.993283854476125,0.6785782642893745,12.704003923724859,15.413407789197962
46125,2021-04-04,1,2021-03-21,spatial,14.001071419389882,0.665468594808286,12.73566383819532,15.392209105185852
46125,2021-04-11,2,2021-03-21,spatial,14.00460991409018,0.6053642413783408,12.847823334878873,15.265550726665714
46125,2021-04-18,3,2021-03-21,spatial,14.017093029653967,0.6305363613395781,12.812843650542565,15.3345270074886
46127,2021-03-28,0,2021-03-21,spatial,40.017923312368495,2.4364240680884173,35.44537824798965,45.18033846416729
46127,2021-04-04,1,2021-03-21,spatial,39.9408671182544,2.737592848153112,34.8561807656436,45.76728807105725
46127,2021-04-11,2,2021-03-21,spatial,39.9528641430663,2.2101144219099558,35.774315261751845,44.619480248750584
46127,2021-04-18,3,2021-03-21,spatial,39.957929608354476,1.6567069923854354,36.780274314096474,43.410120461616096
46129,2021-03-28,0,2021-03-21,spatial,9.01322544054543,0.4754622009973106,8.112457939464669,10.014009742583172
46129,2021-04-04,1,2021-03-21,spatial,9.073577496937993,0.3681319411503861,8.367396160734245,9.839358267663883
46129,2021-04-11,2,2021-03-21,spatial,9.01158821881256,0.4774052737508532,8.107526356310755,10.016461082760458
46129,2021-04-18,3,2021-03-21,spatial,9.018874674541246,0.6264997826193421,7.855397965969332,10.3546759498956
46135,2021-03-28,0,2021-03-21,spatial,35.99204536061341,2.330982775585672,31.642181548380602,40.93988675400769
46135,2021-04-04,1,2021-03-21,spatial,35.97885402276104,1.1597839563802146,33.73494614913632,38.372017286421226
46135,2021-04-11,2,2021-03-21,spatial,36.00579332788819,1.7562432583337142,32.67709013328856,39.67358011018003
46135,2021-04-18,3,2021-03-21,spatial,36.04903564698353,1.4354436137494204,33.29223699517149,39.03411390667337
46137,2021-03-28,0,2021-03-21,spatial,0.9999345147793054,0.009578406593247343,0.9809560621625268,1.0192801415006338
46137,2021-04-04,1,2021-03-21,spatial,0.9997625963488712,0.010292129897726777,0.979378599768244,1.020570849000335
46137,2021-04-11,2,2021-03-21,spatial,1.0000558070551333,0.00997247489343442,0.9803070113464292,1.020202452547048
46137,2021-04-18,3,2021-03-21,spatial,0.9999683856630428,0.009503777857183373,0.98114516750735,1.0191527262636808
47001,2021-03-28,0,2021-03-21,spatial,79.22082808918161,6.956877157280916,66.52668846657775,94.33717125854878
47001,2021-04-04,1,2021-03-21,spatial,79.26119614456164,6.632644586514517,67.08705690872415,93.6445493922048
47001,2021-04-11,2,2021-03-21,spatial,78.96163454757401,8.512133189429822,63.77676265312653,97.76193508497221
47001,2021-04-18,3,2021-03-21,spatial,78.87939091759725,7.86852886735098,64.70770245799427,96.1548328125261
47003,2021-03-28,0,2021-03-21,spatial,133.07141052646688,10.291910801750136,114.15123885463323,155.12753498938253
47003,2021-04-04,1,2021-03-21,spatial,132.9827385442299,10.909605249183869,113.00581527594223,156.49113904041567
47003,2021-04-11,2,2021-03-21,spatial,131.9500500570731,5.437739953471837,121.51767860079448,143.2780473634744
47003,2021-04-18,3,2021-03-21,spatial,132.70038045448308,12.550992322139782,109.97914042339274,160.115735629254
47005,2021-03-28,0,2021-03-21,spatial,21.079227058598484,1.8618535983089672,17.68832851545672,25.12016966440187
47005,2021-04-04,1,2021-03-21,spatial,21.0751999586424,2.0223175508773745,17.424898166926695,25.490195066953426
47005,2021-04-11,2,2021-03-21,spatial,17.7841804342027,0.8329278274957083,16.197740101282577,19.5260000307842
47005,2021-04-18,3,2021-03-21,spatial,17.788546868294357,0.834594121604152,16.19652733829798,19.537052176442494
47007,2021-03-28,0,2021-03-21,spatial,19.947112503207364,2.016608195471846,16.338125526368383,24.35330152002165
47007,2021-04-04,1,2021-03-21,spatial,20.007261236782856,1.9069340909462575,16.568990637918468,24.15901553355948
47007,2021-04-11,2,2021-03-21,spatial,19.98891772362291,1.8398206746683687,16.65179776301518,23.994816502588698
47007,2021-04-18,3,2021-03-21,spatial,15.511056268544323,0.5420105997198063,14.464396792806118,16.633453161738988
47009,2021-03-28,0,2021-03-21,spatial,145.310003121417,12.609250575006799,122.29189093381716,172.66064696451042
47009,2021-04-04,1,2021-03-21,spatial,145.42873118994896,13.066475681968694,121.56656155519316,173.97478044088803
47009,2021-04-11,2,2021-03-21,spatial,144.21035744335887,12.240693048209332,121.8307262221072,170.7010032594521
47009,2021-04-18,3,2021-03-21,spatial,145.3087637714621,13.97986793084604,120.02751448993915,175.91497181723634
47011,2021-03-28,0,2021-03-21,spatial,241.05345457120467,14.121370624734617,214.51072202358824,270.8804828614686
47011,2021-04-04,1,2021-03-21,spatial,258.1117554660128,20.260423252591977,220.69834415622054,301.8675947228171
47011,2021-04-11,2,2021-03-21,spatial,260.90979128655863,28.974295481530252,208.8930518074477,325.87928894803247
47011,2021-04-18,3,2021-03-21,spatial,259.02071723922074,26.16508756962612,211.80537116771413,316.76123976098324
47013,2021-03-28,0,2021-03-21,spatial,35.897875531375725,3.4747970675371143,29.64410269517489,43.470955451652
47013,2021-04-04,1,2021-03-21,spatial,35.67443165358432,1.5891212118795195,32.6324116988974,39.00003118216545
47013,2021-04-11,2,2021-03-21,spatial,35.89998418326698,3.2976071696371627,29.93834718612573,43.048764727936955
47013,2021-04-18,3,2021-03-21,spatial,36.030025223507145,3.4300024951560117,29.86362686434327,43.46969386884984
47015,2021-03-28,0,2021-03-21,spatial,19.089600325435537,1.8559320688053615,15.72860421956764,23.168797148033647
47015,2021-04-04,1,2021-03-21,spatial,18.946980916696738,1.5761024365921978,16.047799711609983,22.369925616528977
47015,2021-04-11,2,2021-03-21,spatial,19.015738289709944,1.7127517867949558,15.882711779619004,22.766786158441185
47015,2021-04-18,3,2021-03-21,spatial,17.37081667839636,0.6430366210982263,16.13272794004208,18.70392119645861
47017,2021-03-28,0,2021-03-21,spatial,7.984432480979602,0.8252543998998852,6.499018481016914,9.80935232443697
47017,2021-04-04,1,2021-03-21,spatial,8.029084596826127,0.6718487103571865,6.799309831375985,9.4812857571964
47017,2021-04-11,2,2021-03-21,spatial,8.017622620979028,0.5972658416891536,6.907083271905514,9.306717461175264
47017,2021-04-18,3,2021-03-21,spatial,8.156784894840559,0.43834959832986,7.329553780137191,9.077379308001175
47019,2021-03-28,0,2021-03-21,spatial,81.18188842024395,7.886355075133401,66.92029016202315,98.48282174988245
47019,2021-04-04,1,2021-03-21,spatial,79.98330374201545,4.087714425493052,72.22166121893244,88.57908790126923
47019,2021-04-11,2,2021-03-21,spatial,80.75015744982274,8.527386579391774,65.42089275690581,99.67133821301836
47019,2021-04-18,3,2021-03-21,spatial,81.49362564379746,7.747986188894125,67.47268859354135,98.4281367617996
47021,2021-03-28,0,2021-03-21,spatial,62.21218418676868,5.397954804790021,52.39928406914088,73.8627622503677
47021,2021-04-04,1,2021-03-21,spatial,61.971203978442475,4.99758056246655,52.80300152603004,72.73128442602881
47021,2021-04-11,2,2021-03-21,spatial,61.97264099235893,4.2165838606549935,54.09457911625074,70.99802409617111
47021,2021-04-18,3,2021-03-21,spatial,62.04498458872755,5.8875332871090675,51.40752582554696,74.88359050149795
47023,2021-03-28,0,2021-03-21,spatial,9.990718244224682,0.8206093098579388,8.473588650182124,11.779477994053748
47023,2021-04-04,1,2021-03-21,spatial,9.947291214924952,0.9480464107718072,8.24232077284884,12.004944389021027
47023,2021-04-11,2,2021-03-21,spatial,10.049599321923386,0.7780449170240339,8.614142001749837,11.72426069952033
47023,2021-04-18,3,2021-03-21,spatial,10.017976033347095,1.0448642190743287,8.133889519107175,12.338481309460043
47025,2021-03-28,0,2021-03-21,spatial,28.88893206557569,1.4777396207626416,26.08113642759419,31.999004269095444
47025,2021-04-04,1,2021-03-21,spatial,31.744291665033074,0.7359713182028709,30.307447803034172,33.2492547661438
47025,2021-04-11,2,2021-03-21,spatial,29.01487783787141,2.8853040156934604,23.813712089278468,35.35203301318275
47025,2021-04-18,3,2021-03-21,spatial,28.977748448223572,3.139128285424189,23.390569612996124,35.89950646870818
47027,2021-03-28,0,2021-03-21,spatial,2.002743361552163,0.20112606408852404,1.641867966184921,2.4429375898972308
47027,2021-04-04,1,2021-03-21,spatial,2.428917921383746,0.1408965587002603,2.163955234004776,2.7263236207991337
47027,2021-04-11,2,2021-03-21,spatial,1.9991861702614973,0.17067983785406365,1.686672399668853,2.369603809340521
47027,2021-04-18,3,2021-03-21,spatial,2.5058815779296566,0.09068654068219917,2.331041604889918,2.6938354379581178
47029,2021-03-28,0,2021-03-21,spatial,83.92295537237977,8.487315118589642,68.60681685852506,102.65834739072693
47029,2021-04-04,1,2021-03-21,spatial,84.34348486667356,6.662760114143858,72.10161530818506,98.66385668404324
47029,2021-04-11,2,2021-03-21,spatial,76.29128757889401,0.7351140129272367,74.83614113566145,77.77472852180438
47029,2021-04-18,3,2021-03-21,spatial,84.17392141331902,9.682816677742425,67.04800924964223,105.67426423825417
47031,2021-03-28,0,2021-03-21,spatial,72.14442989724242,7.801933337102254,58.20704565200388,89.41905068186432
47031,2021-04-04,1,2021-03-21,spatial,71.78020383154983,6.262472023093727,60.289394378619136,85.46109502679087
47031,2021-04-11,2,2021-03-21,spatial,71.82713471857247,6.434431987990497,60.0556070106571,85.9060050956516
47031,2021-04-18,3,2021-03-21,spatial,76.58501630225167,3.5588397366016293,69.79928578970163,84.03044036421261
47033,2021-03-28,0,2021-03-21,spatial,1.003631537981739,0.08963984162952425,0.8399279258620375,1.1992413075179051
47033,2021-04-04,1,2021-03-21,spatial,1.0021999887407276,0.08091319138252126,0.8533640024454011,1.1769945938118909
47033,2021-04-11,2,2021-03-21,spatial,0.997749508017212,0.08614968244118343,0.8400953706804761,1.1849893660790345
47033,2021-04-18,3,2021-03-21,spatial,1.001243153944933,0.12307892844632175,0.7874507805833747,1.2730800172410948
47035,2021-03-28,0,2021-03-21,spatial,61.878849309051475,5.571184065981712,51.76722246040352,73.9655675894351
47035,2021-04-04,1,2021-03-21,spatial,71.93424558406137,1.7571614317528803,68.50046732028785,75.54015162485621
47035,2021-04-11,2,2021-03-21,spatial,62.1975315121396,5.867610473397508,51.575133745470104,75.00771486692211
47035,2021-04-18,3,2021-03-21,spatial,61.85093285715721,7.041695126072316,49.376885084143325,77.47629055136741
47037,2021-03-28,0,2021-03-21,spatial,921.7726801311682,78.70299995921697,777.5930319624806,1092.6858123867469
47037,2021-04-04,1,2021-03-21,spatial,926.5841546214152,95.43051491143535,754.0465364744127,1138.601073097849
47037,2021-04-11,2,2021-03-21,spatial,928.4750537564987,110.0020575472439,734.1953345839107,1174.1642650680835
47037,2021-04-18,3,2021-03-21,spatial,919.1651600053793,103.47978798491712,735.5418247307955,1148.628892282136
47039,2021-03-28,0,2021-03-21,spatial,3.002935967152817,0.2597813246905965,2.529112121891874,3.565529714860757
47039,2021-04-04,1,2021-03-21,spatial,3.002529842333288,0.3072356678435121,2.4473489288543577,3.68365350269939
47039,2021-04-11,2,2021-03-21,spatial,2.9926704869034726,0.3050276974734256,2.445981612744164,3.661547002855505
47039,2021-04-18,3,2021-03-21,spatial,2.981482735672804,0.31358178911132084,2.421404794177097,3.6711083270717455
47041,2021-03-28,0,2021-03-21,spatial,18.004786734986173,1.60878636015976,15.076055817905125,21.50246385976694
47041,2021-04-04,1,2021-03-21,spatial,17.939666414293715,1.2170312422065688,15.667042573705494,20.54195165054816
47041,2021-04-11,2,2021-03-21,spatial,20.4328263577174,0.5534940294568009,19.35520824963245,21.570441794267907
47041,2021-04-18,3,2021-03-21,spatial,18.01575337969469,1.663591284759123,14.986288349785044,21.657622105118246
47043,2021-03-28,0,2021-03-21,spatial,63.39827180121142,2.734935549828487,58.16527812857152,69.10206564293773
47043,2021-04-04,1,2021-03-21,spatial,64.23393103616958,6.472595011926111,52.54424814038129,78.52425417404493
47043,2021-04-11,2,2021-03-21,spatial,63.815831070982,5.744705986271312,53.41140372088544,76.24701864346734
47043,2021-04-18,3,2021-03-21,spatial,63.879807736615284,6.3253096217131946,52.427283191483234,77.834089200522
47045,2021-03-28,0,2021-03-21,spatial,13.008390099084144,1.246014148129959,10.748499117498662,15.743427163189835
47045,2021-04-04,1,2021-03-21,spatial,13.076806098119132,1.0517832292307443,11.140137732430002,15.350156509286244
47045,2021-04-11,2,2021-03-21,spatial,13.0687482548093,1.0623361869053536,11.122963227775328,15.35491734082994
47045,2021-04-18,3,2021-03-21,spatial,12.991976541082625,1.3521466497804853,10.561457923643493,15.981832779561136
47047,2021-03-28,0,2021-03-21,spatial,23.80175415074939,2.4389594678069324,19.400509300566835,29.20147568683484
47047,2021-04-04,1,2021-03-21,spatial,23.96211215267876,2.3209132868173845,19.736738119172067,29.09208276213584
47047,2021-04-11,2,2021-03-21,spatial,24.15488568163356,2.849374375729816,19.123442394487228,30.510118955412608
47047,2021-04-18,3,2021-03-21,spatial,23.980652930546594,2.375950519400845,19.706415724345465,29.18195388849352
47049,2021-03-28,0,2021-03-21,spatial,14.010082635504038,1.0564873899136649,12.045425481282384,16.295183242689006
47049,2021-04-04,1,2021-03-21,spatial,13.982010693986346,0.8815136307094926,12.331364302522953,15.853608591123256
47049,2021-04-11,2,2021-03-21,spatial,15.724869964402075,1.0610864324117042,13.747972572365791,17.986036420699907
47049,2021-04-18,3,2021-03-21,spatial,14.045995619400962,1.7804120650106017,10.92576130440569,18.057322271966168
47051,2021-03-28,0,2021-03-21,spatial,63.635326247363366,1.9998080364206363,59.76493955950699,67.75635977304715
47051,2021-04-04,1,2021-03-21,spatial,73.80540446978048,6.913842894464032,61.24887317199271,88.9361297088932
47051,2021-04-11,2,2021-03-21,spatial,73.77523082550624,6.351424089176726,62.13754090296722,87.59253430798094
47051,2021-04-18,3,2021-03-21,spatial,73.96764058917672,7.548999406749277,60.44131596734786,90.52105776924734
47053,2021-03-28,0,2021-03-21,spatial,20.027005451364147,1.6125943050606402,17.065079931021533,23.5030219002883
47053,2021-04-04,1,2021-03-21,spatial,19.943240641454324,1.5976346367169578,17.019842281990563,23.368773969416498
47053,2021-04-11,2,2021-03-21,spatial,19.992222891054922,2.1421258030921484,16.17873011987601,24.70459505561512
47053,2021-04-18,3,2021-03-21,spatial,19.97547901701846,1.8889029460537663,16.583209031000106,24.061673540593404
47055,2021-03-28,0,2021-03-21,spatial,33.966561200006325,2.3937459809717927,29.514059729373752,39.09076861444218
47055,2021-04-04,1,2021-03-21,spatial,34.05192840770554,2.5922197223265715,29.29172630430332,39.58571154999333
47055,2021-04-11,2,2021-03-21,spatial,34.034419822242015,3.2584895635470623,28.143793892399007,41.15798094120714
47055,2021-04-18,3,2021-03-21,spatial,34.01010816729152,3.573094723481995,27.598475946202484,41.91128016654225
47057,2021-03-28,0,2021-03-21,spatial,16.936355757457427,1.2778842424613273,14.58464166602078,19.66727417180498
47057,2021-04-04,1,2021-03-21,spatial,16.973878388316425,1.557969716074811,14.164541256450127,20.34040794721518
47057,2021-04-11,2,2021-03-21,spatial,17.00716174720965,1.7031204225401408,13.950524829235697,20.733524669236253
47057,2021-04-18,3,2021-03-21,spatial,16.95853636243024,1.6654194500948178,13.968352057617926,20.588824964432696
47059,2021-03-28,0,2021-03-21,spatial,70.05723054016336,6.153588492215552,58.84822032550434,83.40125706113331
47059,2021-04-04,1,2021-03-21,spatial,69.6739369911425,6.841710306066455,57.24182207005762,84.80613160609005
47059,2021-04-11,2,2021-03-21,spatial,70.06971460936771,5.346100514916567,60.19877748511485,81.55921283704241
47059,2021-04-18,3,2021-03-21,spatial,70.06507528983363,7.082388304811611,57.3159911768688,85.65000228681805
47061,2021-03-28,0,2021-03-21,spatial,12.985682993548984,1.1349493856408517,10.899884298465382,15.470619521409855
47061,2021-04-04,1,2021-03-21,spatial,13.021642235538001,1.2500494824366852,10.755613592283517,15.765085371977115
47061,2021-04-11,2,2021-03-21,spatial,12.950410653386722,1.3418437494945272,10.548247840710669,15.899620356289704
47061,2021-04-18,3,2021-03-21,spatial,13.051635357163857,1.6775227846177865,10.124684446642213,16.824740207371462
47063,2021-03-28,0,2021-03-21,spatial,80.83081328572797,6.8173957114539325,68.34447717839743,95.59836648362551
47063,2021-04-04,1,2021-03-21,spatial,80.88121486839086,6.0659393900049965,69.6447658747775,93.93054648714056
47063,2021-04-11,2,2021-03-21,spatial,91.55743976299904,4.128653300087967,83.65360239088946,100.20805484006443
47063,2021-04-18,3,2021-03-21,spatial,80.85035189357474,7.809512901603675,66.79148143097011,97.86845958897786
47065,2021-03-28,0,2021-03-21,spatial,447.42238156829,34.597291135949824,383.92638886176036,521.4197130906814
47065,2021-04-04,1,2021-03-21,spatial,449.2654785369757,37.528765875989215,380.2323373769992,530.8319423787843
47065,2021-04-11,2,2021-03-21,spatial,448.91815483787735,52.346680513546524,356.73815534908266,564.9171716600981
47065,2021-04-18,3,2021-03-21,spatial,450.1782957019092,51.28999716270789,359.2897939329772,564.0585993346652
47067,2021-03-28,0,2021-03-21,spatial,5.4846315782996395,0.1740297281822611,5.147404479162486,5.843951776367104
47067,2021-04-04,1,2021-03-21,spatial,6.9371916454349245,0.34721111264640503,6.280261726752523,7.6628379547450765
47067,2021-04-11,2,2021-03-21,spatial,5.671765954213723,0.3067636820442993,5.091412033909271,6.318272578437942
47067,2021-04-18,3,2021-03-21,spatial,6.1976674641907765,0.06138266734149137,6.0761017807945406,6.321665334524085
47069,2021-03-28,0,2021-03-21,spatial,10.010858970413311,0.8725965591180415,8.416841423787071,11.906758400161571
47069,2021-04-04,1,2021-03-21,spatial,12.524084710588605,0.7267860190319442,11.162888694385405,14.051264160404232
47069,2021-04-11,2,2021-03-21,spatial,9.999305290404637,1.1377064135349728,7.988016352666133,12.517013220352526
47069,2021-04-18,3,2021-03-21,spatial,14.279252140667223,0.505899379615415,13.304828355059538,15.325041124578796
47071,2021-03-28,0,2021-03-21,spatial,41.923679123452175,4.078286307203205,34.54905919919521,50.87243797617276
47071,2021-04-04,1,2021-03-21,spatial,42.02483389967816,3.6899124152471536,35.27233183725298,50.07002861178236
47071,2021-04-11,2,2021-03-21,spatial,42.075351307330386,4.218132281613187,34.45398949352901,51.38258917643672
47071,2021-04-18,3,2021-03-21,spatial,42.040964813769534,4.927086043388282,33.306556340108536,53.06591003958617
47073,2021-03-28,0,2021-03-21,spatial,96.46550776452169,8.33211065728363,81.16854563573081,114.64532369507704
47073,2021-04-04,1,2021-03-21,spatial,93.3273660340592,3.4880677666175117,86.60174354241975,100.57531054890234
47073,2021-04-11,2,2021-03-21,spatial,96.05492745947458,8.165549736954073,81.073804996251,113.80431804911065
47073,2021-04-18,3,2021-03-21,spatial,96.17401613833859,9.952191558512606,78.20428881886048,118.27281495521672
47075,2021-03-28,0,2021-03-21,spatial,1.9931779457193413,0.1653401535509272,1.690023028907584,2.3507125378462628
47075,2021-04-04,1,2021-03-21,spatial,1.4887986459217657,0.014778753400692903,1.4595424274943332,1.518641299043079
47075,2021-04-11,2,2021-03-21,spatial,1.9947037218338648,0.16747531122315198,1.6870883226828468,2.3584082021091963
47075,2021-04-18,3,2021-03-21,spatial,1.991110658537384,0.21373057748083285,1.608858967543804,2.4641822151718427
47077,2021-03-28,0,2021-03-21,spatial,4.996952025397291,0.4639601625329883,4.150090868509248,6.016622366895639
47077,2021-04-04,1,2021-03-21,spatial,4.995378331029354,0.4992295971626536,4.103004381093063,6.081837198396988
47077,2021-04-11,2,2021-03-21,spatial,5.0101048116208355,0.6252382456257126,3.906477056891005,6.425520963740965
47077,2021-04-18,3,2021-03-21,spatial,4.968320185666262,0.5431652374384015,3.9969978146539376,6.175686505707035
47079,2021-03-28,0,2021-03-21,spatial,15.030605641240747,1.5649876457811749,12.239138846114454,18.458741973845687
47079,2021-04-04,1,2021-03-21,spatial,15.067113806921803,1.3016075979766732,12.695804969963515,17.881333165390142
47079,2021-04-11,2,2021-03-21,spatial,14.986308995385071,1.6969455128970772,11.97339294864644,18.757377985372873
47079,2021-04-18,3,2021-03-21,spatial,14.938770820837426,1.7680705571004636,11.845518496243422,18.83977250200376
47081,2021-03-28,0,2021-03-21,spatial,14.012163628045776,1.2611367808397165,11.725445473160546,16.744841804821085
47081,2021-04-04,1,2021-03-21,spatial,14.004858214690351,1.0346465480952585,12.075437829739965,16.24256249579014
47081,2021-04-11,2,2021-03-21,spatial,13.967276824393563,1.3969570220405272,11.469072478512276,17.009642432266435
47081,2021-04-18,3,2021-03-21,spatial,13.930295221363842,1.5764318550212066,11.130614845831056,17.434178402735267
47083,2021-03-28,0,2021-03-21,spatial,8.039305103012763,0.6976664152855689,6.761814915406437,9.558147826860807
47083,2021-04-04,1,2021-03-21,spatial,7.973904672788228,0.6356082896526999,6.804908786457559,9.343719030775356
47083,2021-04-11,2,2021-03-21,spatial,8.016122244100625,0.8622406695175956,6.4834622616366335,9.911095837263963
47083,2021-04-18,3,2021-03-21,spatial,8.049687564185364,0.596794964924491,6.945221062881595,9.329792283690939
47085,2021-03-28,0,2021-03-21,spatial,18.950286684215165,1.9124544438779632,15.520972575944047,23.137297850170306
47085,2021-04-04,1,2021-03-21,spatial,18.960690434561574,1.7575930636375396,15.791247423436475,22.766268687660087
47085,2021-04-11,2,2021-03-21,spatial,17.524392907937216,0.8833010300131531,15.85302969576515,19.371965654855078
47085,2021-04-18,3,2021-03-21,spatial,18.89643850808389,1.954837603283355,15.390055521532936,23.201695912675248
47087,2021-03-28,0,2021-03-21,spatial,12.014692300814117,1.1877273985667094,9.867112262716207,14.629693798933694
47087,2021-04-04,1,2021-03-21,spatial,12.018255544978368,1.0041578440045025,10.179726674336653,14.188835414268675
47087,2021-04-11,2,2021-03-21,spatial,11.984148278328824,1.120346175541175,9.947920299858858,14.437169340712295
47087,2021-04-18,3,2021-03-21,spatial,12.085750970442138,1.2828856465217602,9.787258261421089,14.92403414910344
47089,2021-03-28,0,2021-03-21,spatial,67.3294655057857,5.887977956778316,56.62899822778361,80.05186507203048
47089,2021-04-04,1,2021-03-21,spatial,66.76644644247204,7.362407673872161,53.69174711826653,83.02501985521923
47089,2021-04-11,2,2021-03-21,spatial,67.06591515387893,6.697450854701447,55.020426413750926,81.7484935795258
47089,2021-04-18,3,2021-03-21,spatial,66.99017699240129,6.8769892738991,54.6889189502598,82.0583748886105
47091,2021-03-28,0,2021-03-21,spatial,12.051224140928015,0.11846533375764055,11.816600452804028,12.290506383367068
47091,2021-04-04,1,2021-03-21,spatial,12.049562014705005,0.1226806483595636,11.806688974804633,12.29743114738264
47091,2021-04-11,2,2021-03-21,spatial,12.047037960013748,0.1206464661679676,11.80815652495934,12.290752015629465
47091,2021-04-18,3,2021-03-21,spatial,12.048257573769193,0.12203634166222604,11.806666225764772,12.294792432356068
47093,2021-03-28,0,2021-03-21,spatial,649.299876395387,48.798704470589406,558.8109387174505,754.4417982487488
47093,2021-04-04,1,2021-03-21,spatial,646.8554812706409,52.7016925957272,549.6928820220768,761.1923445518943
47093,2021-04-11,2,2021-03-21,spatial,643.7324019729638,63.99379019678922,528.6165316405595,783.9168481239493
47093,2021-04-18,3,2021-03-21,spatial,646.7819611189379,61.619201771065406,535.2251238130665,781.5905618342478
47095,2021-03-28,0,2021-03-21,spatial,1.0006827551575028,0.0977346408025032,0.8246215062469155,1.214334053724974
47095,2021-04-04,1,2021-03-21,spatial,0.9964617202162284,0.12458048828004115,0.7783998022234031,1.2756117833279066
47095,2021-04-11,2,2021-03-21,spatial,0.9985865790858736,0.10276778706696817,0.8129863818531838,1.2265582526208982
47095,2021-04-18,3,2021-03-21,spatial,0.9984954101899433,0.10090846335682828,0.8169062282906913,1.2204498504761168
47097,2021-03-28,0,2021-03-21,spatial,3.993100945488984,0.2751025782980027,3.4809865265875977,4.580556413843898
47097,2021-04-04,1,2021-03-21,spatial,4.0100027208195606,0.3194079995404631,3.4211896092546366,4.700155109053894
47097,2021-04-11,2,2021-03-21,spatial,3.9914585855852787,0.4356414167717182,3.2133282166800576,4.958018778705019
47097,2021-04-18,3,2021-03-21,spatial,3.149514313683215,0.11579381755515285,2.9260538378379133,3.3900402937989047
47099,2021-03-28,0,2021-03-21,spatial,37.12933952151052,2.4952196101106496,32.480075829205035,42.44410821430479
47099,2021-04-04,1,2021-03-21,spatial,39.79323668658584,4.621299232449287,31.6545193436682,50.024505783923274
47099,2021-04-11,2,2021-03-21,spatial,39.958121329220376,4.974794627629624,31.257794984197822,51.08010532949856
47099,2021-04-18,3,2021-03-21,spatial,39.960753145608464,4.283109767431176,32.3004167644753,49.437807679327506
47101,2021-03-28,0,2021-03-21,spatial,21.032525964542614,2.1499811252626304,17.194894324487027,25.72665700068827
47101,2021-04-04,1,2021-03-21,spatial,21.012966796279187,2.1197764479070123,17.240771220144197,25.610500130390268
47101,2021-04-11,2,2021-03-21,spatial,21.008648627463568,1.7802061447359172,17.754966899892395,24.858582932920136
47101,2021-04-18,3,2021-03-21,spatial,20.960216638127125,2.408107942844321,16.69045715031576,26.32226772224209
47103,2021-03-28,0,2021-03-21,spatial,23.01192875389658,1.797093228751922,19.696154792881348,26.885900854404515
47103,2021-04-04,1,2021-03-21,spatial,23.046015278328266,1.9402629161837064,19.492437195235773,27.247430112985192
47103,2021-04-11,2,2021-03-21,spatial,22.884370360358137,2.0735902598439204,19.114533668675858,27.39770772688259
47103,2021-04-18,3,2021-03-21,spatial,23.003822873706465,2.4802387214937758,18.548930946614444,28.528645037704784
47105,2021-03-28,0,2021-03-21,spatial,45.0456386229107,3.198597978014825,39.06329573344475,51.94414656643029
47105,2021-04-04,1,2021-03-21,spatial,41.63689084926403,1.8653137869766765,38.068232122258856,45.54008901768399
47105,2021-04-11,2,2021-03-21,spatial,44.90761605601709,5.210205377199894,35.732388692885195,56.43882353256155
47105,2021-04-18,3,2021-03-21,spatial,43.571186970450995,2.0882021954564616,39.5979193629775,47.94313349173019
47107,2021-03-28,0,2021-03-21,spatial,60.957849264865025,4.03712207918241,53.41680605538166,69.56348874819403
47107,2021-04-04,1,2021-03-21,spatial,60.90657036341572,3.904757346097658,53.58556209447052,69.22779510819956
47107,2021-04-11,2,2021-03-21,spatial,61.17232958881246,6.449611587448017,49.64527349673835,75.3758342688584
47107,2021-04-18,3,2021-03-21,spatial,61.19747758765428,7.132630832476907,48.5794105002339,77.09297466821702
47109,2021-03-28,0,2021-03-21,spatial,18.003752549179147,1.5635051449790072,15.139735829011233,21.409561534816014
47109,2021-04-04,1,2021-03-21,spatial,17.902237417757362,1.7708488832144686,14.713748628677466,21.78167594470851
47109,2021-04-11,2,2021-03-21,spatial,17.956155162839618,1.5454662621180517,15.134465244270071,21.303924719377967
47109,2021-04-18,3,2021-03-21,spatial,17.957056482131613,2.186153559514826,14.125051563712967,22.82865135380101
47111,2021-03-28,0,2021-03-21,spatial,27.066526169403648,0.6167431106256179,25.860950061879958,28.32830337346689
47111,2021-04-04,1,2021-03-21,spatial,35.94985574194083,3.2091381955857314,30.08577028319878,42.95692334618685
47111,2021-04-11,2,2021-03-21,spatial,35.98364859629453,3.11518280933172,30.29880287381677,42.73511965783153
47111,2021-04-18,3,2021-03-21,spatial,45.33930221437354,2.020745122887105,41.4840604119397,49.5528235392949
47113,2021-03-28,0,2021-03-21,spatial,92.3351745307129,4.199573165438608,84.318405389403,101.1141567044948
47113,2021-04-04,1,2021-03-21,spatial,92.57065680236477,4.280527399264049,84.40818840044834,101.52245490883776
47113,2021-04-11,2,2021-03-21,spatial,94.65399446704427,8.813206288826947,78.67572780548936,113.87728996568796
47113,2021-04-18,3,2021-03-21,spatial,94.89792781474816,13.875686374624467,71.3182989934888,126.27357677663271
47115,2021-03-28,0,2021-03-21,spatial,23.92295397227037,1.7630149042259038,20.65018561360836,27.714410779059477
47115,2021-04-04,1,2021-03-21,spatial,24.020638102870244,2.062463944132072,20.254271168030343,28.487376814614453
47115,2021-04-11,2,2021-03-21,spatial,25.551272648929963,1.1934466420956138,23.27290572411715,28.05268674737962
47115,2021-04-18,3,2021-03-21,spatial,24.024110258411568,2.4417227405755177,19.629521296646928,29.40254451375261
47117,2021-03-28,0,2021-03-21,spatial,31.796456413145233,2.6825714925954043,26.883992075967765,37.606566672693454
47117,2021-04-04,1,2021-03-21,spatial,31.995480532585017,2.744292361824754,26.98580978374189,37.93515120408878
47117,2021-04-11,2,2021-03-21,spatial,33.28280304164471,2.285508714894506,29.02749752087512,38.16191793702781
47117,2021-04-18,3,2021-03-21,spatial,32.15193480637565,3.4561897150838656,25.989517378162184,39.77553321794427
47119,2021-03-28,0,2021-03-21,spatial,106.31964053775371,2.2201517344731605,101.97205742130674,110.85258305002344
47119,2021-04-04,1,2021-03-21,spatial,86.09634493877535,3.157028657611068,80.02567431267478,92.62753079535817
47119,2021-04-11,2,2021-03-21,spatial,85.97460749763245,3.4045110573786173,79.42854973877455,93.06015480178905
47119,2021-04-18,3,2021-03-21,spatial,135.56062323586127,5.428441683624007,125.12573321081364,146.8657333750351
47121,2021-03-28,0,2021-03-21,spatial,8.090777791533673,0.08221062270686591,7.928093282625752,8.256800587277423
47121,2021-04-04,1,2021-03-21,spatial,10.42393899376765,0.4932086756008086,9.482748980508068,11.458544813232837
47121,2021-04-11,2,2021-03-21,spatial,22.041959887916107,2.1819226146315343,18.124098787167547,26.806739546382246
47121,2021-04-18,3,2021-03-21,spatial,22.06176252271013,2.270649348595976,17.97952236083261,27.070872954264487
47123,2021-03-28,0,2021-03-21,spatial,35.15676019839331,3.36100288203546,29.101590229563023,42.471829817455685
47123,2021-04-04,1,2021-03-21,spatial,35.00192385814914,3.206857900175004,29.17801183787431,41.98828489682744
47123,2021-04-11,2,2021-03-21,spatial,35.083667462352125,3.3275509167674446,29.063440220031037,42.350930010018956
47123,2021-04-18,3,2021-03-21,spatial,34.908480493201836,3.2580329575676665,28.980752278120686,42.04866728957375
47125,2021-03-28,0,2021-03-21,spatial,269.3401889777284,22.5955371867192,227.83123321364647,318.41173124200617
47125,2021-04-04,1,2021-03-21,spatial,268.8984065970544,22.659004580399003,227.2846641892377,318.13124448305217
47125,2021-04-11,2,2021-03-21,spatial,270.4275756124781,25.3887978599312,224.4253888809546,325.85918204840266
47125,2021-04-18,3,2021-03-21,spatial,271.91133642281545,20.73182116344828,233.65273893146502,316.4344454653637
47127,2021-03-28,0,2021-03-21,spatial,20.543384381518713,1.3267625321012528,18.06738909412342,23.35869558397323
47127,2021-04-04,1,2021-03-21,spatial,9.904627626178538,0.4220062960125807,9.099698485035887,10.780758128918619
47127,2021-04-11,2,2021-03-21,spatial,13.652435011035342,0.6521713303015396,12.414158528909793,15.0142259982008
47127,2021-04-18,3,2021-03-21,spatial,13.611974033095892,0.6454927284506942,12.378663192538848,14.968162086303193
47129,2021-03-28,0,2021-03-21,spatial,33.784954313220965,0.8369740225085469,32.150466248057946,35.50253763474973
47129,2021-04-04,1,2021-03-21,spatial,33.771397331066204,0.8286147628709888,32.15467365243826,35.469409206902704
47129,2021-04-11,2,2021-03-21,spatial,26.916696542110678,2.9537154113730475,21.64662346626725,33.4698182314254
47129,2021-04-18,3,2021-03-21,spatial,27.014504021451298,2.4827180269407987,22.523179220073928,32.40143944131049
47131,2021-03-28,0,2021-03-21,spatial,22.047706765049433,2.020378848476824,18.373015306645183,26.457354194974872
47131,2021-04-04,1,2021-03-21,spatial,21.97841302002934,1.8328351615823415,18.614276352727927,25.950546221916603
47131,2021-04-11,2,2021-03-21,spatial,21.94013802304544,2.411793659608066,17.647079892346703,27.277581299954782
47131,2021-04-18,3,2021-03-21,spatial,22.06351193824586,2.590357270648536,17.474715538631965,27.85730949227385
47133,2021-03-28,0,2021-03-21,spatial,16.983778594177853,1.3592245078718053,14.475223037587984,19.92706672546845
47133,2021-04-04,1,2021-03-21,spatial,16.961513595768118,1.3496490532449221,14.473726404205658,19.876909057492696
47133,2021-04-11,2,2021-03-21,spatial,17.024498376583928,1.7572399999050163,13.857882847731734,20.914705958980527
47133,2021-04-18,3,2021-03-21,spatial,16.926142111371238,1.9202052781373664,13.518586903725538,21.192620857094237
47135,2021-03-28,0,2021-03-21,spatial,5.001599142823009,0.3992455514461178,4.26484419380638,5.8656290473207315
47135,2021-04-04,1,2021-03-21,spatial,5.789016708941619,0.2613082812080829,5.291878620251313,6.33285773565489
47135,2021-04-11,2,2021-03-21,spatial,5.789362361331612,0.2437588617255309,5.322589280748088,6.29706986260123
47135,2021-04-18,3,2021-03-21,spatial,5.006428648641979,0.4073364886460536,4.257788271110977,5.886701314859691
47137,2021-03-28,0,2021-03-21,spatial,2.0027997256778622,0.2318195550655471,1.5915418062998503,2.520327600128148
47137,2021-04-04,1,2021-03-21,spatial,2.0000507450384712,0.18447573965728506,1.666423576330852,2.4004719085507835
47137,2021-04-11,2,2021-03-21,spatial,1.9983180596218613,0.1688452567937598,1.6903644393712245,2.362375221816832
47137,2021-04-18,3,2021-03-21,spatial,2.007752323206447,0.1957340259210069,1.6536180635946207,2.4377269939699246
47139,2021-03-28,0,2021-03-21,spatial,29.968516601458422,2.2119649296770407,25.849275848341886,34.744183649906724
47139,2021-04-04,1,2021-03-21,spatial,29.95170939825325,2.6891496684565954,25.056305769231454,35.80355796020957
47139,2021-04-11,2,2021-03-21,spatial,40.01658650895028,0.4072882694965516,39.210265414584775,40.83948881490272
47139,2021-04-18,3,2021-03-21,spatial,29.116719679307018,1.865448605126775,25.632943838662943,33.07397582655362
47141,2021-03-28,0,2021-03-21,spatial,91.0675980807243,9.26443823141567,74.4244676599568,111.43253933752293
47141,2021-04-04,1,2021-03-21,spatial,73.59321703105797,3.4165456269100494,67.08540297614097,80.73234046021305
47141,2021-04-11,2,2021-03-21,spatial,101.03296114176612,5.000374746683628,91.51746724642203,111.5378249005542
47141,2021-04-18,3,2021-03-21,spatial,34.16707372631732,1.5524922665406062,31.20005544545094,37.41624527112217
47143,2021-03-28,0,2021-03-21,spatial,22.07057175210218,2.0296369920374753,18.385831417197828,26.493778084414238
47143,2021-04-04,1,2021-03-21,spatial,21.976349317002157,1.7230381397975705,18.812466442557646,25.672334394726004
47143,2021-04-11,2,2021-03-21,spatial,21.920178032953487,2.8328782471841447,16.960777626780597,28.32972730198936
47143,2021-04-18,3,2021-03-21,spatial,19.67508266875385,1.61211249717302,16.707786198230163,23.169369863214087
47145,2021-03-28,0,2021-03-21,spatial,20.867228639489525,1.954063036640643,17.340490023435894,25.11124140691686
47145,2021-04-04,1,2021-03-21,spatial,20.91947908697736,2.162497568768851,17.040332688713,25.681693735965172
47145,2021-04-11,2,2021-03-21,spatial,21.115862213603254,2.3861554066783777,16.877969784752054,26.41784780457988
47145,2021-04-18,3,2021-03-21,spatial,20.991591707338245,2.2724709496725284,16.961144618828612,25.979786878205644
47147,2021-03-28,0,2021-03-21,spatial,103.2514055034617,7.817845724636239,88.8176672878356,120.03076712081564
47147,2021-04-04,1,2021-03-21,spatial,102.64551682278551,10.824610318640381,83.20272520352191,126.63169503215693
47147,2021-04-11,2,2021-03-21,spatial,103.7102282341782,10.987716761944043,84.09395434130549,127.90231503125149
47147,2021-04-18,3,2021-03-21,spatial,103.43105151138442,12.52057397266804,81.4261676561657,131.38260984999948
47149,2021-03-28,0,2021-03-21,spatial,595.1583110824562,51.68783844257414,500.4061233045074,707.8518802116563
47149,2021-04-04,1,2021-03-21,spatial,592.4093389521397,56.24576225493979,490.8254707964565,715.0175485152204
47149,2021-04-11,2,2021-03-21,spatial,588.2621870462169,66.20002601117062,470.056219088495,736.1936437718927
47149,2021-04-18,3,2021-03-21,spatial,592.7016697615537,62.696804907603216,480.5970008264542,730.9560166501919
47151,2021-03-28,0,2021-03-21,spatial,30.968778793229244,1.8009507842700703,27.575763659648175,34.779281973154305
47151,2021-04-04,1,2021-03-21,spatial,39.60251101705236,2.1604647934113625,35.516945117628715,44.15804550930547
47151,2021-04-11,2,2021-03-21,spatial,33.929617801572505,2.9016356892899733,28.61195827098765,40.2355879753996
47151,2021-04-18,3,2021-03-21,spatial,33.62836254367949,2.8778690266419877,28.395100433548336,39.826123172751494
47153,2021-03-28,0,2021-03-21,spatial,18.009518933687342,1.8630386753904555,14.66602742168408,22.115243814647044
47153,2021-04-04,1,2021-03-21,spatial,19.334651180090013,0.4325440652959517,18.489003910601767,20.218976536718625
47153,2021-04-11,2,2021-03-21,spatial,18.03246627847934,1.8184561450758767,14.751250834158512,22.04354354354276
47153,2021-04-18,3,2021-03-21,spatial,18.046926476144733,1.7782062383833035,14.826202239877231,21.96729479106787
47155,2021-03-28,0,2021-03-21,spatial,199.11931914699326,11.468647137944211,177.51160517735025,223.35724595555146
47155,2021-04-04,1,2021-03-21,spatial,197.31069082301,15.999113791813743,167.83791668828718,231.95896065224647
47155,2021-04-11,2,2021-03-21,spatial,193.84353350048667,7.324735249902653,179.74881817028088,209.04346333091442
47155,2021-04-18,3,2021-03-21,spatial,197.04456134592013,18.98406526812873,162.7250806359984,238.6021810790044
47157,2021-03-28,0,2021-03-21,spatial,737.530537344532,79.3723692562114,595.8424659911243,912.9112551769967
47157,2021-04-04,1,2021-03-21,spatial,733.9395328892168,59.06198681355157,625.0362262693823,861.817628000146
47157,2021-04-11,2,2021-03-21,spatial,738.3485738037431,70.08729008764969,611.9140646872535,890.9071516711249
47157,2021-04-18,3,2021-03-21,spatial,737.751373560076,80.09124655832053,595.6823128925778,913.703625925739
47159,2021-03-28,0,2021-03-21,spatial,37.841039073251565,3.906151607390088,30.8663579436242,46.391746015474936
47159,2021-04-04,1,2021-03-21,spatial,38.12022948659367,3.8120668359262715,31.242605140069234,46.51186703527712
47159,2021-04-11,2,2021-03-21,spatial,37.71402464198645,4.1802156330954725,30.26937606107873,46.98965884946863
47159,2021-04-18,3,2021-03-21,spatial,32.412338338754466,0.320535179148339,31.7773835358183,33.05998039145481
47161,2021-03-28,0,2021-03-21,spatial,4.98697067245877,0.3186726365214235,4.3899440492903485,5.6651921320009055
47161,2021-04-04,1,2021-03-21,spatial,5.004631741854517,0.4050660213158733,4.258372865421692,5.881668811802725
47161,2021-04-11,2,2021-03-21,spatial,5.001344623540714,0.4123638419936407,4.2447541089368555,5.892790819321334
47161,2021-04-18,3,2021-03-21,spatial,5.02864326364118,0.5422467417618035,4.065951271377253,6.219271059881223
47163,2021-03-28,0,2021-03-21,spatial,273.2386746896091,30.971737271746694,218.34208644721846,341.9376198192647
47163,2021-04-04,1,2021-03-21,spatial,256.61375535723994,11.946075652886776,233.85008739070423,281.5933069485053
47163,2021-04-11,2,2021-03-21,spatial,274.1084321390453,23.261316611145677,231.3591623955494,324.7566761210361
47163,2021-04-18,3,2021-03-21,spatial,273.4804433481616,31.844600334035672,217.39521363066228,344.0349566341976
47165,2021-03-28,0,2021-03-21,spatial,295.24929858455835,27.869668188593764,244.8914885818013,355.96234405490793
47165,2021-04-04,1,2021-03-21,spatial,296.61262507617715,25.263194962575437,250.17697090021323,351.66725793347536
47165,2021-04-11,2,2021-03-21,spatial,242.13229624612453,8.593970526787809,225.55669384998882,259.9259985802631
47165,2021-04-18,3,2021-03-21,spatial,242.40512970396512,8.482016685266041,226.01326195461198,259.98583622317
47167,2021-03-28,0,2021-03-21,spatial,32.100897132335746,2.440200357317716,27.60246874273889,37.33244320661994
47167,2021-04-04,1,2021-03-21,spatial,31.848216619845893,2.8167096411153896,26.710540731664445,37.97410588031261
47167,2021-04-11,2,2021-03-21,spatial,32.05945731082991,3.09376476923788,26.471367687878534,38.827189255339015
47167,2021-04-18,3,2021-03-21,spatial,32.01496094612771,3.597659371962473,25.60994251625456,40.02186743416329
47169,2021-03-28,0,2021-03-21,spatial,14.00777798686182,1.1136245100054187,11.955642567563627,16.412153760899585
47169,2021-04-04,1,2021-03-21,spatial,13.432063253977892,0.13752325968447635,13.159936480503562,13.709817180816625
47169,2021-04-11,2,2021-03-21,spatial,13.591447852803118,0.6531071706069185,12.351059737565993,14.956405252709956
47169,2021-04-18,3,2021-03-21,spatial,12.516768012721649,0.9223590058094604,10.806789680135834,14.497319381746554
47171,2021-03-28,0,2021-03-21,spatial,21.927352238852144,1.8143914699637291,18.60934020640539,25.836959874654692
47171,2021-04-04,1,2021-03-21,spatial,17.646049743750165,0.17243475195485444,17.304534685133213,17.994304800719245
47171,2021-04-11,2,2021-03-21,spatial,17.64481990403663,0.17737547631682246,17.29350329482442,18.00327349167387
47171,2021-04-18,3,2021-03-21,spatial,20.47948528793958,1.9909170468654889,16.86723401536099,24.865328676709986
47173,2021-03-28,0,2021-03-21,spatial,26.570928130053968,1.7359905991377438,23.341518484169388,30.247141897444443
47173,2021-04-04,1,2021-03-21,spatial,26.037161568287953,2.257093316703692,21.92988420051005,30.913696412376122
47173,2021-04-11,2,2021-03-21,spatial,25.923430511502204,2.1496905280176093,21.981851047812672,30.57177705476054
47173,2021-04-18,3,2021-03-21,spatial,25.864961481759483,2.87090444655293,20.755582774454133,32.232110257886795
47175,2021-03-28,0,2021-03-21,spatial,5.972988497588455,0.5606643236138346,4.957234702892934,7.1968736060658784
47175,2021-04-04,1,2021-03-21,spatial,5.992569377228729,0.5179115054421363,5.042805481746567,7.121212164713883
47175,2021-04-11,2,2021-03-21,spatial,6.007637462568829,0.5358088586348628,5.029373706469972,7.176183355639439
47175,2021-04-18,3,2021-03-21,spatial,6.006466048176433,0.7311534896880225,4.7209500378062685,7.6420284262658225
47177,2021-03-28,0,2021-03-21,spatial,23.186087433852435,0.2280315326418029,22.73432919032764,23.64682265263276
47177,2021-04-04,1,2021-03-21,spatial,29.109556421514693,1.8463702475350638,25.658899587231215,33.024264044395196
47177,2021-04-11,2,2021-03-21,spatial,28.89113453673976,2.4397833461091083,24.422396852900718,34.177548577540925
47177,2021-04-18,3,2021-03-21,spatial,28.910953000492896,2.7601063737899785,23.91390274052536,34.95218712168881
47179,2021-03-28,0,2021-03-21,spatial,222.54714009391566,20.620612894963973,184.96856346075882,267.76025416063834
47179,2021-04-04,1,2021-03-21,spatial,221.0600298537088,19.119667389185377,186.23335317606097,262.39948948738686
47179,2021-04-11,2,2021-03-21,spatial,221.09980322388316,21.500059452092646,182.36738334278684,268.0584767384251
47179,2021-04-18,3,2021-03-21,spatial,222.3741868468052,21.86004872670528,183.1556218927741,269.9905056953578
47181,2021-03-28,0,2021-03-21,spatial,12.967515256384086,1.3289285131023465,10.585699439134489,15.885247157395474
47181,2021-04-04,1,2021-03-21,spatial,8.99959470719067,0.3040360080455743,8.411527184631566,9.628775264695516
47181,2021-04-11,2,2021-03-21,spatial,13.046452931929071,1.4314854666269332,10.503804743291349,16.204598073260225
47181,2021-04-18,3,2021-03-21,spatial,14.193672311803114,0.6123559296962808,13.022786006552055,15.469833689464537
47183,2021-03-28,0,2021-03-21,spatial,41.893102020083425,2.7637248057288093,36.738226132746384,47.77127753865021
47183,2021-04-04,1,2021-03-21,spatial,42.09092278308151,3.6104843188516087,35.490576101653545,49.918766482034854
47183,2021-04-11,2,2021-03-21,spatial,42.13287157105275,4.0475418716058265,34.8571580043454,50.92724044230819
47183,2021-04-18,3,2021-03-21,spatial,42.12222941443583,4.347460448522384,34.328865497485715,51.68484845420578
47185,2021-03-28,0,2021-03-21,spatial,28.13741854093177,0.2837214306924594,27.575813975689254,28.710460653873852
47185,2021-04-04,1,2021-03-21,spatial,28.138450094446203,0.2897718875966423,27.56504903233173,28.723778898015013
47185,2021-04-11,2,2021-03-21,spatial,28.14878547139483,0.285307048046511,27.58406873508568,28.725063409763425
47185,2021-04-18,3,2021-03-21,spatial,28.127667492287504,0.27782708963873365,27.57733736954425,28.688979938666293
47187,2021-03-28,0,2021-03-21,spatial,351.4683593958638,33.803002870292026,289.96089438256826,426.0229915467057
47187,2021-04-04,1,2021-03-21,spatial,351.65030205259353,35.698811874018666,287.7315339039972,429.7684485807495
47187,2021-04-11,2,2021-03-21,spatial,350.08990835054567,34.35694999301584,288.01502122476506,425.5435824412993
47187,2021-04-18,3,2021-03-21,spatial,321.58587250522584,14.829913639349005,293.2516291816688,352.6577965944751
47189,2021-03-28,0,2021-03-21,spatial,209.06157951740826,16.064892522387787,179.4442765242689,243.5672225210398
47189,2021-04-04,1,2021-03-21,spatial,208.69599840107347,21.296732487467857,170.32313110040243,255.71406224881187
47189,2021-04-11,2,2021-03-21,spatial,208.99752176116084,21.644965184089603,170.06608806184167,256.84111747442216
47189,2021-04-18,3,2021-03-21,spatial,209.57596356322387,21.65119556244514,170.78677661633947,257.17497205372996
48001,2021-03-28,0,2021-03-21,spatial,8.986475531306716,0.8872743272392947,7.391325975147897,10.92588024750978
48001,2021-04-04,1,2021-03-21,spatial,9.035863322909446,0.7804715093689929,7.610409104726102,10.728309722482203
48001,2021-04-11,2,2021-03-21,spatial,8.988365615983101,0.6088214056441593,7.8522997729096975,10.288796758029275
48001,2021-04-18,3,2021-03-21,spatial,9.012456447369924,0.9213016534464956,7.367291393309925,11.024997774554947
48003,2021-03-28,0,2021-03-21,spatial,28.943974194061237,1.6387210060223023,25.84285088633928,32.41723004288686
48003,2021-04-04,1,2021-03-21,spatial,28.946655391414787,2.28377106843146,24.736586548382373,33.87326124040817
48003,2021-04-11,2,2021-03-21,spatial,28.94584398841856,1.1063023864754644,26.81953006672762,31.24073695986643
48003,2021-04-18,3,2021-03-21,spatial,29.11311518212397,2.6863235833094428,24.22041690701793,34.99417367014976
48005,2021-03-28,0,2021-03-21,spatial,113.0254296885306,9.108630709669217,96.2971582275312,132.65965467114583
48005,2021-04-04,1,2021-03-21,spatial,113.29710524604481,6.862246233547569,100.46304722350504,127.77070188380767
48005,2021-04-11,2,2021-03-21,spatial,112.82984514818816,14.637848954762001,87.1313232842368,146.1078918156089
48005,2021-04-18,3,2021-03-21,spatial,113.7525433623942,11.038888475161476,93.88732330398159,137.82096097806874
48007,2021-03-28,0,2021-03-21,spatial,13.906111338266768,1.2370635522994509,11.664025506866945,16.579176069052938
48007,2021-04-04,1,2021-03-21,spatial,13.96731851799149,1.3080430694315366,11.587877355710267,16.835351341278535
48007,2021-04-11,2,2021-03-21,spatial,14.021791464925814,1.0143612727564342,12.149298509808247,16.18287967220006
48007,2021-04-18,3,2021-03-21,spatial,14.0301547695475,1.7994217986000498,10.898708003363364,18.06133743529137
48009,2021-03-28,0,2021-03-21,spatial,3.0025125237042194,0.1738908349548519,2.675384339366495,3.3696397644068448
48009,2021-04-04,1,2021-03-21,spatial,2.9923500014201343,0.2006241105290119,2.618161410689669,3.420017763015
48009,2021-04-11,2,2021-03-21,spatial,3.007819618489611,0.1865557929141603,2.657055258885681,3.4048892386096328
48009,2021-04-18,3,2021-03-21,spatial,2.9991400437950486,0.2351782179696784,2.564804353037676,3.507028125416954
48011,2021-03-28,0,2021-03-21,spatial,4.001285877655756,0.20492764544207093,3.613405217304608,4.430803552852052
48011,2021-04-04,1,2021-03-21,spatial,4.012865909363281,0.23571837716215716,3.5689561392759668,4.511989550478708
48011,2021-04-11,2,2021-03-21,spatial,3.9887942211861622,0.23866897112487534,3.5388541637542583,4.495940946628103
48011,2021-04-18,3,2021-03-21,spatial,4.004679789955135,0.32973075940685603,3.403368551157952,4.712231419843898
48013,2021-03-28,0,2021-03-21,spatial,53.3967591699439,5.025795285448441,44.32817022080359,64.32058611151263
48013,2021-04-04,1,2021-03-21,spatial,52.974039593782855,3.0146527282560207,47.28305568085557,59.34998976853129
48013,2021-04-11,2,2021-03-21,spatial,52.760318988535474,5.351170496602844,43.14870882954946,64.51296771748805
48013,2021-04-18,3,2021-03-21,spatial,53.116414314822215,4.952649985498931,44.09979406456605,63.976567907168395
48015,2021-03-28,0,2021-03-21,spatial,46.949000976395,2.447486194960128,42.3159155294469,52.08935373612955
48015,2021-04-04,1,2021-03-21,spatial,47.048642471925106,2.1032215973645845,43.028724656675,51.44411729869025
48015,2021-04-11,2,2021-03-21,spatial,46.90461846532221,1.9028808376878477,43.24336094973258,50.87586128966347
48015,2021-04-18,3,2021-03-21,spatial,47.11643965174597,4.4447984263283615,39.03774365881085,56.86698762251781
48017,2021-03-28,0,2021-03-21,spatial,4.986766233582703,0.3052438297459858,4.413830923953781,5.634071149722414
48017,2021-04-04,1,2021-03-21,spatial,5.00312490404726,0.41417007029749997,4.241856518241365,5.901014967822541
48017,2021-04-11,2,2021-03-21,spatial,4.999207191401305,0.4317561845393745,4.2125798885450285,5.932723699915508
48017,2021-04-18,3,2021-03-21,spatial,4.985119553446505,0.3439275052062863,4.3468899428596535,5.717056858772433
48019,2021-03-28,0,2021-03-21,spatial,17.000518719898103,0.916556304378184,15.270358950380313,18.926708775133783
48019,2021-04-04,1,2021-03-21,spatial,17.014519687392962,0.7337348657298512,15.608976626487474,18.546627823212273
48019,2021-04-11,2,2021-03-21,spatial,16.953996842928394,1.167906083942566,14.780053025231636,19.44769808737011
48019,2021-04-18,3,2021-03-21,spatial,16.94931124720516,2.152656514065717,13.20024864327564,21.763162158386965
48021,2021-03-28,0,2021-03-21,spatial,77.18664043009295,5.362902829024433,67.18304647874272,88.6797752282572
48021,2021-04-04,1,2021-03-21,spatial,77.19783189795997,4.182692333184494,69.28035252261803,86.02013460887169
48021,2021-04-11,2,2021-03-21,spatial,77.0982666180265,5.159223201090988,67.47439386672157,88.09479233330255
48021,2021-04-18,3,2021-03-21,spatial,77.62089841789674,10.213539979629534,59.965788724119435,100.47402026045671
48023,2021-03-28,0,2021-03-21,spatial,2.0038867252792967,0.10440187611876918,1.8057171281090696,2.2238045733971874
48023,2021-04-04,1,2021-03-21,spatial,2.0035148053120366,0.16887861179721805,1.6939014148343745,2.3697197132909977
48023,2021-04-11,2,2021-03-21,spatial,1.9978654099826911,0.17162454774560806,1.6842866825570246,2.3698258958775376
48023,2021-04-18,3,2021-03-21,spatial,1.989789225552544,0.21719148551109388,1.60430824954824,2.467893039408037
48025,2021-03-28,0,2021-03-21,spatial,20.96907811819976,1.742039906049127,17.79978778633271,24.702667380382056
48025,2021-04-04,1,2021-03-21,spatial,20.981966772333468,2.0678169684839642,17.240464395198053,25.535444959239374
48025,2021-04-11,2,2021-03-21,spatial,21.02770704265988,0.9928129170369236,19.137435378607915,23.104687473755504
48025,2021-04-18,3,2021-03-21,spatial,21.108324770401627,3.0006396410298755,15.964077383625948,27.910248986249265
48027,2021-03-28,0,2021-03-21,spatial,176.71867356778702,13.63490904192782,151.57880611115544,206.0280746944064
48027,2021-04-04,1,2021-03-21,spatial,176.5891381309221,10.212737630974054,157.35143545746513,198.17883208476601
48027,2021-04-11,2,2021-03-21,spatial,176.38391937937732,14.520271334332776,149.66586059272078,207.87163413500477
48027,2021-04-18,3,2021-03-21,spatial,177.04637544895542,15.158814775855072,149.26302032294248,210.00123802797356
48029,2021-03-28,0,2021-03-21,spatial,1828.5829534998609,69.378266787608,1695.1706362108484,1972.495008115736
48029,2021-04-04,1,2021-03-21,spatial,1828.266421904356,139.4246093475895,1570.9136972014478,2127.7795943963433
48029,2021-04-11,2,2021-03-21,spatial,1831.8528985735613,140.1206590651,1571.8880290729885,2134.8117550022666
48029,2021-04-18,3,2021-03-21,spatial,1829.10136101469,124.42415301133714,1596.750353380955,2095.2629080568554
48031,2021-03-28,0,2021-03-21,spatial,3.9996187055436097,0.177857122467932,3.660310764658386,4.3703802267803695
48031,2021-04-04,1,2021-03-21,spatial,3.996368140460096,0.3121756177146676,3.419690821975832,4.670293060252965
48031,2021-04-11,2,2021-03-21,spatial,3.9976999883990416,0.3659595254487559,3.3350022560684005,4.792082274656764
48031,2021-04-18,3,2021-03-21,spatial,4.008647505094836,0.20588942979703576,3.6173980780523416,4.4422135671490635
48033,2021-03-28,0,2021-03-21,spatial,1.0005100807688283,0.009951226297881192,0.9808023513549994,1.0206138069888564
48033,2021-04-04,1,2021-03-21,spatial,1.0002581266537889,0.00961579925618417,0.9811964285070391,1.0196901363158288
48033,2021-04-11,2,2021-03-21,spatial,1.0003422220546443,0.009939407774763685,0.9806628262712768,1.0204165329994963
48033,2021-04-18,3,2021-03-21,spatial,1.000258303852756,0.009627314742564973,0.9812002168177988,1.0196865606809995
48035,2021-03-28,0,2021-03-21,spatial,10.993212096975194,0.8073291749687387,9.496347468731363,12.726020462815525
48035,2021-04-04,1,2021-03-21,spatial,11.013942969913485,0.7937418042968529,9.540214777350648,12.715325867977375
48035,2021-04-11,2,2021-03-21,spatial,11.025327245908922,0.7414045274496155,9.644122179630017,12.604344762049156
48035,2021-04-18,3,2021-03-21,spatial,10.979201491497598,0.6507941973097832,9.756663509743401,12.35492699635732
48037,2021-03-28,0,2021-03-21,spatial,45.03092159429878,2.2603818926883408,40.73228975764837,49.783204226841285
48037,2021-04-04,1,2021-03-21,spatial,45.00207834998268,2.3378959611599965,40.58076015489739,49.90510399725903
48037,2021-04-11,2,2021-03-21,spatial,45.029022347314495,3.66743601897054,38.27355898975181,52.9768567929067
48037,2021-04-18,3,2021-03-21,spatial,44.874322872851344,3.2045388431234003,38.914655733710774,51.74669582268688
48039,2021-03-28,0,2021-03-21,spatial,595.1889512612737,30.60735679969249,537.0965697727804,659.5646065164052
48039,2021-04-04,1,2021-03-21,spatial,596.8353178938447,38.24672808550157,525.4919285622435,677.8646394437516
48039,2021-04-11,2,2021-03-21,spatial,598.4507283742148,50.581962834805815,505.70621413676537,708.2042187339432
48039,2021-04-18,3,2021-03-21,spatial,598.4544067484479,53.07575257939603,501.7943795154216,713.7339348091083
48041,2021-03-28,0,2021-03-21,spatial,556.0940831971724,49.39983809689087,465.840180540786,663.8341694954511
48041,2021-04-04,1,2021-03-21,spatial,554.0806711630793,48.21748548359985,466.07494207037263,658.7039174274544
48041,2021-04-11,2,2021-03-21,spatial,555.1139962015525,48.28903555572784,467.06196726006584,659.7658777197645
48041,2021-04-18,3,2021-03-21,spatial,558.2970804517587,43.586572724116905,477.89612254745265,652.2246474389583
48043,2021-03-28,0,2021-03-21,spatial,16.031486478005352,0.9976937972411596,14.160543345544193,18.149625506802305
48043,2021-04-04,1,2021-03-21,spatial,16.056332348739602,1.065930959544582,14.074026094171874,18.31784357710836
48043,2021-04-11,2,2021-03-21,spatial,15.982369694792311,1.3255459189487513,13.548908099170005,18.852894948535624
48043,2021-04-18,3,2021-03-21,spatial,16.025004661087586,1.5598237996720554,13.210512526035506,19.439122735152896
48045,2021-03-28,0,2021-03-21,spatial,1.000687343432187,0.06328516145753972,0.8820910032933926,1.1352288545814588
48045,2021-04-04,1,2021-03-21,spatial,0.9978811316166988,0.04958725715580088,0.9036863455699764,1.1018942111032668
48045,2021-04-11,2,2021-03-21,spatial,1.00095718253358,0.05275753240044796,0.9011043092327664,1.111874919473674
48045,2021-04-18,3,2021-03-21,spatial,0.9988860525978668,0.060537711234243126,0.8849535358239382,1.1274867048760575
48047,2021-03-28,0,2021-03-21,spatial,2.9950377916580284,0.18206151717757602,2.6523429370671785,3.3820103909257786
48047,2021-04-04,1,2021-03-21,spatial,3.0071218844732006,0.20989939002201335,2.615895028627789,3.4568596710171486
48047,2021-04-11,2,2021-03-21,spatial,3.007787986222348,0.2505739153513473,2.5483036813942044,3.55012184619766
48047,2021-04-18,3,2021-03-21,spatial,2.9982658089498067,0.20296088972241347,2.620041817821102,3.4310894581802645
48049,2021-03-28,0,2021-03-21,spatial,8.000826986328821,0.4898188218454601,7.081043353533522,9.040084810838534
48049,2021-04-04,1,2021-03-21,spatial,7.9961300926947745,0.35254075145680064,7.323644670957852,8.730365730719777
48049,2021-04-11,2,2021-03-21,spatial,7.993709282728598,0.4077108528037488,7.219352372033202,8.851124699816424
48049,2021-04-18,3,2021-03-21,spatial,8.030163474519956,0.992867898608592,6.283096370169617,10.263017090373486
48051,2021-03-28,0,2021-03-21,spatial,21.991814403848963,1.4214767637041381,19.3303409483505,25.01972945358776
48051,2021-04-04,1,2021-03-21,spatial,22.136513775990853,1.7457142939346488,18.921304259191604,25.89806894081247
48051,2021-04-11,2,2021-03-21,spatial,21.853714130190145,2.040777388959002,18.171327038173942,26.282330414326506
48051,2021-04-18,3,2021-03-21,spatial,22.03866553512804,1.7664679042307525,18.810561967800524,25.82074790751361
48053,2021-03-28,0,2021-03-21,spatial,29.962566620704962,1.0917086936686835,27.85983344109045,32.224004511673925
48053,2021-04-04,1,2021-03-21,spatial,29.896109313548703,2.5054143047973936,25.295375348857213,35.33362678992753
48053,2021-04-11,2,2021-03-21,spatial,29.953927016556502,2.2537661138248377,25.797091511353607,34.78057762125269
48053,2021-04-18,3,2021-03-21,spatial,30.03297642729713,2.751274290864278,25.046908805752484,36.0116164464746
48055,2021-03-28,0,2021-03-21,spatial,43.0346054811594,3.319283295910338,36.95345741452815,50.11648160940237
48055,2021-04-04,1,2021-03-21,spatial,42.961819945819435,3.117548738094229,37.18171789985311,49.640470567507066
48055,2021-04-11,2,2021-03-21,spatial,42.874457983442575,3.922129011472024,35.738251506699,51.43562065506801
48055,2021-04-18,3,2021-03-21,spatial,42.988086870608356,5.011401092679116,34.15117947469146,54.11161901932132
48057,2021-03-28,0,2021-03-21,spatial,36.00676931728388,1.4247135010451846,33.270362779242674,38.96823864742984
48057,2021-04-04,1,2021-03-21,spatial,36.028947238163674,1.9781453349086398,32.29519517721416,40.19437046184021
48057,2021-04-11,2,2021-03-21,spatial,36.00170293403773,3.1455044544846587,30.235220796389214,42.86797251718724
48057,2021-04-18,3,2021-03-21,spatial,35.89419704709307,2.7172878720558358,30.856905030820823,41.753811030907286
48059,2021-03-28,0,2021-03-21,spatial,5.0008220156605026,0.3225397890772201,4.398497284299783,5.685628344384883
48059,2021-04-04,1,2021-03-21,spatial,5.004251018383144,0.32469700021297776,4.397484834196199,5.6947389699335185
48059,2021-04-11,2,2021-03-21,spatial,4.997496960857824,0.327489763654236,4.389358819487063,5.689891599407165
48059,2021-04-18,3,2021-03-21,spatial,4.9948115486848925,0.5185531121238863,4.068627504468391,6.131832510957701
48061,2021-03-28,0,2021-03-21,spatial,234.77301838477462,11.621434587046096,212.71380745891938,259.11985131544657
48061,2021-04-04,1,2021-03-21,spatial,236.1542278253329,21.24411683850552,197.2998380658637,282.66023868282235
48061,2021-04-11,2,2021-03-21,spatial,234.03807542452637,23.58478626136063,191.7061097940332,285.71765817617717
48061,2021-04-18,3,2021-03-21,spatial,235.26927428669467,25.301094923391556,190.0315603092884,291.2759929629567
48063,2021-03-28,0,2021-03-21,spatial,6.029040474160683,0.4038752190705399,5.274304354760368,6.891776923389009
48063,2021-04-04,1,2021-03-21,spatial,6.019856573652847,0.3567904158715741,5.351612695036688,6.771542567151892
48063,2021-04-11,2,2021-03-21,spatial,5.9940384221304575,0.3867527821211555,5.270618392930791,6.816751646100053
48063,2021-04-18,3,2021-03-21,spatial,5.998107725454763,0.5166266916235723,5.0523194996606815,7.120946386818247
48065,2021-03-28,0,2021-03-21,spatial,0.9993564489871172,0.08334716177975794,0.8464254102579292,1.1799188682530282
48065,2021-04-04,1,2021-03-21,spatial,0.9955555815830434,0.07366401217368912,0.8586631784656988,1.1542720601949563
48065,2021-04-11,2,2021-03-21,spatial,1.002664537170226,0.08472653687134511,0.8476309344144074,1.1860541342716902
48065,2021-04-18,3,2021-03-21,spatial,1.001516001883643,0.11667005005902313,0.7951528824135369,1.261435787020574
48067,2021-03-28,0,2021-03-21,spatial,29.931043374472576,2.4429083352763725,25.44687783265035,35.20539389453469
48067,2021-04-04,1,2021-03-21,spatial,29.976284062282357,1.9213278818940036,26.38388075426044,34.05782547882164
48067,2021-04-11,2,2021-03-21,spatial,30.07655668647205,2.1560301491859386,26.07566178121065,34.69132517919042
48067,2021-04-18,3,2021-03-21,spatial,29.95476586026067,2.999913336931256,24.556180264695932,36.540210573101895
48069,2021-03-28,0,2021-03-21,spatial,13.995873075041072,0.8655052542613719,12.37351265820384,15.830950235686311
48069,2021-04-04,1,2021-03-21,spatial,14.002118346910596,0.7698376587430024,12.550540122608496,15.62158411395457
48069,2021-04-11,2,2021-03-21,spatial,13.983037821968994,0.7801617561491352,12.512300592796825,15.626650373407507
48069,2021-04-18,3,2021-03-21,spatial,14.010903185672953,0.9075684562756402,12.308443568699285,15.948840889802725
48071,2021-03-28,0,2021-03-21,spatial,79.71347988479505,4.558911673620222,71.10709524081975,89.36153071396889
48071,2021-04-04,1,2021-03-21,spatial,80.21704506724386,4.635597652594005,71.49712286406253,90.00046521528799
48071,2021-04-11,2,2021-03-21,spatial,80.07235225358656,4.706332084846938,71.21258568957606,90.03438835055474
48071,2021-04-18,3,2021-03-21,spatial,79.87275579838014,4.569938364457854,71.2304515334953,89.56362035452925
48073,2021-03-28,0,2021-03-21,spatial,6.010399322724244,0.30795302402144803,5.423688518935462,6.660577924503398
48073,2021-04-04,1,2021-03-21,spatial,6.0089596588705145,0.3318972948699685,5.382876106581752,6.707863132458828
48073,2021-04-11,2,2021-03-21,spatial,6.004837849197018,0.4914169172550821,5.102025199224408,7.067404841636312
48073,2021-04-18,3,2021-03-21,spatial,6.024852917076287,0.5981663472843658,4.949434104035572,7.333939983725815
48075,2021-03-28,0,2021-03-21,spatial,3.004440732279593,0.23570238991660405,2.5716501524195783,3.5100669137626896
48075,2021-04-04,1,2021-03-21,spatial,2.9966683990125174,0.26254010399947725,2.5153989396474294,3.570018795865012
48075,2021-04-11,2,2021-03-21,spatial,2.9742735447311976,0.273357058771437,2.4774178654559846,3.570775541032785
48075,2021-04-18,3,2021-03-21,spatial,2.996035527364487,0.2985909199819097,2.4616511793750577,3.6464260072416135
48077,2021-03-28,0,2021-03-21,spatial,3.988900110979415,0.3802214192843788,3.3026195056063474,4.817789051497272
48077,2021-04-04,1,2021-03-21,spatial,3.999842516754266,0.1876765450178288,3.6422717200947488,4.392516920296906
48077,2021-04-11,2,2021-03-21,spatial,3.999797010142345,0.2442251517476252,3.541934684432845,4.5168467370835765
48077,2021-04-18,3,2021-03-21,spatial,4.007744972992153,0.3223183638043137,3.4139985468506477,4.704752959945107
48079,2021-03-28,0,2021-03-21,spatial,5.996772836021552,0.30326306833078304,5.421445300566655,6.633154528569577
48079,2021-04-04,1,2021-03-21,spatial,5.983107603191326,0.4662607458763101,5.122844079995144,6.987832546213234
48079,2021-04-11,2,2021-03-21,spatial,5.997967239548438,0.4897924574126406,5.0985961688813894,7.055983610992514
48079,2021-04-18,3,2021-03-21,spatial,5.990140099945638,0.473986087647909,5.11839302920628,7.010360129093293
48081,2021-03-28,0,2021-03-21,spatial,1.000191719863188,0.009962931576877616,0.980460573854507,1.0203199426470069
48081,2021-04-04,1,2021-03-21,spatial,0.9996390730076771,0.009918053276528284,0.9799932551543292,1.0196787284278617
48081,2021-04-11,2,2021-03-21,spatial,0.9997836092629188,0.009824279164453472,0.9803393243467144,1.01961355678238
48081,2021-04-18,3,2021-03-21,spatial,0.9996435214130962,0.010245433568586048,0.979360566827402,1.0203465442154007
48083,2021-03-28,0,2021-03-21,spatial,1.0000854952597764,0.05214591325084945,0.9011721554966184,1.1098556382690472
48083,2021-04-04,1,2021-03-21,spatial,0.9977371932322536,0.0711028251683946,0.8656865741620962,1.1499306290183682
48083,2021-04-11,2,2021-03-21,spatial,1.0048460940745108,0.07874967002113087,0.8594414107102879,1.1748510837316042
48083,2021-04-18,3,2021-03-21,spatial,1.0004349764713465,0.08514634775626513,0.8440770814844542,1.1857568036168242
48085,2021-03-28,0,2021-03-21,spatial,611.1949091069978,50.3560731475511,518.3292120553198,720.6987532827734
48085,2021-04-04,1,2021-03-21,spatial,609.3974447032732,64.60855217023091,493.96249270860125,751.8085909205968
48085,2021-04-11,2,2021-03-21,spatial,612.2122811729673,60.70986069626842,502.2892849427865,746.1912655805522
48085,2021-04-18,3,2021-03-21,spatial,613.0958886726195,90.45638443876119,458.7610250530896,819.3515756134036
48087,2021-03-28,0,2021-03-21,spatial,16.002927513162547,0.9206013033448668,14.268255492978518,17.948493361193307
48087,2021-04-04,1,2021-03-21,spatial,16.042408007478087,1.5375007862529846,13.268019831275547,19.396930208963614
48087,2021-04-11,2,2021-03-21,spatial,15.984178324097615,1.6641457361574372,12.988769330941393,19.670374474040674
48087,2021-04-18,3,2021-03-21,spatial,15.951694663271436,1.5278885828856543,13.199979522523986,19.27704222541002
48089,2021-03-28,0,2021-03-21,spatial,18.9838487931454,1.2749235177670295,16.6040382872117,21.70475090259067
48089,2021-04-04,1,2021-03-21,spatial,18.976716566566264,1.5857957513977603,16.05763369324492,22.42645326996612
48089,2021-04-11,2,2021-03-21,spatial,19.042313277857662,1.4469542421570245,16.374337854511975,22.144998973021472
48089,2021-04-18,3,2021-03-21,spatial,19.03722821461365,1.5787439417282505,16.146746615647526,22.44514432053272
48091,2021-03-28,0,2021-03-21,spatial,108.49641279943087,10.527062166307852,89.59342271822918,131.38767593873177
48091,2021-04-04,1,2021-03-21,spatial,108.83796785385763,12.194136128715554,87.34750557398955,135.6158160294938
48091,2021-04-11,2,2021-03-21,spatial,109.56889700499785,7.757540991890324,95.09729692344429,126.24273853500205
48091,2021-04-18,3,2021-03-21,spatial,108.95003117332594,12.57217187857852,86.72224043828336,136.87503035759505
48093,2021-03-28,0,2021-03-21,spatial,8.007255278186609,0.5819865077817641,6.924875945159152,9.258813818154794
48093,2021-04-04,1,2021-03-21,spatial,7.97237975473961,0.9923583730781956,6.24352173100375,10.179966001906402
48093,2021-04-11,2,2021-03-21,spatial,8.085652223393286,1.1417925416156074,6.120242045167779,10.682219983322986
48093,2021-04-18,3,2021-03-21,spatial,7.972362360406644,0.9033762748764982,6.368117488634229,9.980745757135836
48095,2021-03-28,0,2021-03-21,spatial,8.014588214128906,0.5686648551308747,6.9599531793498715,9.229031084955377
48095,2021-04-04,1,2021-03-21,spatial,8.000667043597437,0.6204842896697476,6.862283056576853,9.327897525468288
48095,2021-04-11,2,2021-03-21,spatial,8.040700627720964,0.6221802362621017,6.895508020469567,9.376084603586557
48095,2021-04-18,3,2021-03-21,spatial,8.030170865304806,0.5742197023086951,6.959513071649762,9.265539623550731
48097,2021-03-28,0,2021-03-21,spatial,14.01854023201087,0.4919015169622102,13.07261884498739,15.032907527313206
48097,2021-04-04,1,2021-03-21,spatial,14.00188780889509,0.6384321558293912,12.785859763953075,15.333568945094562
48097,2021-04-11,2,2021-03-21,spatial,13.925667254748928,1.5869919299571544,11.114597453096481,17.44770418437062
48097,2021-04-18,3,2021-03-21,spatial,13.907066538274153,1.3260061626726896,11.51353556565933,16.798184936071728
48099,2021-03-28,0,2021-03-21,spatial,27.909537133636785,2.538283351449292,23.27701790698166,33.464005832990146
48099,2021-04-04,1,2021-03-21,spatial,27.9707085781974,1.0384100840893151,25.970355149763193,30.125138214506826
48099,2021-04-11,2,2021-03-21,spatial,28.025628534218143,2.506357009953325,23.44506442944807,33.50111735037243
48099,2021-04-18,3,2021-03-21,spatial,28.05419841789855,2.304090431289725,23.83492104816437,33.02037574533667
48101,2021-03-28,0,2021-03-21,spatial,0.9996216979433048,0.09708119117613366,0.8234797293744297,1.2134403596772785
48101,2021-04-04,1,2021-03-21,spatial,1.0057155031098477,0.0941194829709472,0.835705916042413,1.2103105336209692
48101,2021-04-11,2,2021-03-21,spatial,1.0044889432860502,0.06663479352795851,0.8798068114729048,1.1468404472735765
48101,2021-04-18,3,2021-03-21,spatial,0.9979644000650691,0.09317855777290744,0.8302208639444394,1.1995999944707292
48103,2021-03-28,0,2021-03-21,spatial,2.000674916772779,0.1643234806728507,1.6966577230093862,2.359167714454581
48103,2021-04-04,1,2021-03-21,spatial,1.9999029433823892,0.1407661817159491,1.7377513284705752,2.301601913588909
48103,2021-04-11,2,2021-03-21,spatial,1.9988356373403302,0.1287133231342063,1.7578981201774286,2.272796050716787
48103,2021-04-18,3,2021-03-21,spatial,2.0059741963533426,0.18030984923088206,1.677131514872443,2.399294534001697
48105,2021-03-28,0,2021-03-21,spatial,1.0018080403261271,0.0746255917150773,0.8631989787995379,1.1626743940983593
48105,2021-04-04,1,2021-03-21,spatial,0.9947284739760516,0.07565109324503619,0.8539295667437553,1.15874279972747
48105,2021-04-11,2,2021-03-21,spatial,1.0010101459125138,0.11654263162043008,0.7950104168576481,1.2603876514981698
48105,2021-04-18,3,2021-03-21,spatial,1.000989472470279,0.08482283911503492,0.8456866138293059,1.1848123259978292
48107,2021-03-28,0,2021-03-21,spatial,18.00330194832923,1.878953403233188,14.649576586778483,22.124795151775132
48107,2021-04-04,1,2021-03-21,spatial,17.954227000328263,1.0511699301636694,15.976981418398028,20.17616837233813
48107,2021-04-11,2,2021-03-21,spatial,18.058813527028587,1.6317439313489268,15.088449120369209,21.613934169266734
48107,2021-04-18,3,2021-03-21,spatial,18.021427727528692,1.3803793591980895,15.471453280588973,20.991683938703414
48109,2021-03-28,0,2021-03-21,spatial,5.006918936719268,0.32512187345576643,4.396452008911879,5.702151914330263
48109,2021-04-04,1,2021-03-21,spatial,5.000731491625924,0.35369342492721795,4.343492106250118,5.75742164129979
48109,2021-04-11,2,2021-03-21,spatial,5.013951572038501,0.2981573020577035,4.453714614832198,5.644661263886242
48109,2021-04-18,3,2021-03-21,spatial,4.9963601214957265,0.44523661402482817,4.188640754218413,5.9598365981928
48111,2021-03-28,0,2021-03-21,spatial,2.997231547923924,0.05475945548388213,2.8896325210016047,3.1088371571747864
48111,2021-04-04,1,2021-03-21,spatial,2.9986109722836605,0.20077013189702467,2.6239386078492366,3.4267828279984642
48111,2021-04-11,2,2021-03-21,spatial,2.991701638464177,0.30423032205268563,2.4462606982737003,3.658759142026588
48111,2021-04-18,3,2021-03-21,spatial,3.0016245629338423,0.24497408144659324,2.5513497209484988,3.5313661403730574
48113,2021-03-28,0,2021-03-21,spatial,2581.3002084243485,251.40448873640202,2128.022234775455,3131.128358118245
48113,2021-04-04,1,2021-03-21,spatial,2576.310395674024,202.3743977458314,2202.4006085440765,3013.700245590543
48113,2021-04-11,2,2021-03-21,spatial,2576.3128203948863,197.27745966239246,2211.6860942412673,3001.0532533587443
48113,2021-04-18,3,2021-03-21,spatial,2577.145333245416,293.29426249028467,2058.704600535147,3226.1442787577034
48115,2021-03-28,0,2021-03-21,spatial,0.9944585941027122,0.08677696858886531,0.8355632071546211,1.183570419229503
48115,2021-04-04,1,2021-03-21,spatial,1.0013432663332562,0.09015618780234157,0.8367332564074953,1.1983369005027784
48115,2021-04-11,2,2021-03-21,spatial,0.9987403977346218,0.11393443566815295,0.7978785864398868,1.2501681321187608
48115,2021-04-18,3,2021-03-21,spatial,1.0015663329253697,0.11467685252990645,0.7984424418435102,1.256364975956752
48117,2021-03-28,0,2021-03-21,spatial,29.941385424175216,3.527833497827959,23.730970251785607,37.77707154858352
48117,2021-04-04,1,2021-03-21,spatial,30.009417893897663,2.0800888011467977,26.131023841494173,34.46344727222487
48117,2021-04-11,2,2021-03-21,spatial,30.013811482980586,0.8267072258393398,28.40561154511945,31.71306057977387
48117,2021-04-18,3,2021-03-21,spatial,30.150724526757948,2.3290170572553865,25.847007399041015,35.17104225853905
48119,2021-03-28,0,2021-03-21,spatial,3.0017442289208267,0.1957508802404104,2.6362384713937264,3.4179261525972024
48119,2021-04-04,1,2021-03-21,spatial,2.9860767200221905,0.17245622412471995,2.6611378436258684,3.350692336068288
48119,2021-04-11,2,2021-03-21,spatial,2.99925882853993,0.27442711327257585,2.497753920119791,3.6014570723377326
48119,2021-04-18,3,2021-03-21,spatial,2.9935307484460343,0.2137023035716319,2.596352164128468,3.451467973297813
48121,2021-03-28,0,2021-03-21,spatial,598.5724468914642,26.943989115902795,546.8822829737841,655.1482564572491
48121,2021-04-04,1,2021-03-21,spatial,600.5232907566842,45.401920647630824,516.4472691338386,698.2866292352867
48121,2021-04-11,2,2021-03-21,spatial,596.9217203019698,58.89649965462428,490.79586220174315,725.9954038116939
48121,2021-04-18,3,2021-03-21,spatial,598.4800576276792,51.84426627324739,503.8648087473336,710.8620668875512
48123,2021-03-28,0,2021-03-21,spatial,1.0014295742985349,0.06166444950752253,0.8855925612451123,1.1324182656522737
48123,2021-04-04,1,2021-03-21,spatial,1.0003756225521565,0.09091695617165156,0.8343347696208601,1.1994602438196098
48123,2021-04-11,2,2021-03-21,spatial,1.0022180618322147,0.0690364607727672,0.8733234502033376,1.150136347797434
48123,2021-04-18,3,2021-03-21,spatial,0.9990566624807098,0.09017462617635548,0.8352739134715798,1.194954372151664
48125,2021-03-28,0,2021-03-21,spatial,2.9985173309069246,0.2234575123447215,2.5847200699436224,3.4785609042550205
48125,2021-04-04,1,2021-03-21,spatial,3.002201003677037,0.15642986571868195,2.705731426235036,3.3311550359678863
48125,2021-04-11,2,2021-03-21,spatial,3.0094626783043616,0.08740365189345703,2.839638892618351,3.1894427265559044
48125,2021-04-18,3,2021-03-21,spatial,3.011287440896145,0.328193527197579,2.427525889981679,3.7354295948486422
48127,2021-03-28,0,2021-03-21,spatial,7.9975246550611585,0.6195241418095455,6.851649677435096,9.335036614460213
48127,2021-04-04,1,2021-03-21,spatial,8.000716720288635,0.4817307386372812,7.097171456345963,9.019292887601019
48127,2021-04-11,2,2021-03-21,spatial,8.017259953708786,0.6452135674322709,6.8291851862962965,9.412024335541846
48127,2021-04-18,3,2021-03-21,spatial,7.994066332785626,0.44242252075773697,7.160016044049318,8.925272812215004
48129,2021-03-28,0,2021-03-21,spatial,12.006152235096483,1.0372310759472647,10.109913821769137,14.25805343483016
48129,2021-04-04,1,2021-03-21,spatial,12.03222786064976,0.7835591142806523,10.56931308577437,13.697626904955035
48129,2021-04-11,2,2021-03-21,spatial,11.985948503527956,0.6587200029066957,10.739798347526747,13.376690779516164
48129,2021-04-18,3,2021-03-21,spatial,11.940265958750429,1.347410544995496,9.526979125599855,14.964864442979195
48131,2021-03-28,0,2021-03-21,spatial,18.997360012412685,0.9574306719517592,17.176145257738238,21.01168114415098
48131,2021-04-04,1,2021-03-21,spatial,18.937141481069684,1.4995472794358595,16.17350149799895,22.173017235533038
48131,2021-04-11,2,2021-03-21,spatial,18.97620783714561,0.93968829608506,17.186002284304287,20.95289282065423
48131,2021-04-18,3,2021-03-21,spatial,18.98131691650671,1.33974594035151,16.48077992033683,21.86124647173253
48133,2021-03-28,0,2021-03-21,spatial,4.991072614465849,0.3298833700532651,4.374388143641676,5.6946948978635294
48133,2021-04-04,1,2021-03-21,spatial,5.026709954400129,0.3797333678003424,4.324341786772322,5.843158152520866
48133,2021-04-11,2,2021-03-21,spatial,4.9857467450356445,0.3261248159740039,4.377462746260426,5.678556745427227
48133,2021-04-18,3,2021-03-21,spatial,5.0010886919176105,0.2113768895682447,4.596243886193513,5.441592901446217
48135,2021-03-28,0,2021-03-21,spatial,83.59424859632261,6.7988032704527885,71.15655042211273,98.20597481088942
48135,2021-04-04,1,2021-03-21,spatial,83.85860938342441,4.377890468500689,75.53912380257073,93.09435976648741
48135,2021-04-11,2,2021-03-21,spatial,84.42109446445087,7.048939633260583,71.45710678888256,99.73705220996379
48135,2021-04-18,3,2021-03-21,spatial,83.86863701527611,6.8064685502018785,71.33631939327242,98.60262394562928
48137,2021-03-28,0,2021-03-21,spatial,0.9983510973892687,0.04293769840384073,0.9162644185377442,1.0877917918595894
48137,2021-04-04,1,2021-03-21,spatial,1.004162101258284,0.07556073177570025,0.8639799185063752,1.1670890769621654
48137,2021-04-11,2,2021-03-21,spatial,1.0012832446726745,0.07107441361077849,0.8690263600332403,1.153668268502109
48137,2021-04-18,3,2021-03-21,spatial,0.9982923745283409,0.11403122005194365,0.7971701782692721,1.250156732161148
48139,2021-03-28,0,2021-03-21,spatial,395.70896089785737,29.966333772847012,339.93978860701725,460.62740221292734
48139,2021-04-04,1,2021-03-21,spatial,392.78845281827546,29.271358667216244,338.8865307279192,455.2637968112198
48139,2021-04-11,2,2021-03-21,spatial,393.3022734604526,37.19278004648231,326.3584276618084,473.97788810729287
48139,2021-04-18,3,2021-03-21,spatial,391.052087151411,46.0031088475466,309.38332555423295,494.27917484411597
48141,2021-03-28,0,2021-03-21,spatial,1098.6818998246001,65.995993619029,975.5307352543608,1237.3796881832245
48141,2021-04-04,1,2021-03-21,spatial,1101.9273206593298,65.08673680835757,979.2310748984739,1239.9972296031767
48141,2021-04-11,2,2021-03-21,spatial,1099.8966115837488,74.3958055171473,961.3965683021116,1258.3491517032865
48141,2021-04-18,3,2021-03-21,spatial,1103.1059408902474,105.3854294260577,912.1611489716,1334.021645406917
48143,2021-03-28,0,2021-03-21,spatial,20.019472684505487,1.4489278218972783,17.33254676965491,23.122931205201112
48143,2021-04-04,1,2021-03-21,spatial,20.007658845597803,2.1338040747449334,16.19328129439399,24.72052484016388
48143,2021-04-11,2,2021-03-21,spatial,20.0222361626716,1.351741510902421,17.498020725470152,22.910587845530323
48143,2021-04-18,3,2021-03-21,spatial,19.94634417546496,2.109993036855444,16.158723704264904,24.621786549954766
48145,2021-03-28,0,2021-03-21,spatial,24.951419991699897,2.60074362024261,20.286947380935707,30.68837060164376
48145,2021-04-04,1,2021-03-21,spatial,24.927946042927516,2.424839469809308,20.552666174106733,30.23464151341976
48145,2021-04-11,2,2021-03-21,spatial,25.02485786482601,1.6482211103298228,21.930687691716948,28.55558019693435
48145,2021-04-18,3,2021-03-21,spatial,25.02349248272053,2.2072844970592795,20.999752126689074,29.818217484431656
48147,2021-03-28,0,2021-03-21,spatial,5.998807030159912,0.7077254123238712,4.753456301657051,7.5704252866596065
48147,2021-04-04,1,2021-03-21,spatial,6.000995162750439,0.370148224737638,5.307605338872877,6.784969990063665
48147,2021-04-11,2,2021-03-21,spatial,5.977252847560548,0.4566824877526751,5.132542233051856,6.960985410621112
48147,2021-04-18,3,2021-03-21,spatial,5.9988025225233015,0.5679069172310469,4.969368106334403,7.2414904539596066
48149,2021-03-28,0,2021-03-21,spatial,51.716335991578376,4.3635355308327615,43.67553852856473,61.237468351869175
48149,2021-04-04,1,2021-03-21,spatial,52.003861027158216,3.2061168238100386,45.99681967909178,58.79540326048437
48149,2021-04-11,2,2021-03-21,spatial,52.06783617684686,3.945968472791696,44.79851286887945,60.516731260119045
48149,2021-04-18,3,2021-03-21,spatial,51.776057167383954,5.694113264327486,41.61860705585299,64.41253769504054
48151,2021-03-28,0,2021-03-21,spatial,1.0001430860155678,0.0096806351294467,0.9809837610250706,1.0196766065316951
48151,2021-04-04,1,2021-03-21,spatial,1.0001666662234805,0.009869964157458031,0.980623914969172,1.0200988829198994
48151,2021-04-11,2,2021-03-21,spatial,1.0004920161585489,0.009774622691396666,0.981137115587652,1.0202287310244684
48151,2021-04-18,3,2021-03-21,spatial,0.99981615424371,0.009945857921659895,0.9801384081572794,1.0198889605459422
48153,2021-03-28,0,2021-03-21,spatial,13.01091045664398,0.8658384036985268,11.398130685028725,14.851890681790428
48153,2021-04-04,1,2021-03-21,spatial,13.030553645851116,0.9650919753915362,11.243544545524662,15.101583635828485
48153,2021-04-11,2,2021-03-21,spatial,13.056462182122734,1.1550046952925608,10.960545183588208,15.553168374184208
48153,2021-04-18,3,2021-03-21,spatial,12.964871516220214,1.1295155011381623,10.913095079007062,15.402403462555725
48155,2021-03-28,0,2021-03-21,spatial,0.9998456758335298,0.010335591938930765,0.9793835650069792,1.0207352984077125
48155,2021-04-04,1,2021-03-21,spatial,1.00019429540367,0.010066717256511344,0.9802730846282064,1.0205203470800863
48155,2021-04-11,2,2021-03-21,spatial,1.0008300136326074,0.06188799214694116,0.8846891964346912,1.1322176423364845
48155,2021-04-18,3,2021-03-21,spatial,0.9976987639699864,0.08780571501828346,0.836511040713871,1.1899458287816154
48157,2021-03-28,0,2021-03-21,spatial,928.992032813892,33.73459759969811,863.9275640023799,998.956663720143
48157,2021-04-04,1,2021-03-21,spatial,928.2140882949382,90.52126487822042,764.3545661490213,1127.2012124556684
48157,2021-04-11,2,2021-03-21,spatial,929.3721880283127,75.69372857663981,790.4373991749907,1092.727475676181
48157,2021-04-18,3,2021-03-21,spatial,931.3692898441684,94.61056336137251,761.0091528244252,1139.8663877370766
48159,2021-03-28,0,2021-03-21,spatial,0.9995521162956816,0.0528250079354052,0.8994527413706631,1.1107914704541957
48159,2021-04-04,1,2021-03-21,spatial,1.0028768967925563,0.11571917927744099,0.7971143091516976,1.2617538771705359
48159,2021-04-11,2,2021-03-21,spatial,1.0002832093837304,0.04134334837677256,0.9209439279367804,1.086457566658392
48159,2021-04-18,3,2021-03-21,spatial,0.9995920520752796,0.057950020546463824,0.8907813384062393,1.1216942110167918
48161,2021-03-28,0,2021-03-21,spatial,14.974049972905913,1.4309168900342102,12.38523493143528,18.103990261983615
48161,2021-04-04,1,2021-03-21,spatial,14.983473656832244,0.9590418764349576,13.187625644244132,17.02387441692152
48161,2021-04-11,2,2021-03-21,spatial,15.00530353017274,0.312900888545652,14.393519029534335,15.643091419867945
48161,2021-04-18,3,2021-03-21,spatial,15.037484499384885,1.2744213780771283,12.69971070662895,17.805597725246464
48163,2021-03-28,0,2021-03-21,spatial,25.97098061236269,2.476513910875749,21.502277472966185,31.36839038635446
48163,2021-04-04,1,2021-03-21,spatial,26.01196731941151,1.1276947814240237,23.84757406577327,28.37279976403304
48163,2021-04-11,2,2021-03-21,spatial,26.140144481123386,2.5041991359393654,21.621460935603142,31.603190715426287
48163,2021-04-18,3,2021-03-21,spatial,26.020659610126575,2.656154105461565,21.278183329538308,31.8201378407225
48165,2021-03-28,0,2021-03-21,spatial,1.9948832198833697,0.17832238122508373,1.6708933728192916,2.381695400621254
48165,2021-04-04,1,2021-03-21,spatial,1.996980289490789,0.06277708892435555,1.8755786655069098,2.1262399439465285
48165,2021-04-11,2,2021-03-21,spatial,1.9994649959187167,0.1299405324841759,1.7568661055236534,2.275563434990755
48165,2021-04-18,3,2021-03-21,spatial,1.998583642941456,0.09807469774003584,1.81199873813584,2.20438154495762
48167,2021-03-28,0,2021-03-21,spatial,490.6373382668019,42.97089172704243,412.1359644680723,584.0912185672187
48167,2021-04-04,1,2021-03-21,spatial,491.5166527546248,34.91196437481291,426.4797218557253,566.4715285498095
48167,2021-04-11,2,2021-03-21,spatial,491.2254058288292,38.60372056433898,420.12227570304316,574.3623066115607
48167,2021-04-18,3,2021-03-21,spatial,492.79210056076033,43.04743236553793,414.4232744817437,585.9807335357183
48169,2021-03-28,0,2021-03-21,spatial,8.974595266066402,0.5795901207344835,7.890185595197003,10.208043805551382
48169,2021-04-04,1,2021-03-21,spatial,9.010994203370727,0.8200749868535443,7.51069720274842,10.810982568098703
48169,2021-04-11,2,2021-03-21,spatial,9.010444799765763,0.6014972015134433,7.880358919410938,10.302591077373767
48169,2021-04-18,3,2021-03-21,spatial,9.023174614109003,0.7169296864675754,7.703702824918562,10.56864237459236
48171,2021-03-28,0,2021-03-21,spatial,13.009873716336848,0.7867460195868279,11.52974234132182,14.680017046732026
48171,2021-04-04,1,2021-03-21,spatial,13.049863689379592,0.9796199542340688,11.239568134717887,15.151733613798893
48171,2021-04-11,2,2021-03-21,spatial,12.95971049335057,1.09628754761193,10.951145425414145,15.336669320607555
48171,2021-04-18,3,2021-03-21,spatial,12.95312506797805,1.075926904701243,10.979162147105589,15.281990262883015
48173,2021-03-28,0,2021-03-21,spatial,1.0000585589912727,0.010275580934563206,0.9797111149016692,1.0208285954907022
48173,2021-04-04,1,2021-03-21,spatial,0.9997519010961116,0.009491424778469407,0.980953257715146,1.0189107950702485
48173,2021-04-11,2,2021-03-21,spatial,1.0000579246584285,0.00986204583346266,0.9805355581674248,1.0199689795455176
48173,2021-04-18,3,2021-03-21,spatial,1.0002343958774065,0.009763170085458987,0.9808982968086556,1.0199516605862775
48175,2021-03-28,0,2021-03-21,spatial,1.0001996797810937,0.009967707555221698,0.9804410328558468,1.0203565190659354
48175,2021-04-04,1,2021-03-21,spatial,0.9998424435465596,0.010208147887828431,0.9796502759195356,1.0204508042207354
48175,2021-04-11,2,2021-03-21,spatial,0.9996910650351268,0.0101827544026052,0.9795372155221772,1.0202595773538932
48175,2021-04-18,3,2021-03-21,spatial,0.9990309778450974,0.11357675147249985,0.7978270908811012,1.2509764410129205
48177,2021-03-28,0,2021-03-21,spatial,14.029867301779893,1.4433626677561169,11.429679965570251,17.221582502614883
48177,2021-04-04,1,2021-03-21,spatial,14.004840337523058,0.8210783584245681,12.456020290264009,15.746245454723473
48177,2021-04-11,2,2021-03-21,spatial,13.960846170173106,0.7808185204342937,12.484279228358867,15.61205274426231
48177,2021-04-18,3,2021-03-21,spatial,14.035038273226814,1.0250530455161566,12.134166064641136,16.233690744100368
48179,2021-03-28,0,2021-03-21,spatial,25.125750804058786,1.8759879314438,21.679741882413115,29.119505061071887
48179,2021-04-04,1,2021-03-21,spatial,25.0162568671105,1.8002030140507481,21.680885712880265,28.864739011537146
48179,2021-04-11,2,2021-03-21,spatial,24.897195408080766,1.996994748269836,21.244568920230705,29.17782617833538
48179,2021-04-18,3,2021-03-21,spatial,24.967334594146966,1.6737286273883536,21.845402700378322,28.53542254569161
48181,2021-03-28,0,2021-03-21,spatial,59.84310389015288,4.115780908197976,52.17139751366006,68.6429203333103
48181,2021-04-04,1,2021-03-21,spatial,59.73467881294693,3.9190569878891224,52.423306378987256,68.06575356178178
48181,2021-04-11,2,2021-03-21,spatial,60.0409147584908,4.134001071700076,52.33446985385566,68.88216227475117
48181,2021-04-18,3,2021-03-21,spatial,60.16078252563711,6.379824392377543,48.8196084608002,74.13659937488325
48183,2021-03-28,0,2021-03-21,spatial,58.00388957265184,2.8084017299560022,52.65462145806751,63.89659848254218
48183,2021-04-04,1,2021-03-21,spatial,57.915584739935724,3.7132118469366233,50.96861256348397,65.80942244780219
48183,2021-04-11,2,2021-03-21,spatial,58.03213818579947,4.425918831662019,49.89318557268549,67.49877811488992
48183,2021-04-18,3,2021-03-21,spatial,58.16010546044469,7.365475277551005,45.27032528675385,74.71998148331835
48185,2021-03-28,0,2021-03-21,spatial,19.97928787984345,1.5359538323214528,17.132786526593833,23.2987169697152
48185,2021-04-04,1,2021-03-21,spatial,20.008785042904385,1.9964375658866227,16.424909297317352,24.374653865427604
48185,2021-04-11,2,2021-03-21,spatial,19.961137047139946,1.9360447205851428,16.465636771415245,24.19869925142625
48185,2021-04-18,3,2021-03-21,spatial,19.98942827620475,1.262715376619502,17.624573023716735,22.6715984706034
48187,2021-03-28,0,2021-03-21,spatial,90.08829295065833,8.523387538900215,74.64303050055518,108.72951529886329
48187,2021-04-04,1,2021-03-21,spatial,89.94576267617965,5.759189129187634,79.17094412029715,102.18698682065515
48187,2021-04-11,2,2021-03-21,spatial,90.04630955558204,6.0353599782606615,78.76363465870257,102.94519672326747
48187,2021-04-18,3,2021-03-21,spatial,89.78445690209291,8.660733965955933,74.0718580603146,108.83011324813442
48189,2021-03-28,0,2021-03-21,spatial,6.008136171233059,0.4811753153105742,5.121955754639371,7.04763999950262
48189,2021-04-04,1,2021-03-21,spatial,6.0050277031292465,0.6087731094145852,4.918173676491401,7.33206268979809
48189,2021-04-11,2,2021-03-21,spatial,5.997486163097488,0.4104009595756525,5.228187601301771,6.879982705209294
48189,2021-04-18,3,2021-03-21,spatial,6.006511476156206,0.4648806615829092,5.1514696947732475,7.003473232076201
48191,2021-03-28,0,2021-03-21,spatial,7.0203229026318805,0.7358072865185411,5.698336624135663,8.649003544028668
48191,2021-04-04,1,2021-03-21,spatial,6.995384862149447,0.6003612803738547,5.896954238978683,8.298421080856981
48191,2021-04-11,2,2021-03-21,spatial,7.0138257619095565,0.4457501890927199,6.179426639698723,7.9608926016515635
48191,2021-04-18,3,2021-03-21,spatial,6.976615460361954,0.7652870383104141,5.622920815196938,8.656206423930705
48193,2021-03-28,0,2021-03-21,spatial,2.0002435050540517,0.13691600042983987,1.7443225317645987,2.2937123190534248
48193,2021-04-04,1,2021-03-21,spatial,2.004924663961079,0.12359839808796573,1.7739292636959976,2.2659995471207885
48193,2021-04-11,2,2021-03-21,spatial,1.9907410485271155,0.14459616101974562,1.7222738673959428,2.3010567583440853
48193,2021-04-18,3,2021-03-21,spatial,1.996880299964959,0.14317992781508065,1.7327138095089645,2.3013211474999298
48195,2021-03-28,0,2021-03-21,spatial,25.997447985247053,1.6725071461436851,22.861459102973214,29.56361178441701
48195,2021-04-04,1,2021-03-21,spatial,25.957702684508053,2.2627907814123214,21.829323683376998,30.866843995282178
48195,2021-04-11,2,2021-03-21,spatial,25.97451867286758,1.1139874253648807,23.840092010957626,28.300042633100794
48195,2021-04-18,3,2021-03-21,spatial,25.934418012705606,2.596450222463242,21.249459444390432,31.652289293189764
48197,2021-03-28,0,2021-03-21,spatial,1.0006505514973707,0.010357815815936396,0.980153724874092,1.0215760046625508
48197,2021-04-04,1,2021-03-21,spatial,1.0000207181556529,0.009604589534183623,0.9809896198159916,1.0194210178575895
48197,2021-04-11,2,2021-03-21,spatial,1.001294486842515,0.07856151682622489,0.8570855967888122,1.169767235778501
48197,2021-04-18,3,2021-03-21,spatial,1.0016377559414051,0.1160937010018414,0.7968247476545536,1.2590951737888088
48199,2021-03-28,0,2021-03-21,spatial,109.02395481385349,9.122961252149453,92.26799071455605,128.82281960625832
48199,2021-04-04,1,2021-03-21,spatial,109.09457409025057,5.932573732773847,97.90199881330507,121.56673244873234
48199,2021-04-11,2,2021-03-21,spatial,109.16975527307864,6.912487989888329,96.20986150540564,123.87540403760227
48199,2021-04-18,3,2021-03-21,spatial,108.63760359832837,9.659080189646314,91.07336858828495,129.58924325003687
48201,2021-03-28,0,2021-03-21,spatial,4539.251922927208,319.6255131479191,3944.9477200550496,5223.087726878883
48201,2021-04-04,1,2021-03-21,spatial,4548.5010753949155,254.97749142693212,4066.779685103792,5087.2837072167795
48201,2021-04-11,2,2021-03-21,spatial,4545.326154154849,284.19511365526336,4014.4658156173573,5146.385794909791
48201,2021-04-18,3,2021-03-21,spatial,4555.8561629307005,363.6018374232779,3888.869569744805,5337.238754108092
48203,2021-03-28,0,2021-03-21,spatial,37.00332884126215,2.2755582533252183,32.720367682776015,41.846911948222214
48203,2021-04-04,1,2021-03-21,spatial,36.947140223840925,2.4324958120475086,32.39932607532628,42.133319919877906
48203,2021-04-11,2,2021-03-21,spatial,36.97749230904209,2.280650134651393,32.69384170819209,41.82240036730386
48203,2021-04-18,3,2021-03-21,spatial,37.320669195552966,3.881901885012697,30.364402889305826,45.87056607967892
48205,2021-03-28,0,2021-03-21,spatial,7.0160707739736345,0.31931216771346776,6.405988728414228,7.684254717318625
48205,2021-04-04,1,2021-03-21,spatial,6.998251308682866,0.5072133519784798,6.058370268528682,8.083943240295794
48205,2021-04-11,2,2021-03-21,spatial,6.972870344194369,0.6394432003126357,5.805222909264059,8.375375346802846
48205,2021-04-18,3,2021-03-21,spatial,7.004595070168114,0.1790297742284206,6.6559868269115,7.3714617190416245
48207,2021-03-28,0,2021-03-21,spatial,1.0040449167697063,0.09331501142164976,0.8358814802921806,1.2060396343973374
48207,2021-04-04,1,2021-03-21,spatial,0.9991797239490982,0.07188869821057943,0.8653419044528109,1.15371752553957
48207,2021-04-11,2,2021-03-21,spatial,0.9995649647732442,0.08987673091487716,0.8363624527687827,1.194613789146692
48207,2021-04-18,3,2021-03-21,spatial,1.0014510768473617,0.07686027922315848,0.8603886584473956,1.1656409571094524
48209,2021-03-28,0,2021-03-21,spatial,178.00453242120582,10.758574089796447,157.78587789804752,200.8140017636153
48209,2021-04-04,1,2021-03-21,spatial,176.98082246394364,12.782536402782775,153.38674208841553,204.2041645421944
48209,2021-04-11,2,2021-03-21,spatial,177.6625965506036,18.905890058717247,143.64537624805936,219.73556711352177
48209,2021-04-18,3,2021-03-21,spatial,178.36806265488616,21.660368544848076,140.19059230292837,226.94223094877972
48211,2021-03-28,0,2021-03-21,spatial,3.989172041172543,0.18711699085806885,3.633376564230937,4.3798085039503905
48211,2021-04-04,1,2021-03-21,spatial,3.999339081234964,0.11794285956047125,3.771041967371183,4.24145719540834
48211,2021-04-11,2,2021-03-21,spatial,3.9807455633939712,0.3865722004967986,3.2791688619052843,4.83242428426624
48211,2021-04-18,3,2021-03-21,spatial,3.995953926458491,0.4987933276555748,3.125846517115116,5.1082635359575415
48213,2021-03-28,0,2021-03-21,spatial,34.04483363342237,1.2992971623563447,31.54391339644357,36.74403624434515
48213,2021-04-04,1,2021-03-21,spatial,33.91210879844809,1.7161819666352698,30.647804470859537,37.524094890753105
48213,2021-04-11,2,2021-03-21,spatial,34.08622833328854,1.6478685535020143,30.947534760698023,37.543247660056146
48213,2021-04-18,3,2021-03-21,spatial,33.98684066902543,2.199887648190527,29.880212282533694,38.65786921925354
48215,2021-03-28,0,2021-03-21,spatial,1059.797764131135,36.35235456311615,989.7125713025862,1134.8459476261053
48215,2021-04-04,1,2021-03-21,spatial,1056.5129849815635,91.79506780147673,888.3865812596312,1256.457167387626
48215,2021-04-11,2,2021-03-21,spatial,1058.1175111078212,68.56595157575174,929.7163247597059,1204.2519180271302
48215,2021-04-18,3,2021-03-21,spatial,1060.4966679451586,67.15968718343427,934.33642327121,1203.6918980266819
48217,2021-03-28,0,2021-03-21,spatial,26.01820985109849,0.9418165245291766,24.200637003508746,27.972290306145702
48217,2021-04-04,1,2021-03-21,spatial,26.025330773484,1.826530372710991,22.62314922128957,29.939149286601605
48217,2021-04-11,2,2021-03-21,spatial,25.862740100074657,2.361938009717392,21.5393721709932,31.05389145858132
48217,2021-04-18,3,2021-03-21,spatial,26.05251932480411,1.7388971423335664,22.815954117599496,29.748208629405426
48219,2021-03-28,0,2021-03-21,spatial,54.96265256768025,5.329931105062465,45.33117397906935,66.64052377444185
48219,2021-04-04,1,2021-03-21,spatial,54.812048726517254,4.423333707688822,46.66602403718919,64.38004410240437
48219,2021-04-11,2,2021-03-21,spatial,54.91756569522007,4.218438812770861,47.10926957398204,64.02007607340371
48219,2021-04-18,3,2021-03-21,spatial,54.92629610772247,4.748140202832856,46.28400251611863,65.18230576671839
48221,2021-03-28,0,2021-03-21,spatial,43.97297069446157,3.0512280310073807,38.301459136493285,50.48429473157169
48221,2021-04-04,1,2021-03-21,spatial,44.08934056868081,4.184284430358508,36.479723176115215,53.28631312240484
48221,2021-04-11,2,2021-03-21,spatial,43.939356079096356,4.5179287129177785,35.796568000939395,53.93441663443703
48221,2021-04-18,3,2021-03-21,spatial,44.01844576023907,4.320099958094862,36.23983094556232,53.466683386512244
48223,2021-03-28,0,2021-03-21,spatial,25.91733924053308,1.5961723471773737,22.91589747310509,29.311899047253828
48223,2021-04-04,1,2021-03-21,spatial,26.013762372094703,1.4452634168079832,23.29736491347293,29.046882995787378
48223,2021-04-11,2,2021-03-21,spatial,25.83348588805616,1.9646250436040005,22.211091526767202,30.04665449800752
48223,2021-04-18,3,2021-03-21,spatial,25.99089125928886,2.3543707664027043,21.723773061844568,31.096183270237997
48225,2021-03-28,0,2021-03-21,spatial,2.9950552879783694,0.1986399827640981,2.6238654328063524,3.4187561853936077
48225,2021-04-04,1,2021-03-21,spatial,2.9988582951496534,0.11081539547551017,2.785406791180204,3.228667030921326
48225,2021-04-11,2,2021-03-21,spatial,3.00072735579802,0.2322939347585421,2.571217841930941,3.5019843581485297
48225,2021-04-18,3,2021-03-21,spatial,2.9967270553641026,0.3689863232421524,2.346951896452189,3.826398426796281
48227,2021-03-28,0,2021-03-21,spatial,0.9977900991872908,0.037239916002672166,0.9260873975442121,1.0750444123052147
48227,2021-04-04,1,2021-03-21,spatial,1.0005092697824838,0.05237769458318784,0.9011139226417644,1.1108681974261665
48227,2021-04-11,2,2021-03-21,spatial,1.00148907177138,0.07015150322332947,0.8708003271318896,1.151791437861496
48227,2021-04-18,3,2021-03-21,spatial,0.9999163472155128,0.058193183094151765,0.8903515312598158,1.1229639825677462
48229,2021-03-28,0,2021-03-21,spatial,0.9947073792093902,0.056001916729821084,0.8888467396155126,1.113175901035105
48229,2021-04-04,1,2021-03-21,spatial,1.0055081932507943,0.10374336851186404,0.8196320519755287,1.2335373223357828
48229,2021-04-11,2,2021-03-21,spatial,1.0002975586419878,0.036242141886162635,0.9303204184738688,1.0755382618243867
48229,2021-04-18,3,2021-03-21,spatial,1.0008618537766347,0.07916309635673999,0.8556411078940056,1.1707296915768246
48231,2021-03-28,0,2021-03-21,spatial,0.9999841917404452,0.01012799520722659,0.9799312041579816,1.0204475370187107
48231,2021-04-04,1,2021-03-21,spatial,1.0001563935127429,0.009749364610706772,0.9808495131181736,1.0198433073636013
48231,2021-04-11,2,2021-03-21,spatial,1.000028202945285,0.010160200236883157,0.9799042793424524,1.020565403956646
48231,2021-04-18,3,2021-03-21,spatial,1.0008889205974985,0.009994574240158649,0.981106003541834,1.0210707382875677
48233,2021-03-28,0,2021-03-21,spatial,67.93037594140851,2.8604457309922635,62.45032709809189,73.89130193494351
48233,2021-04-04,1,2021-03-21,spatial,68.2943560716004,8.29666652697825,53.61600431190365,86.99117233917093
48233,2021-04-11,2,2021-03-21,spatial,68.17967621899973,7.785377715463365,54.399159160650356,85.45110477902588
48233,2021-04-18,3,2021-03-21,spatial,67.86475284731144,5.374994974077212,57.96160596547357,79.45992182773773
48235,2021-03-28,0,2021-03-21,spatial,0.9984508400557199,0.06996863228703246,0.8686518468407686,1.1476451510851553
48235,2021-04-04,1,2021-03-21,spatial,1.0023125562618491,0.05951829879500534,0.8902316257129953,1.1285045727684009
48235,2021-04-11,2,2021-03-21,spatial,0.9990674828393306,0.06771300911304927,0.8723383233142434,1.1442072514649302
48235,2021-04-18,3,2021-03-21,spatial,1.0012664457174592,0.06052661811326665,0.8876397943019767,1.1294384295918682
48237,2021-03-28,0,2021-03-21,spatial,0.9985016271695684,0.09974201562274676,0.8181658231730907,1.2185860998123728
48237,2021-04-04,1,2021-03-21,spatial,1.0011127442900272,0.07064368789761907,0.8695257824772791,1.1526130069709557
48237,2021-04-11,2,2021-03-21,spatial,1.0020796545915671,0.04683998825165892,0.9126141539129939,1.1003156480105265
48237,2021-04-18,3,2021-03-21,spatial,1.0029272158003926,0.07514957489119818,0.8636632573459758,1.1646472066950364
48239,2021-03-28,0,2021-03-21,spatial,4.998600535406936,0.2942767243163148,4.442928360258264,5.623770019806955
48239,2021-04-04,1,2021-03-21,spatial,4.999476195354948,0.3435024057083849,4.362729416859833,5.729157103195112
48239,2021-04-11,2,2021-03-21,spatial,4.985483409033756,0.4122292101146521,4.229766994575334,5.8762208068736115
48239,2021-04-18,3,2021-03-21,spatial,5.009752849232718,0.3232656532171872,4.402904168375559,5.700242987495012
48241,2021-03-28,0,2021-03-21,spatial,9.015498430641172,0.8817910529596452,7.425866235473482,10.945418268460227
48241,2021-04-04,1,2021-03-21,spatial,8.99111474002042,0.6906470489325601,7.714154433095884,10.479456299369065
48241,2021-04-11,2,2021-03-21,spatial,9.007442261785972,0.5678596734593921,7.942992035569903,10.21454078464107
48241,2021-04-18,3,2021-03-21,spatial,9.007227543447344,0.7890203777102537,7.572115811376195,10.714330055220254
48243,2021-03-28,0,2021-03-21,spatial,0.9973390294093418,0.06637046352315358,0.8736662764884374,1.1385184095478045
48243,2021-04-04,1,2021-03-21,spatial,1.0002400653050438,0.10002438169989313,0.8194371291262547,1.220935874980702
48243,2021-04-11,2,2021-03-21,spatial,1.0035114107409084,0.1054740223634558,0.8147079850342632,1.2360688369156667
48243,2021-04-18,3,2021-03-21,spatial,0.9970143810600328,0.08117129564433732,0.8480889050748328,1.1720913575125822
48245,2021-03-28,0,2021-03-21,spatial,76.1779124869697,5.161193590994924,66.58268913970575,87.15590232013962
48245,2021-04-04,1,2021-03-21,spatial,75.89568840578418,5.9547932209948575,64.94629925772857,88.69105067449135
48245,2021-04-11,2,2021-03-21,spatial,76.02426212096556,1.4995742674128263,73.08576408364843,79.08090588506795
48245,2021-04-18,3,2021-03-21,spatial,75.9198099358158,7.445098206753496,62.426932048789396,92.32902132985998
48247,2021-03-28,0,2021-03-21,spatial,0.9997983546457732,0.010146162017699313,0.9797110927207292,1.0202974707333792
48247,2021-04-04,1,2021-03-21,spatial,0.9994419107947295,0.08703497333737918,0.8408343652193307,1.1879677786390932
48247,2021-04-11,2,2021-03-21,spatial,1.0001223505152217,0.009918277401876004,0.9804969957498684,1.0201405209152334
48247,2021-04-18,3,2021-03-21,spatial,1.0002180288868754,0.010281894369047388,0.9798588526020409,1.0210002212600948
48249,2021-03-28,0,2021-03-21,spatial,22.010644064784323,1.8824396190050896,18.583270828078447,26.070138923801068
48249,2021-04-04,1,2021-03-21,spatial,21.98834975465094,1.2087474899924793,19.70457706337965,24.53681311594375
48249,2021-04-11,2,2021-03-21,spatial,21.953588318341797,1.4093602618839638,19.323493318926843,24.94166205337035
48249,2021-04-18,3,2021-03-21,spatial,21.989101619617138,2.4879232955335517,17.604214464886986,27.4661837937881
48251,2021-03-28,0,2021-03-21,spatial,141.7200061600405,12.447125099107454,118.99901794616434,168.77920921236725
48251,2021-04-04,1,2021-03-21,spatial,141.724973607439,10.309540652445687,122.58135323779983,163.85826729342608
48251,2021-04-11,2,2021-03-21,spatial,142.27888494500962,14.0709583915894,116.99730000930408,173.0234894274095
48251,2021-04-18,3,2021-03-21,spatial,142.64244269127693,10.811314010171616,122.65741127718486,165.8837101245661
48253,2021-03-28,0,2021-03-21,spatial,1.000347831828842,0.03922324235925001,0.9249595883195147,1.081880546222295
48253,2021-04-04,1,2021-03-21,spatial,1.0007703817333564,0.06566090541318646,0.8785021336204095,1.1400556909603163
48253,2021-04-11,2,2021-03-21,spatial,0.9993872036234768,0.07515132560643968,0.8611030385295217,1.159878363072471
48253,2021-04-18,3,2021-03-21,spatial,0.9983300037269682,0.12242572011270035,0.7844750342274714,1.2704837666669322
48255,2021-03-28,0,2021-03-21,spatial,24.055566547362094,1.8557559434206368,20.649243345278094,28.02380078720377
48255,2021-04-04,1,2021-03-21,spatial,23.98034048545453,1.877572633777824,20.51445872126953,28.03177688534901
48255,2021-04-11,2,2021-03-21,spatial,24.033719196386677,1.4394828543324352,21.332756900606284,27.076653106863517
48255,2021-04-18,3,2021-03-21,spatial,24.078139584499837,2.7727660024919643,19.140329505114337,30.28980277981868
48257,2021-03-28,0,2021-03-21,spatial,101.418184655625,8.504588248151371,85.78965062391339,119.89381124691728
48257,2021-04-04,1,2021-03-21,spatial,101.1370268327652,11.88417679774351,80.21932338919811,127.50915570485613
48257,2021-04-11,2,2021-03-21,spatial,100.92530522605587,10.28315393392795,82.43011659126363,123.57033637936286
48257,2021-04-18,3,2021-03-21,spatial,100.83229532875453,10.315048310927084,82.34187272493284,123.47486697599228
48259,2021-03-28,0,2021-03-21,spatial,31.901880238792454,3.2906217887117646,25.996543469931684,39.148664665646464
48259,2021-04-04,1,2021-03-21,spatial,31.93956978365686,2.90271971432965,26.64724998655152,38.28297923725466
48259,2021-04-11,2,2021-03-21,spatial,31.93980292486118,3.0979561467026047,26.322632618958,38.75566041005492
48259,2021-04-18,3,2021-03-21,spatial,31.959751344011316,1.8649846410034696,28.44300282713536,35.91131752785843
48261,2021-03-28,0,2021-03-21,spatial,1.000400135121571,0.01002791563393248,0.9805506061303136,1.0206514830487523
48261,2021-04-04,1,2021-03-21,spatial,0.9999582709245409,0.009951096176158088,0.9802543668936188,1.0200582393313764
48261,2021-04-11,2,2021-03-21,spatial,0.999673245294332,0.010122996576147994,0.9796268885437148,1.02012981579436
48261,2021-04-18,3,2021-03-21,spatial,0.9997322645429448,0.010175050321591113,0.979589689237982,1.0202890166653789
48263,2021-03-28,0,2021-03-21,spatial,1.999712528713824,0.11356828654828872,1.785092535576905,2.240136081350365
48263,2021-04-04,1,2021-03-21,spatial,2.00782043114024,0.11794346350382867,1.7857237706751332,2.257540023774248
48263,2021-04-11,2,2021-03-21,spatial,2.0008009511259206,0.09930110012547597,1.8119184681459828,2.209373388705842
48263,2021-04-18,3,2021-03-21,spatial,1.9972300096573707,0.1526782275627086,1.7163799252702496,2.32403540308706
48265,2021-03-28,0,2021-03-21,spatial,40.109798961953594,3.83267216463346,33.16077992548786,48.51502215518728
48265,2021-04-04,1,2021-03-21,spatial,40.013632473096656,2.5759718547174204,35.18158248610783,45.50934524688533
48265,2021-04-11,2,2021-03-21,spatial,39.98593913526958,2.483149828423823,35.34372914621752,45.23787860400674
48265,2021-04-18,3,2021-03-21,spatial,39.97132275665006,4.038374063521977,32.69034092584915,48.87396697820734
48267,2021-03-28,0,2021-03-21,spatial,0.9987829926875491,0.060596479692989015,0.8851064259356974,1.1270593425274371
48267,2021-04-04,1,2021-03-21,spatial,0.9987328477344272,0.07206251782711008,0.8647317537740571,1.1534991016466636
48267,2021-04-11,2,2021-03-21,spatial,1.0019895541147608,0.11631323597145173,0.798171101123157,1.2578544439185146
48267,2021-04-18,3,2021-03-21,spatial,0.9968034106726728,0.11222810103146093,0.7972009130805089,1.2463822146028178
48269,2021-03-28,0,2021-03-21,spatial,1.0002320978492845,0.010293420431149487,0.979854688713428,1.0210332828856623
48269,2021-04-04,1,2021-03-21,spatial,1.0000245273937864,0.010105900608828294,0.980021770412578,1.0204355511083767
48269,2021-04-11,2,2021-03-21,spatial,1.0006936418264478,0.009982295302681698,0.9809373144731236,1.0208478666445058
48269,2021-04-18,3,2021-03-21,spatial,1.0001135855187078,0.009927526412589987,0.9804477201657116,1.0201739097012037
48271,2021-03-28,0,2021-03-21,spatial,0.9988307046427859,0.086510961896098,0.8399649674802514,1.1877433168790583
48271,2021-04-04,1,2021-03-21,spatial,0.9985411325123734,0.07380607639913095,0.8618681993297468,1.1568873223243423
48271,2021-04-11,2,2021-03-21,spatial,0.9999740361073978,0.010032037902681857,0.9801080363405048,1.0202427036742732
48271,2021-04-18,3,2021-03-21,spatial,0.9988723294650612,0.03809051695852772,0.9256780359194272,1.077854169435866
48273,2021-03-28,0,2021-03-21,spatial,45.216477851769504,4.0216874967316985,37.867676289222565,53.99142671718285
48273,2021-04-04,1,2021-03-21,spatial,45.054266186570025,2.6052323526434265,40.145105203061,50.563745974578524
48273,2021-04-11,2,2021-03-21,spatial,44.995275898085374,3.5166580356947947,38.49618198628996,52.59157528572198
48273,2021-04-18,3,2021-03-21,spatial,44.94967769021357,5.9366155120752415,34.66787141166894,58.28086473673739
48275,2021-03-28,0,2021-03-21,spatial,0.9996594042466872,0.009941562548939136,0.9799670330780172,1.0197474922804708
48275,2021-04-04,1,2021-03-21,spatial,0.9997170252906036,0.06664465346776202,0.8755369751418614,1.141509906527885
48275,2021-04-11,2,2021-03-21,spatial,0.9998529792380232,0.07524464764277895,0.8617094549757675,1.1601427538232874
48275,2021-04-18,3,2021-03-21,spatial,0.9994129683585375,0.07845040032255972,0.8548757012397012,1.1683877315436284
48277,2021-03-28,0,2021-03-21,spatial,15.012735430807707,1.4837037906876973,12.336628216404536,18.269353761972724
48277,2021-04-04,1,2021-03-21,spatial,15.031737767075134,0.9626440928135328,13.231818730881637,17.076499073461655
48277,2021-04-11,2,2021-03-21,spatial,14.956373225602725,1.2657762416383678,12.642708358312223,17.693447774301788
48277,2021-04-18,3,2021-03-21,spatial,15.102535793921813,1.697142935531179,12.08020418989913,18.881020868621114
48279,2021-03-28,0,2021-03-21,spatial,39.22658773993992,3.659129074252877,32.60356482488101,47.194998276536474
48279,2021-04-04,1,2021-03-21,spatial,39.08034426166667,2.7668763629602964,33.96023677456096,44.972398683463744
48279,2021-04-11,2,2021-03-21,spatial,39.113573773451634,2.852077316605047,33.82761702951158,45.22552244802128
48279,2021-04-18,3,2021-03-21,spatial,38.98044806789977,1.9804386221611376,35.226654882366645,43.13424980737617
48281,2021-03-28,0,2021-03-21,spatial,4.001460755131018,0.4220507225620014,3.2516376665068965,4.9241919970912384
48281,2021-04-04,1,2021-03-21,spatial,3.9855374102051937,0.2612468224532852,3.4979780762223425,4.541054318241947
48281,2021-04-11,2,2021-03-21,spatial,3.9994365594715666,0.26838398729173885,3.5003898240981473,4.569631840179087
48281,2021-04-18,3,2021-03-21,spatial,3.9968205810783113,0.2743992398557698,3.4854139069221604,4.583264766805767
48283,2021-03-28,0,2021-03-21,spatial,3.0032386363343786,0.15929173117910975,2.7022995740950115,3.3376914955079147
48283,2021-04-04,1,2021-03-21,spatial,2.9926242698372048,0.2367546199197429,2.5588487721561872,3.499933297297656
48283,2021-04-11,2,2021-03-21,spatial,2.9950537655463854,0.2550245356805025,2.5295240260756366,3.5462588874597043
48283,2021-04-18,3,2021-03-21,spatial,2.9951361556446296,0.20534242245498252,2.6125093083375632,3.4338023455917077
48285,2021-03-28,0,2021-03-21,spatial,25.983603851718826,1.1761883149985095,23.74266232543106,28.436055732465114
48285,2021-04-04,1,2021-03-21,spatial,25.90083779188319,2.4839224363608667,21.391304256793003,31.36103298182059
48285,2021-04-11,2,2021-03-21,spatial,25.96307423352325,2.6423937987824115,21.19183445823712,31.80853573501885
48285,2021-04-18,3,2021-03-21,spatial,26.094452126367145,2.3679932595795448,21.77693255832201,31.26796806444875
48287,2021-03-28,0,2021-03-21,spatial,14.023737712133649,0.9899897876300032,12.18592425403133,16.138719995215713
48287,2021-04-04,1,2021-03-21,spatial,14.025284109005888,1.0615399449983225,12.068230623866505,16.29970461032756
48287,2021-04-11,2,2021-03-21,spatial,14.027694766586515,0.926625323521824,12.298278022755685,16.000306717771444
48287,2021-04-18,3,2021-03-21,spatial,13.981451434169507,1.1024345867401808,11.945297238185905,16.364681456493226
48289,2021-03-28,0,2021-03-21,spatial,6.974198185466619,0.4735059018434466,6.0873257119082,7.990280565243298
48289,2021-04-04,1,2021-03-21,spatial,6.997381827510041,0.5347350249766828,6.0090211471606505,8.148307559726872
48289,2021-04-11,2,2021-03-21,spatial,6.97681644022073,0.6486811689915063,5.8061181901055825,8.38356472375722
48289,2021-04-18,3,2021-03-21,spatial,7.000162556815918,0.6844186440197598,5.762703525480696,8.503348403258357
48291,2021-03-28,0,2021-03-21,spatial,86.03595007592953,5.61909112784598,75.54562659714642,97.98296789489387
48291,2021-04-04,1,2021-03-21,spatial,86.02020872882679,5.715873060846329,75.34636419023957,98.20614955047115
48291,2021-04-11,2,2021-03-21,spatial,86.62011646361202,6.770918483566128,74.1695001388658,101.16078121224949
48291,2021-04-18,3,2021-03-21,spatial,85.890326138378,9.359924478117774,69.25232963200428,106.52563117165758
48293,2021-03-28,0,2021-03-21,spatial,8.018433470827565,0.9402182568658332,6.357204941831605,10.11376476209108
48293,2021-04-04,1,2021-03-21,spatial,7.9797067619566775,0.4595532945460239,7.114351448379384,8.950319712040955
48293,2021-04-11,2,2021-03-21,spatial,8.006518811143064,0.3048771284489878,7.4180441896360625,8.641677217661973
48293,2021-04-18,3,2021-03-21,spatial,8.006388101721118,0.8624988391092715,6.454388321532623,9.931576354265607
48295,2021-03-28,0,2021-03-21,spatial,3.014084483976073,0.265832800441749,2.530579906666668,3.589969734847012
48295,2021-04-04,1,2021-03-21,spatial,2.999194886094977,0.2710709305439021,2.506337831133989,3.588969472925529
48295,2021-04-11,2,2021-03-21,spatial,2.9937185209340824,0.21293676808268944,2.5961703488307046,3.452142725002741
48295,2021-04-18,3,2021-03-21,spatial,3.0068507500571204,0.2875119882681578,2.4827475619879404,3.6415911031566175
48297,2021-03-28,0,2021-03-21,spatial,0.9983056857674282,0.10119384465650837,0.8167160035002682,1.220270250569723
48297,2021-04-04,1,2021-03-21,spatial,0.9950868973972334,0.08726935680357396,0.835872941954138,1.1846273323033127
48297,2021-04-11,2,2021-03-21,spatial,0.9974198351945708,0.07989537112067524,0.8505721207448553,1.1696201925456555
48297,2021-04-18,3,2021-03-21,spatial,0.99910377518833,0.08413429072886501,0.8448065939512607,1.1815821049961672
48299,2021-03-28,0,2021-03-21,spatial,15.00875051121011,0.6239026177942939,13.812681211067224,16.308389983492933
48299,2021-04-04,1,2021-03-21,spatial,14.984315273078694,0.9121338139439306,13.269199948824525,16.921118459964855
48299,2021-04-11,2,2021-03-21,spatial,14.969451022656882,0.8545337110263677,13.360636250326236,16.77199047420002
48299,2021-04-18,3,2021-03-21,spatial,14.995251671290085,0.8571330338960108,13.372638008605847,16.814750578055197
48301,2021-03-28,0,2021-03-21,spatial,1.0001257999163502,0.00977828850884396,0.9807550417034342,1.0198791473159523
48301,2021-04-04,1,2021-03-21,spatial,1.0000800517435402,0.00976942104324927,0.9807418930019058,1.0197995181321557
48301,2021-04-11,2,2021-03-21,spatial,1.0006746364880148,0.009908804773264196,0.9810441648940256,1.0206979093735178
48301,2021-04-18,3,2021-03-21,spatial,0.9998665469268448,0.009841734056766971,0.9803788550763812,1.0197416095694178
48303,2021-03-28,0,2021-03-21,spatial,103.99998042278472,3.1969314687917447,97.80587540733994,110.58636184067021
48303,2021-04-04,1,2021-03-21,spatial,103.94448540862795,5.316098553762698,93.86511287352249,115.1061956471817
48303,2021-04-11,2,2021-03-21,spatial,103.7350682355154,8.300291090489685,88.48949122590443,121.60725790992993
48303,2021-04-18,3,2021-03-21,spatial,104.09636064839874,9.707742769611931,86.49598339663952,125.27809818117511
48305,2021-03-28,0,2021-03-21,spatial,1.0004999814476332,0.06100773852508917,0.8860001855275179,1.1297968434179573
48305,2021-04-04,1,2021-03-21,spatial,0.9972502702594186,0.0984771547901808,0.8199928069890607,1.2128253968278415
48305,2021-04-11,2,2021-03-21,spatial,0.9996361645130416,0.05206998855006693,0.90076866628451,1.109355263792804
48305,2021-04-18,3,2021-03-21,spatial,1.002334752999525,0.10163754947938257,0.8194644840686692,1.2260140330699547
48307,2021-03-28,0,2021-03-21,spatial,3.0016958168930143,0.2953108676629824,2.4680829006252347,3.6506787413301587
48307,2021-04-04,1,2021-03-21,spatial,3.003542296634603,0.2077162830569824,2.6157888831893628,3.4487746261363696
48307,2021-04-11,2,2021-03-21,spatial,2.9978054633945335,0.28379325564894803,2.48537667442355,3.6158855471847087
48307,2021-04-18,3,2021-03-21,spatial,2.9963559641155486,0.28192034842135777,2.485070616732201,3.6128345823415016
48309,2021-03-28,0,2021-03-21,spatial,243.82844518274385,16.866438765393628,212.40119009940653,279.90573241331583
48309,2021-04-04,1,2021-03-21,spatial,244.47967556743785,13.452931112530324,219.0847282184972,272.8182482256346
48309,2021-04-11,2,2021-03-21,spatial,244.98995588822842,21.74348763188921,205.42623912060418,292.1733793260888
48309,2021-04-18,3,2021-03-21,spatial,243.1362852462252,29.584970979340387,191.50883310131115,308.6816009790048
48311,2021-03-28,0,2021-03-21,spatial,0.9997175823564086,0.009993691878829135,0.9799359247510032,1.019898566048075
48311,2021-04-04,1,2021-03-21,spatial,0.9998841600606044,0.01004701532071694,0.9799896044682418,1.0201825906945117
48311,2021-04-11,2,2021-03-21,spatial,1.0002570611727082,0.009774938560290571,0.9808886827664636,1.0200078826519314
48311,2021-04-18,3,2021-03-21,spatial,0.9998793820901516,0.010212364920785056,0.9796535645907112,1.0205227795467386
48313,2021-03-28,0,2021-03-21,spatial,2.0011983754313807,0.1328538669826361,1.7533138952722582,2.2841288993533726
48313,2021-04-04,1,2021-03-21,spatial,1.9976666729754224,0.12026175325081802,1.772185665451945,2.2518363702592
48313,2021-04-11,2,2021-03-21,spatial,1.9989581509730976,0.13574220580629742,1.7461859598711962,2.2883208210175567
48313,2021-04-18,3,2021-03-21,spatial,1.9919050451901532,0.14870296744508446,1.7167500824739763,2.311160925261893
48315,2021-03-28,0,2021-03-21,spatial,1.9989267028365758,0.191569528457295,1.6528724290498549,2.417432763162501
48315,2021-04-04,1,2021-03-21,spatial,1.999468849909175,0.1416454926312069,1.7357784462926906,2.3032177236074447
48315,2021-04-11,2,2021-03-21,spatial,1.9942337788379825,0.19880231597386236,1.6368128360252332,2.429702576328715
48315,2021-04-18,3,2021-03-21,spatial,1.996379822628284,0.2013536496576448,1.6350081410981798,2.4376223555195207
48317,2021-03-28,0,2021-03-21,spatial,1.998765690371524,0.04244564220583416,1.915686352356778,2.085448006711232
48317,2021-04-04,1,2021-03-21,spatial,2.0009902316125374,0.16091262650017524,1.7049709141299407,2.348404816660493
48317,2021-04-11,2,2021-03-21,spatial,2.000608221671045,0.09950301885220963,1.811568184151932,2.2093748894643364
48317,2021-04-18,3,2021-03-21,spatial,1.9862768921825065,0.1997988877799189,1.6269277565231763,2.4249975923021223
48319,2021-03-28,0,2021-03-21,spatial,0.9979931578195635,0.07854546995940433,0.8533521110590041,1.1671504999485465
48319,2021-04-04,1,2021-03-21,spatial,0.997552064486482,0.04742421218304898,0.9073802766575236,1.096684760469872
48319,2021-04-11,2,2021-03-21,spatial,1.0013086423195021,0.07028322476070681,0.8709579149859635,1.1511681333074315
48319,2021-04-18,3,2021-03-21,spatial,0.99978268276874,0.08206234713370669,0.8493931448098367,1.176799481926644
48321,2021-03-28,0,2021-03-21,spatial,65.03358798495948,3.9776378238122994,57.563308757477515,73.47332280735286
48321,2021-04-04,1,2021-03-21,spatial,64.96809297089024,4.969780844867791,55.820406596452706,75.61487566345441
48321,2021-04-11,2,2021-03-21,spatial,64.99894470270895,4.091721663458003,57.313487105413095,73.71498447992342
48321,2021-04-18,3,2021-03-21,spatial,65.03668995219721,4.042656925275876,57.45929912586423,73.61334204012728
48323,2021-03-28,0,2021-03-21,spatial,38.92742849603393,2.3764083958872195,34.45654338680937,43.97843023029228
48323,2021-04-04,1,2021-03-21,spatial,39.01541717092323,0.8907977305331205,37.27486388428599,40.83724575753282
48323,2021-04-11,2,2021-03-21,spatial,39.114648324921774,2.404858598313996,34.606615951409395,44.20991973703793
48323,2021-04-18,3,2021-03-21,spatial,38.796986522275205,4.065543315784133,31.50111502292208,47.782631253348534
48325,2021-03-28,0,2021-03-21,spatial,33.07424746057937,3.2540623339766745,27.1910466517628,40.23036917605094
48325,2021-04-04,1,2021-03-21,spatial,33.017156392954305,3.1256802080801154,27.34564231596004,39.86494826784731
48325,2021-04-11,2,2021-03-21,spatial,32.999976224954466,2.2808202426191633,28.756608430607454,37.869501665171036
48325,2021-04-18,3,2021-03-21,spatial,32.99758457544424,2.14404244161594,28.98744519403336,37.562488881832095
48327,2021-03-28,0,2021-03-21,spatial,0.9996301885823964,0.010169722270158787,0.9795105110958008,1.0201631351636868
48327,2021-04-04,1,2021-03-21,spatial,1.0002742677912089,0.009398522399471079,0.9816703670449668,1.0192307360943362
48327,2021-04-11,2,2021-03-21,spatial,0.9990598004759949,0.08568679256212021,0.8423381191217129,1.1849404203241478
48327,2021-04-18,3,2021-03-21,spatial,1.000214152563145,0.08539146807970817,0.8430776230052504,1.1866384822567873
48329,2021-03-28,0,2021-03-21,spatial,22.991610887922093,1.4279040474380085,20.322947616281773,26.01070382123692
48329,2021-04-04,1,2021-03-21,spatial,22.983022588807287,1.7231613744195822,19.794955048829145,26.68454290573749
48329,2021-04-11,2,2021-03-21,spatial,22.98378175988275,1.8008391240637809,19.656411739198703,26.874397575447468
48329,2021-04-18,3,2021-03-21,spatial,22.969667843879677,1.2459315064376577,20.610470143519425,25.598913425274556
48331,2021-03-28,0,2021-03-21,spatial,29.033092917299978,2.469808857212243,24.51144793862394,34.388849098397856
48331,2021-04-04,1,2021-03-21,spatial,28.92222246966465,1.9074118999987608,25.370406557326998,32.971286868999506
48331,2021-04-11,2,2021-03-21,spatial,28.996788421520247,1.0567433316814214,26.953731544488807,31.19470628304639
48331,2021-04-18,3,2021-03-21,spatial,29.008080378764525,1.6754967569025925,25.850173711182546,32.55176296540134
48333,2021-03-28,0,2021-03-21,spatial,0.9996942768316104,0.0809095863506152,0.850375506178563,1.1752321649302342
48333,2021-04-04,1,2021-03-21,spatial,1.0044942116444902,0.07923290756856262,0.8583107354093876,1.1755749748906723
48333,2021-04-11,2,2021-03-21,spatial,1.0008099699211948,0.10262981870837412,0.8158718068708007,1.2276690865631008
48333,2021-04-18,3,2021-03-21,spatial,0.994259778522646,0.08960738557621607,0.8307750508176027,1.1899159781158843
48335,2021-03-28,0,2021-03-21,spatial,5.0043210457843115,0.35876727603935593,4.337491142451492,5.773666920994719
48335,2021-04-04,1,2021-03-21,spatial,5.004178207713748,0.3036154152413539,4.432631864038157,5.649420096832478
48335,2021-04-11,2,2021-03-21,spatial,5.019701967016336,0.5192254648831756,4.090734604099073,6.159629082859322
48335,2021-04-18,3,2021-03-21,spatial,4.998784052502403,0.3032556385081789,4.428394959410488,5.6426407835309185
48337,2021-03-28,0,2021-03-21,spatial,9.998968164208977,0.9022662439753671,8.358709734356664,11.961100160940044
48337,2021-04-04,1,2021-03-21,spatial,9.960604316326387,0.8040004468661632,8.483733920132115,11.694572140102535
48337,2021-04-11,2,2021-03-21,spatial,10.001610638443266,1.0440979701793094,8.137143631457983,12.29328372382412
48337,2021-04-18,3,2021-03-21,spatial,10.034718115510524,1.3619228342638194,7.681494134325608,13.108851728179523
48339,2021-03-28,0,2021-03-21,spatial,861.2464672181682,37.37396884966864,789.7987292659137,939.1575977656964
48339,2021-04-04,1,2021-03-21,spatial,861.7977187175186,60.84437658555825,748.3566951931305,992.4349080555096
48339,2021-04-11,2,2021-03-21,spatial,865.8781636635991,62.637923527259716,749.3323640544107,1000.5506638640337
48339,2021-04-18,3,2021-03-21,spatial,858.5923301932986,87.36741627454641,701.7657439452588,1050.465623075871
48341,2021-03-28,0,2021-03-21,spatial,47.007761517521566,2.6078577148733464,42.07985409122439,52.512768654038936
48341,2021-04-04,1,2021-03-21,spatial,47.04270288376873,2.5375742591840056,42.23678337584119,52.39546475208988
48341,2021-04-11,2,2021-03-21,spatial,46.89361863804074,4.643528168446862,38.548023827706146,57.04602339146309
48341,2021-04-18,3,2021-03-21,spatial,46.95947879790498,4.759846250918617,38.397859765902986,57.43009278160556
48343,2021-03-28,0,2021-03-21,spatial,8.013410184225394,0.4507032899361708,7.165570855127901,8.96156692591955
48343,2021-04-04,1,2021-03-21,spatial,7.9720134246733565,0.8763324728373713,6.419243177633059,9.900387987265168
48343,2021-04-11,2,2021-03-21,spatial,7.9907901693327545,0.6853284198426634,6.740856657013338,9.47249448834833
48343,2021-04-18,3,2021-03-21,spatial,8.026740434740981,0.8163341433458391,6.563913866517543,9.81557091042209
48345,2021-03-28,0,2021-03-21,spatial,3.995453430081525,0.2533634554246918,3.5215601657598388,4.533118095543254
48345,2021-04-04,1,2021-03-21,spatial,3.992995385789511,0.21768503890158325,3.581171006878788,4.452178385313276
48345,2021-04-11,2,2021-03-21,spatial,3.9994429907442766,0.32032064396555804,3.4148397234912937,4.684127376806972
48345,2021-04-18,3,2021-03-21,spatial,3.999312128384792,0.33113904032079505,3.392287524799181,4.714959266665505
48347,2021-03-28,0,2021-03-21,spatial,51.96883137066294,3.1732864897244166,46.01919784271353,58.687668639144384
48347,2021-04-04,1,2021-03-21,spatial,52.18500725462086,4.86870510845935,43.3552629115715,62.81301967235883
48347,2021-04-11,2,2021-03-21,spatial,52.034310209842694,1.7641262742661914,48.62624891252637,55.681231836014746
48347,2021-04-18,3,2021-03-21,spatial,51.98131709612864,4.253705886350535,44.14278142532086,61.2117596536031
48349,2021-03-28,0,2021-03-21,spatial,1.0019773857314478,0.04264483182404441,0.920437137018984,1.0907411719270077
48349,2021-04-04,1,2021-03-21,spatial,1.0015423707722164,0.09518847193058354,0.8284831704489494,1.2107513540781591
48349,2021-04-11,2,2021-03-21,spatial,0.9985242144144024,0.09588619059975736,0.8253898086175799,1.207975427321824
48349,2021-04-18,3,2021-03-21,spatial,0.9966875111373129,0.09755349691957396,0.8207264059399063,1.21037411208849
48351,2021-03-28,0,2021-03-21,spatial,10.002182459676847,0.6818150061213751,8.728249384853926,11.462052646006232
48351,2021-04-04,1,2021-03-21,spatial,10.029129594051927,0.629381375161502,8.846771903501658,11.369507602482214
48351,2021-04-11,2,2021-03-21,spatial,9.991129483190514,0.4979290573642017,9.046917602943028,11.033887201250264
48351,2021-04-18,3,2021-03-21,spatial,10.00901844583738,0.7446665858891253,8.627936793918071,11.611171087823829
48353,2021-03-28,0,2021-03-21,spatial,3.969096641046877,0.4070330069670648,3.2395589115275896,4.862923804198098
48353,2021-04-04,1,2021-03-21,spatial,3.9979630868069904,0.3740954876142107,3.3195230737983388,4.8150618291024685
48353,2021-04-11,2,2021-03-21,spatial,4.003217823002274,0.3012148519564419,3.4467063592654497,4.649584637612825
48353,2021-04-18,3,2021-03-21,spatial,3.993618944674168,0.5089337523661871,3.102764651394136,5.140252022690217
48355,2021-03-28,0,2021-03-21,spatial,466.8784939241616,16.289435258663033,435.5015234461139,500.51610925274827
48355,2021-04-04,1,2021-03-21,spatial,467.2928320937493,24.088488300289956,421.77605285533826,517.721642677261
48355,2021-04-11,2,2021-03-21,spatial,465.9710257513599,39.040059522085755,394.42870180191096,550.4898498710687
48355,2021-04-18,3,2021-03-21,spatial,467.23553942796576,36.629389111692014,400.002622211288,545.7690454569763
48357,2021-03-28,0,2021-03-21,spatial,16.07332768233957,1.2389939630006084,13.784484876261356,18.74222106252069
48357,2021-04-04,1,2021-03-21,spatial,15.90755621228343,1.1476783729806936,13.775497375380542,18.36959768140253
48357,2021-04-11,2,2021-03-21,spatial,16.05150519971443,1.3798868970782678,13.53520385576089,19.035606845832426
48357,2021-04-18,3,2021-03-21,spatial,16.06432144038176,1.0437637809584253,14.110077974896493,18.28922730257288
48359,2021-03-28,0,2021-03-21,spatial,5.006183835295912,0.3182278267086637,4.411748770914773,5.680712546009621
48359,2021-04-04,1,2021-03-21,spatial,5.0045380546391485,0.3074692562443915,4.4274715688133375,5.656818062197996
48359,2021-04-11,2,2021-03-21,spatial,4.995760552486321,0.3061164545421232,4.4205827687843815,5.64577676817067
48359,2021-04-18,3,2021-03-21,spatial,5.004258330975911,0.41173447669653257,4.249523949907566,5.893036899741797
48361,2021-03-28,0,2021-03-21,spatial,169.883762987135,12.729370105927654,146.13008052759596,197.49864519659175
48361,2021-04-04,1,2021-03-21,spatial,170.45549859557855,18.38053198786484,137.7294211988055,210.9576642998283
48361,2021-04-11,2,2021-03-21,spatial,168.83721375601274,18.255843278741178,136.21089125309928,209.27845406961862
48361,2021-04-18,3,2021-03-21,spatial,169.89542489487837,17.573278375323802,138.38067613195554,208.5873274147541
48363,2021-03-28,0,2021-03-21,spatial,2.003477708882639,0.12557370654827593,1.767832372314465,2.2705336732433263
48363,2021-04-04,1,2021-03-21,spatial,1.9969501889110528,0.2304214411668531,1.5905543435141711,2.507182526175888
48363,2021-04-11,2,2021-03-21,spatial,2.002047351759238,0.17140549455308005,1.6893543103687119,2.372618682821701
48363,2021-04-18,3,2021-03-21,spatial,2.0045138751655283,0.19425870946728285,1.6535290646801273,2.430000150319953
48365,2021-03-28,0,2021-03-21,spatial,9.977957203768248,0.6393743961400544,8.777863270659433,11.342125855732466
48365,2021-04-04,1,2021-03-21,spatial,9.987484414576954,0.6933388709016203,8.699202914707074,11.466549971236805
48365,2021-04-11,2,2021-03-21,spatial,10.000831741020836,0.8579998567401008,8.426166268474928,11.869767617380777
48365,2021-04-18,3,2021-03-21,spatial,9.979948224271643,0.9700443068322628,8.2150637345374,12.123991946698055
48367,2021-03-28,0,2021-03-21,spatial,51.94064903811425,2.264563069187457,47.618401195577704,56.65522056106128
48367,2021-04-04,1,2021-03-21,spatial,51.957881255555975,3.06061373957418,46.18691569894217,58.449917768124216
48367,2021-04-11,2,2021-03-21,spatial,51.97912356958979,2.2065364623455404,47.75259070667195,56.57974252452834
48367,2021-04-18,3,2021-03-21,spatial,51.70916297975533,5.5673696705024085,41.74713289631443,64.04841124557693
48369,2021-03-28,0,2021-03-21,spatial,15.029510218143963,0.9969099394097886,13.17023627083461,17.151262342765794
48369,2021-04-04,1,2021-03-21,spatial,14.985486535300536,0.9762070730579908,13.160676582350874,17.06331777811684
48369,2021-04-11,2,2021-03-21,spatial,14.958459515745073,1.1775588293429968,12.789655410409534,17.495038287119847
48369,2021-04-18,3,2021-03-21,spatial,14.977495157793179,1.3500288787847337,12.51064820360441,17.930754470187107
48371,2021-03-28,0,2021-03-21,spatial,7.015683329805436,0.4127272945297745,6.236044039308175,7.892794257683005
48371,2021-04-04,1,2021-03-21,spatial,7.011417434881217,0.6328317208947725,5.856230595353908,8.394473825050165
48371,2021-04-11,2,2021-03-21,spatial,7.000875194228196,0.3430878146090035,6.348229916226587,7.720617263700611
48371,2021-04-18,3,2021-03-21,spatial,6.961170050750908,0.5802869417768569,5.89964703150887,8.213692822073456
48373,2021-03-28,0,2021-03-21,spatial,49.93258945988741,4.242667144943292,42.215320950711906,59.06063092782462
48373,2021-04-04,1,2021-03-21,spatial,50.08591618499143,4.11899283585247,42.526918773208344,58.98849652071169
48373,2021-04-11,2,2021-03-21,spatial,49.94288202789678,3.1545695462148613,44.01909420416174,56.663852592782185
48373,2021-04-18,3,2021-03-21,spatial,50.11459269683354,4.860868699315314,41.34271107455357,60.74764658371264
48375,2021-03-28,0,2021-03-21,spatial,48.996711768806975,3.1630401813350115,43.07505399134547,55.73243772690073
48375,2021-04-04,1,2021-03-21,spatial,48.93061234708925,6.324702664700332,37.91341781017081,63.14927439801647
48375,2021-04-11,2,2021-03-21,spatial,48.992526251765135,4.064529805478566,41.535266942886075,57.788665035677646
48375,2021-04-18,3,2021-03-21,spatial,48.99863707761989,4.206346558427217,41.315295860720894,58.11083729275307
48377,2021-03-28,0,2021-03-21,spatial,2.0031809134206155,0.16400805020707765,1.7034897001248333,2.355596145722862
48377,2021-04-04,1,2021-03-21,spatial,2.000142587514916,0.0565811078835551,1.890156981058697,2.116528103475354
48377,2021-04-11,2,2021-03-21,spatial,2.003181496012522,0.1417070439259921,1.7401765301173129,2.3059362291804093
48377,2021-04-18,3,2021-03-21,spatial,2.0022989221016303,0.2103041311161324,1.6293577592331767,2.4606020075886814
48379,2021-03-28,0,2021-03-21,spatial,3.997408121588493,0.20649406818804653,3.605707458042312,4.4316606037744
48379,2021-04-04,1,2021-03-21,spatial,4.005563439504228,0.3922276739133372,3.2963943058268845,4.867299533775967
48379,2021-04-11,2,2021-03-21,spatial,3.9952765344599737,0.0966221109593794,3.806545054107196,4.193365469189319
48379,2021-04-18,3,2021-03-21,spatial,3.996773739506184,0.3933308038937657,3.287861978029502,4.858537381298464
48381,2021-03-28,0,2021-03-21,spatial,52.10024909966571,2.139187707674982,48.00520041004997,56.54462293795457
48381,2021-04-04,1,2021-03-21,spatial,51.91692490675062,2.7155974270330043,46.76791504620346,57.63282560512582
48381,2021-04-11,2,2021-03-21,spatial,51.97156398612069,4.580925782385055,43.59577156726293,61.95654684069661
48381,2021-04-18,3,2021-03-21,spatial,51.90993154581578,5.460224786117189,42.12424594161612,63.968883783131254
48383,2021-03-28,0,2021-03-21,spatial,1.0000489469091969,0.09053184465210268,0.8354376924207422,1.1970945353403148
48383,2021-04-04,1,2021-03-21,spatial,1.0004144477063628,0.061027298307481215,0.8859970880909014,1.1296076258401246
48383,2021-04-11,2,2021-03-21,spatial,0.9995725966708368,0.07171477699846461,0.8662712374761149,1.1533862984142171
48383,2021-04-18,3,2021-03-21,spatial,0.9981960168138648,0.0661787366374612,0.8748826649001691,1.1388901940316332
48385,2021-03-28,0,2021-03-21,spatial,1.0020593943631206,0.07792783171975076,0.8583928122432031,1.1697710133515098
48385,2021-04-04,1,2021-03-21,spatial,0.9992989828579764,0.05605834667884603,0.8935205489673463,1.1175998786990182
48385,2021-04-11,2,2021-03-21,spatial,1.0008347359997378,0.08740934171151829,0.841319832675715,1.1905937907085529
48385,2021-04-18,3,2021-03-21,spatial,0.993214536333766,0.13496301662157814,0.7599033150921145,1.2981587204486909
48387,2021-03-28,0,2021-03-21,spatial,2.99714074983916,0.2594009946106173,2.523770000866107,3.5592992512248363
48387,2021-04-04,1,2021-03-21,spatial,2.9993789153429504,0.17067103016296134,2.6777655167702847,3.359619735731928
48387,2021-04-11,2,2021-03-21,spatial,2.9784226993131964,0.30351868551981864,2.4315714829068984,3.648258682972787
48387,2021-04-18,3,2021-03-21,spatial,3.0100903175590026,0.2785171352782701,2.503314037229727,3.6194594785596097
48389,2021-03-28,0,2021-03-21,spatial,1.0023501095813137,0.08552753430755726,0.8459685948312127,1.1876395274201992
48389,2021-04-04,1,2021-03-21,spatial,0.9986288766051076,0.04375785272880734,0.9148129151115949,1.0901241299899298
48389,2021-04-11,2,2021-03-21,spatial,1.0010510918902866,0.04767151966067448,0.9101673008953148,1.1010099874923924
48389,2021-04-18,3,2021-03-21,spatial,0.9979569451990632,0.07921036916491224,0.8515491386366176,1.1695368115404026
48391,2021-03-28,0,2021-03-21,spatial,1.0009689723682036,0.07097619782161367,0.8686496304197139,1.153444206451502
48391,2021-04-04,1,2021-03-21,spatial,1.0088656295917622,0.11343298419172665,0.8076716348127516,1.2601777934265934
48391,2021-04-11,2,2021-03-21,spatial,1.0027815514392804,0.08021952703351724,0.8554618554691399,1.1754712772733855
48391,2021-04-18,3,2021-03-21,spatial,1.0033142929343704,0.08333370217431793,0.8503171855523691,1.1838400863937364
48393,2021-03-28,0,2021-03-21,spatial,1.0002238495465072,0.010149664099434266,0.9801243594136936,1.020735521561873
48393,2021-04-04,1,2021-03-21,spatial,0.9999691568751096,0.010221534457994223,0.979742198397342,1.020613704643132
48393,2021-04-11,2,2021-03-21,spatial,0.9998240719363738,0.009940739979293168,0.980144755698603,1.019898508879871
48393,2021-04-18,3,2021-03-21,spatial,1.0001114738849992,0.010095267745694412,0.9801208573095256,1.020509820535889
48395,2021-03-28,0,2021-03-21,spatial,8.987629466189368,0.4634545001238217,8.108988215365121,9.961475004792343
48395,2021-04-04,1,2021-03-21,spatial,8.991935982957596,0.3614353480517439,8.297353122062367,9.744663332047091
48395,2021-04-11,2,2021-03-21,spatial,8.98553590114293,0.3371389697829271,8.336668458192904,9.684906606952923
48395,2021-04-18,3,2021-03-21,spatial,9.036789389313011,0.8722787639415841,7.470338933768387,10.931707810157592
48397,2021-03-28,0,2021-03-21,spatial,98.9889721660863,6.360628917783137,87.112107272902,112.4851288443843
48397,2021-04-04,1,2021-03-21,spatial,99.2365081928896,6.524278187743263,87.07513925427799,113.0963974637987
48397,2021-04-11,2,2021-03-21,spatial,98.74183850530657,8.053141060022853,83.98469903857817,116.09198798139913
48397,2021-04-18,3,2021-03-21,spatial,99.18085599090044,7.935382317600027,84.5889313479733,116.289945248533
48399,2021-03-28,0,2021-03-21,spatial,1.0010136544966814,0.10824954812546596,0.8088451207616967,1.2388383273489771
48399,2021-04-04,1,2021-03-21,spatial,1.0052047530493142,0.11687966866947935,0.7979158370318009,1.266344830692541
48399,2021-04-11,2,2021-03-21,spatial,1.0032608846231712,0.08505828101134395,0.8474909815724632,1.187661490801134
48399,2021-04-18,3,2021-03-21,spatial,0.9992111571418001,0.07515418244262627,0.8600651690703185,1.1608689346597922
48401,2021-03-28,0,2021-03-21,spatial,13.986469361368494,1.2021528309809486,11.782734881581755,16.602370091708185
48401,2021-04-04,1,2021-03-21,spatial,13.999651880437476,1.0730708500988926,12.008691825035415,16.320699675616716
48401,2021-04-11,2,2021-03-21,spatial,14.005219565021688,0.983874503530106,12.17405969857571,16.1118131437629
48401,2021-04-18,3,2021-03-21,spatial,13.982614194285311,1.2946552022999986,11.633499726756186,16.806077646313295
48403,2021-03-28,0,2021-03-21,spatial,4.006664786842199,0.3146776355315201,3.4259287726036325,4.685842520281306
48403,2021-04-04,1,2021-03-21,spatial,3.995833388861703,0.08759625867148599,3.824582607100522,4.174752152535307
48403,2021-04-11,2,2021-03-21,spatial,4.003150129244338,0.2451314134187862,3.541871991462148,4.5245031429420655
48403,2021-04-18,3,2021-03-21,spatial,3.9912875631435414,0.3889649868198273,3.2941481753228232,4.8359623076588365
48405,2021-03-28,0,2021-03-21,spatial,4.0159888263133965,0.3330096651499589,3.406883301278253,4.733994336413816
48405,2021-04-04,1,2021-03-21,spatial,3.995021161805792,0.3567800280894569,3.3463822024961187,4.769387690196039
48405,2021-04-11,2,2021-03-21,spatial,4.000515061267737,0.3767926614457629,3.318354276031785,4.822909015781262
48405,2021-04-18,3,2021-03-21,spatial,4.004245016820599,0.2919288880231035,3.4663832654398488,4.625564147678879
48407,2021-03-28,0,2021-03-21,spatial,33.020343575195426,2.0870150846339643,29.10714321455833,37.45963943581383
48407,2021-04-04,1,2021-03-21,spatial,33.02724645062501,1.6582148353101562,29.876587212469467,36.51016096159269
48407,2021-04-11,2,2021-03-21,spatial,33.064551012635796,1.4614125470672057,30.265588576896572,36.12236156879982
48407,2021-04-18,3,2021-03-21,spatial,32.9288681582513,1.779491376787228,29.55305631837407,36.6902951255619
48409,2021-03-28,0,2021-03-21,spatial,0.9994892641705968,0.06322536367206934,0.8806691981047656,1.1343405575466048
48409,2021-04-04,1,2021-03-21,spatial,0.998569795056548,0.06261681687060093,0.8809945530815569,1.1318363230640398
48409,2021-04-11,2,2021-03-21,spatial,1.000271176822246,0.038451520653534466,0.9264111627418448,1.080019830741368
48409,2021-04-18,3,2021-03-21,spatial,1.000140027856285,0.08542548755926105,0.8445214615852112,1.1844341687217663
48411,2021-03-28,0,2021-03-21,spatial,1.0003772361973566,0.009659265688381956,0.9812627882534694,1.0198640228506837
48411,2021-04-04,1,2021-03-21,spatial,1.002626598037858,0.043879104284001824,0.9188354370379128,1.0940589082346084
48411,2021-04-11,2,2021-03-21,spatial,0.9996741005583069,0.036538388772377695,0.9293660972459152,1.0753010146254849
48411,2021-04-18,3,2021-03-21,spatial,0.9963535681902952,0.08986369708384087,0.8327046660828362,1.1921638886874917
48413,2021-03-28,0,2021-03-21,spatial,1.0003500158946237,0.10378868766110723,0.8138215592667437,1.2296309220439037
48413,2021-04-04,1,2021-03-21,spatial,1.0006871055785036,0.08246529729880657,0.848987628579156,1.1794926681640323
48413,2021-04-11,2,2021-03-21,spatial,0.9983769319425216,0.07644143857146259,0.8573317744064806,1.1626263343907948
48413,2021-04-18,3,2021-03-21,spatial,1.0006680291888497,0.06007854754049712,0.8876829641143025,1.1280339322945019
48415,2021-03-28,0,2021-03-21,spatial,16.951477958119487,1.145638686921177,14.809025900983512,19.403882935036727
48415,2021-04-04,1,2021-03-21,spatial,16.935042296791185,1.0016734649784025,15.04854654015724,19.058030410364786
48415,2021-04-11,2,2021-03-21,spatial,17.05085357755151,1.1202027774525152,14.953598551083967,19.44225042085448
48415,2021-04-18,3,2021-03-21,spatial,17.017512924656167,1.4567587619133984,14.355216518524106,20.17355473302284
48417,2021-03-28,0,2021-03-21,spatial,0.9998931594757756,0.009840449750211908,0.9803941178109069,1.019780017243313
48417,2021-04-04,1,2021-03-21,spatial,0.9977225382445176,0.09786967448781254,0.821761386876293,1.211361691141296
48417,2021-04-11,2,2021-03-21,spatial,0.9985992862533836,0.07249276658770741,0.8641010929407662,1.15403225693423
48417,2021-04-18,3,2021-03-21,spatial,1.0011946152843445,0.04491055601530119,0.9155664752515238,1.094831107046586
48419,2021-03-28,0,2021-03-21,spatial,12.956797972183542,0.8601385136514792,11.349616652416373,14.7915668725461
48419,2021-04-04,1,2021-03-21,spatial,13.03058861043776,1.6212561384728337,10.198984643679939,16.6483474058066
48419,2021-04-11,2,2021-03-21,spatial,13.01149305146291,0.8087426067358485,11.496627294151669,14.725966763695116
48419,2021-04-18,3,2021-03-21,spatial,13.043739523344787,1.085727378630439,11.052634601238502,15.393537096920035
48421,2021-03-28,0,2021-03-21,spatial,9.00998755492525,0.2945282305520436,8.43956367642883,9.61896596226155
48421,2021-04-04,1,2021-03-21,spatial,9.020989752345628,0.5710422107116649,7.952922454085982,10.232497120616962
48421,2021-04-11,2,2021-03-21,spatial,9.037155387167818,0.5719161857708001,7.965966460557659,10.252387817121061
48421,2021-04-18,3,2021-03-21,spatial,8.980323109493488,1.0387518183252458,7.1347038453802725,11.30337080537986
48423,2021-03-28,0,2021-03-21,spatial,205.46841533599925,15.249783869452601,177.26936973853768,238.15321148236038
48423,2021-04-04,1,2021-03-21,spatial,204.70468469082024,12.121983016808505,181.86500856098658,230.41270151930325
48423,2021-04-11,2,2021-03-21,spatial,204.7769907545453,11.320900979767439,183.37985889461342,228.67078312338532
48423,2021-04-18,3,2021-03-21,spatial,204.68764429793487,14.496131338884602,177.74764601076296,235.71075436746418
48425,2021-03-28,0,2021-03-21,spatial,0.9962838060772862,0.05455815936069423,0.8933555151508702,1.1110710186685488
48425,2021-04-04,1,2021-03-21,spatial,0.9978148224321748,0.08929755845081745,0.8352376796573643,1.1920372417510992
48425,2021-04-11,2,2021-03-21,spatial,1.0002427988045448,0.01190460133454818,0.976729126897128,1.0243225363194508
48425,2021-04-18,3,2021-03-21,spatial,1.0016454543682438,0.046756710015887035,0.9127130125989541,1.099243247775862
48427,2021-03-28,0,2021-03-21,spatial,95.17211028699828,7.60608716401467,81.12514281615115,111.65133597370097
48427,2021-04-04,1,2021-03-21,spatial,94.76444293323758,11.437131077888315,74.53894860536633,120.4779489444035
48427,2021-04-11,2,2021-03-21,spatial,94.848107484918,9.352219494562094,77.99503319614222,115.34277408212608
48427,2021-04-18,3,2021-03-21,spatial,95.49933424559015,13.300563301553002,72.57242596924903,125.66925687747299
48429,2021-03-28,0,2021-03-21,spatial,5.002850974148153,0.3040548809534509,4.430306523344453,5.649387404156637
48429,2021-04-04,1,2021-03-21,spatial,4.9830990958580665,0.26247708675091763,4.4854643925230135,5.53594331069346
48429,2021-04-11,2,2021-03-21,spatial,5.006789763262956,0.3243360068211319,4.399618186825488,5.697754366181107
48429,2021-04-18,3,2021-03-21,spatial,4.973323578207982,0.5619998892945429,3.9689150669584,6.2319165304069974
48431,2021-03-28,0,2021-03-21,spatial,0.999617943445884,0.01007084251021937,0.9796756788702724,1.019966152483506
48431,2021-04-04,1,2021-03-21,spatial,0.999992414952206,0.009750091820521913,0.9806722072569114,1.0196932497547309
48431,2021-04-11,2,2021-03-21,spatial,0.9992773197561836,0.09834953048669001,0.8223035073386359,1.214338930659435
48431,2021-04-18,3,2021-03-21,spatial,1.0028613098725898,0.09441505447738156,0.830734766994908,1.2106521200232023
48433,2021-03-28,0,2021-03-21,spatial,1.0024824566206618,0.07377147485852516,0.8657044682924041,1.1608708429269121
48433,2021-04-04,1,2021-03-21,spatial,1.0008902024585384,0.06254825449090091,0.8837312944932012,1.1335812182050105
48433,2021-04-11,2,2021-03-21,spatial,0.9976922374083887,0.06679430612918824,0.8733337507750385,1.1397587688573811
48433,2021-04-18,3,2021-03-21,spatial,0.9986143644773776,0.08840706249980147,0.8376986545400958,1.1904407910121872
48435,2021-03-28,0,2021-03-21,spatial,1.0017235441691033,0.0743125883444502,0.8639432064333694,1.1614768788856715
48435,2021-04-04,1,2021-03-21,spatial,0.9966678530663314,0.06347122256832094,0.8781309338428132,1.1312058043426827
48435,2021-04-11,2,2021-03-21,spatial,0.9986375941253592,0.036006888414566805,0.9290992937367794,1.0733804784088252
48435,2021-04-18,3,2021-03-21,spatial,1.0005505120471931,0.0829939359094897,0.8482194590634533,1.1802385767749874
48437,2021-03-28,0,2021-03-21,spatial,18.988985955357137,1.2220093728305663,16.69350210498339,21.600116341382247
48437,2021-04-04,1,2021-03-21,spatial,18.991682837433697,1.635470267601569,16.00585898067359,22.534499237634463
48437,2021-04-11,2,2021-03-21,spatial,18.96867734684104,1.4753114342880107,16.25093949255855,22.140918096047365
48437,2021-04-18,3,2021-03-21,spatial,19.05356985889091,1.6080624195116469,16.111598222144725,22.53274438464179
48439,2021-03-28,0,2021-03-21,spatial,1308.102564221314,136.2389420618095,1063.6133162166311,1608.7917407888706
48439,2021-04-04,1,2021-03-21,spatial,1305.6974430568418,110.36723613812832,1102.9424262112207,1545.725118818383
48439,2021-04-11,2,2021-03-21,spatial,1314.0563182115525,114.99873288149904,1103.762807860196,1564.41582841448
48439,2021-04-18,3,2021-03-21,spatial,1315.4941097781862,135.17151256702988,1073.462386266927,1612.0963109654695
48441,2021-03-28,0,2021-03-21,spatial,33.015478358997505,2.069953468314379,29.13016538811901,37.41900523908483
48441,2021-04-04,1,2021-03-21,spatial,33.08829495269329,2.698691617430645,28.0978929749633,38.965030717854304
48441,2021-04-11,2,2021-03-21,spatial,33.12560473684211,2.8017640756126814,28.009307575968176,39.176466115962725
48441,2021-04-18,3,2021-03-21,spatial,32.93978250390547,3.0286001036909718,27.426595171575674,39.56120927941859
48443,2021-03-28,0,2021-03-21,spatial,0.9996484041259732,0.009922182914871134,0.9800003061036096,1.0196904283068209
48443,2021-04-04,1,2021-03-21,spatial,1.0000101480908994,0.010354848475187192,0.9795096152607116,1.0209397444440722
48443,2021-04-11,2,2021-03-21,spatial,0.9997880012959612,0.010266269477993835,0.9794725616766659,1.0205248075804123
48443,2021-04-18,3,2021-03-21,spatial,0.9996925673954192,0.010040074175992664,0.9798074310010646,1.0199812715081962
48445,2021-03-28,0,2021-03-21,spatial,4.0023382278849295,0.3554913720380257,3.3524621075995267,4.778193093988167
48445,2021-04-04,1,2021-03-21,spatial,4.000677721088377,0.3520976683156901,3.359138377990392,4.764740367018804
48445,2021-04-11,2,2021-03-21,spatial,4.003106104375897,0.16817559384626282,3.6810680798829902,4.3533176065032055
48445,2021-04-18,3,2021-03-21,spatial,3.995156311809807,0.3030775857137739,3.434450099404102,4.647403075841201
48447,2021-03-28,0,2021-03-21,spatial,1.0000817205877994,0.009726127637180929,0.9808264267224576,1.0197150286784304
48447,2021-04-04,1,2021-03-21,spatial,0.9998738685030484,0.009782967051372144,0.980499063866207,1.019631522107879
48447,2021-04-11,2,2021-03-21,spatial,0.9998408759317992,0.009941857267130785,0.9801525208206568,1.0199247116633026
48447,2021-04-18,3,2021-03-21,spatial,0.9996575171254356,0.010107166919401028,0.9796477775235588,1.020075964518134
48449,2021-03-28,0,2021-03-21,spatial,12.00708023474299,0.9136048654317862,10.325374282617627,13.962687629276587
48449,2021-04-04,1,2021-03-21,spatial,12.012815717515586,0.7719022020818265,10.567443971693207,13.655879496455686
48449,2021-04-11,2,2021-03-21,spatial,11.990806920830664,0.4565147281860299,11.111185196265321,12.940064275138495
48449,2021-04-18,3,2021-03-21,spatial,12.033156849310165,1.0717771239901508,10.076360002315356,14.369957378143349
48451,2021-03-28,0,2021-03-21,spatial,43.03972905037589,3.400311723468482,36.77268994629242,50.3748373979516
48451,2021-04-04,1,2021-03-21,spatial,42.978456444352865,3.2331015563443266,36.97912978114137,49.951086714894686
48451,2021-04-11,2,2021-03-21,spatial,42.98924364413453,3.3088773652142445,36.8794875721999,50.111191634014396
48451,2021-04-18,3,2021-03-21,spatial,43.130377128047506,3.2713166404992746,37.09890715369654,50.14243205334553
48453,2021-03-28,0,2021-03-21,spatial,716.8973636048114,54.64428110597005,615.9847608853844,834.3417931391937
48453,2021-04-04,1,2021-03-21,spatial,719.2248727591805,52.195443795255535,622.5557415851425,830.904580975122
48453,2021-04-11,2,2021-03-21,spatial,718.7344354899367,50.47533855925536,625.159758291172,826.3154848147439
48453,2021-04-18,3,2021-03-21,spatial,719.4947763187128,82.40334482518787,573.2912041057034,902.9839101708354
48455,2021-03-28,0,2021-03-21,spatial,5.994830239305398,0.4335777261869661,5.1892196364531324,6.9255094437772335
48455,2021-04-04,1,2021-03-21,spatial,5.997847878440138,0.2689833307559204,5.484601474668087,6.559123637161972
48455,2021-04-11,2,2021-03-21,spatial,6.006724107743733,0.3933628897362324,5.271957733112474,6.843896771010015
48455,2021-04-18,3,2021-03-21,spatial,6.0023031780442215,0.30997025558209235,5.4129892701531,6.65577588335784
48457,2021-03-28,0,2021-03-21,spatial,7.021442866286215,0.5555342970512746,5.9973918304832186,8.220349998467473
48457,2021-04-04,1,2021-03-21,spatial,7.006958164212687,0.4573307474432725,6.152354357604568,7.980272243964674
48457,2021-04-11,2,2021-03-21,spatial,7.024793249217055,0.3906695531481632,6.285151067810088,7.851477181985944
48457,2021-04-18,3,2021-03-21,spatial,7.013064629456603,0.6403190970542479,5.854229300217029,8.401289559175956
48459,2021-03-28,0,2021-03-21,spatial,13.990368258445676,1.2356037984552721,11.738202010476945,16.674649476318855
48459,2021-04-04,1,2021-03-21,spatial,13.970238255323505,1.3087433983995078,11.58317962588174,16.849221303140045
48459,2021-04-11,2,2021-03-21,spatial,14.019092067664314,0.91082674305578,12.321308495037636,15.950817438002
48459,2021-04-18,3,2021-03-21,spatial,14.020858511502777,1.672317599437969,11.07310424587425,17.75332996371145
48461,2021-03-28,0,2021-03-21,spatial,3.0014386717921933,0.16886377100929867,2.6825749882114,3.35820401670716
48461,2021-04-04,1,2021-03-21,spatial,2.9917637587381063,0.1774872373771008,2.6592281073055446,3.365882890418145
48461,2021-04-11,2,2021-03-21,spatial,2.9967781665512283,0.09516950474426902,2.8123019251644643,3.1933553432364663
48461,2021-04-18,3,2021-03-21,spatial,2.995044028152408,0.3666960999770678,2.3502140952094748,3.8167964139334614
48463,2021-03-28,0,2021-03-21,spatial,25.933798876699857,2.3210081389362585,21.667095961577576,31.040704548951922
48463,2021-04-04,1,2021-03-21,spatial,25.942896720261224,2.237587902845672,21.85352067555684,30.797503991699106
48463,2021-04-11,2,2021-03-21,spatial,26.009276759586452,2.3743286896877818,21.702022784367923,31.171402052164375
48463,2021-04-18,3,2021-03-21,spatial,26.086229213849325,2.6289893039258523,21.34471290339356,31.88102635427324
48465,2021-03-28,0,2021-03-21,spatial,12.995085105712054,1.0275369743704867,11.102799958854892,15.20987836676436
48465,2021-04-04,1,2021-03-21,spatial,13.030063681721197,0.9362329165101766,11.289260705456984,15.039298318944876
48465,2021-04-11,2,2021-03-21,spatial,12.999174426072932,1.2143532202771787,10.800457227211599,15.645498352952082
48465,2021-04-18,3,2021-03-21,spatial,12.996282265605851,0.7583255201911101,11.569880404850625,14.598539208451026
48467,2021-03-28,0,2021-03-21,spatial,41.93548268891567,1.7838532712922095,38.52137366587321,45.65218062071104
48467,2021-04-04,1,2021-03-21,spatial,42.018744208281404,2.059361994651681,38.10470848421407,46.334821471535996
48467,2021-04-11,2,2021-03-21,spatial,41.965617813873095,3.088040775870812,36.21508913106378,48.629262574131104
48467,2021-04-18,3,2021-03-21,spatial,41.985496908837966,3.0189190509180834,36.38175852475955,48.452356954719065
48469,2021-03-28,0,2021-03-21,spatial,25.960172519230927,1.2624389188143892,23.56207317791345,28.60234547866356
48469,2021-04-04,1,2021-03-21,spatial,26.030563641610808,3.082737362055557,20.55752978072991,32.960684028054104
48469,2021-04-11,2,2021-03-21,spatial,26.12907613095787,2.8227622803966037,21.09701105322333,32.36139080247013
48469,2021-04-18,3,2021-03-21,spatial,25.93134833996954,2.2569366301214693,21.819346972392854,30.818283772637447
48471,2021-03-28,0,2021-03-21,spatial,47.82505076248297,3.4123897754348254,41.502042062205135,55.11139613337246
48471,2021-04-04,1,2021-03-21,spatial,48.34959151319227,4.62396949513554,40.00529663737576,58.43433734993296
48471,2021-04-11,2,2021-03-21,spatial,48.03415606404192,4.228883894062274,40.31503794526683,57.23125330843497
48471,2021-04-18,3,2021-03-21,spatial,47.97371048540818,7.093436337095803,35.928556890840156,64.05703698955172
48473,2021-03-28,0,2021-03-21,spatial,93.887733126405,8.156759752908275,78.99941137169509,111.58192546702135
48473,2021-04-04,1,2021-03-21,spatial,94.03281178789732,6.358339033758948,82.18862049972749,107.58386792448285
48473,2021-04-11,2,2021-03-21,spatial,93.87829782664778,6.353764907628023,82.01653018251652,107.45559197903593
48473,2021-04-18,3,2021-03-21,spatial,93.82862934639783,8.091652335268543,78.98811477869567,111.45742254628712
48475,2021-03-28,0,2021-03-21,spatial,8.022277473458615,0.3462914454772417,7.359267804025422,8.745018876192976
48475,2021-04-04,1,2021-03-21,spatial,7.996321809463384,0.5230997663725152,7.018618396834942,9.110220682368787
48475,2021-04-11,2,2021-03-21,spatial,8.047833663640104,0.8814605830179733,6.475015279681967,10.00269866248101
48475,2021-04-18,3,2021-03-21,spatial,7.997027511748653,0.687994072384379,6.7317763965183675,9.500085156830323
48477,2021-03-28,0,2021-03-21,spatial,37.07021802245437,2.1956052812599878,32.940727183344286,41.717387007993366
48477,2021-04-04,1,2021-03-21,spatial,36.87765485398955,2.3213559035881364,32.51945543872779,41.81993238147479
48477,2021-04-11,2,2021-03-21,spatial,36.99982528416262,1.8232131781176624,33.52670603088651,40.83273405378325
48477,2021-04-18,3,2021-03-21,spatial,37.069192503185896,2.1480341057422176,33.014986907449824,41.62125027310497
48479,2021-03-28,0,2021-03-21,spatial,100.08751046704279,6.275679389115553,88.29492762432598,113.45509896233824
48479,2021-04-04,1,2021-03-21,spatial,100.01550727555882,9.124827762463504,83.43244110818215,119.89463046654598
48479,2021-04-11,2,2021-03-21,spatial,100.15860657926703,3.6382026219125088,93.14352064334062,107.7020323325906
48479,2021-04-18,3,2021-03-21,spatial,99.9209868374648,5.700352760530323,89.15733396694678,111.984097845212
48481,2021-03-28,0,2021-03-21,spatial,40.11092401590898,3.4122260295409674,33.85981437066254,47.51609704050903
48481,2021-04-04,1,2021-03-21,spatial,40.14417446507458,3.690418473967942,33.43238196300146,48.20340785965538
48481,2021-04-11,2,2021-03-21,spatial,40.17802027647016,2.2679724434485657,35.9068666083346,44.957231466188354
48481,2021-04-18,3,2021-03-21,spatial,39.882805758011706,2.7227519107571405,34.807302014866856,45.69840530736624
48483,2021-03-28,0,2021-03-21,spatial,13.019691343721473,0.5468910133015426,11.971589408840403,14.159553664662075
48483,2021-04-04,1,2021-03-21,spatial,13.052878030621992,0.9906215543104984,11.227639155160343,15.174839743935554
48483,2021-04-11,2,2021-03-21,spatial,12.991894409549609,0.2987829303779293,12.40779507003942,13.603490337816336
48483,2021-04-18,3,2021-03-21,spatial,13.012586243808274,0.5992942276647147,11.866183689046226,14.269743768491956
48485,2021-03-28,0,2021-03-21,spatial,66.07924684817682,3.7237999515481066,59.03269729613478,73.96692111353323
48485,2021-04-04,1,2021-03-21,spatial,66.2553701343238,4.798263135947608,57.33167534787997,76.56804105234598
48485,2021-04-11,2,2021-03-21,spatial,65.77863610447207,5.475879619126494,55.74352371024849,77.62029882170981
48485,2021-04-18,3,2021-03-21,spatial,66.3955879935353,7.9504366824425885,52.37633347985479,84.16729106673446
48487,2021-03-28,0,2021-03-21,spatial,0.9972862058209964,0.08172515144953761,0.8473513746460409,1.1737512985522665
48487,2021-04-04,1,2021-03-21,spatial,1.0045277228694192,0.08184452815212752,0.8542145882270851,1.1812909307806938
48487,2021-04-11,2,2021-03-21,spatial,1.0013450334271554,0.04719024942379507,0.9112985140280656,1.1002891594074855
48487,2021-04-18,3,2021-03-21,spatial,1.002819960004402,0.10247821405723696,0.8183819331661999,1.228824625065372
48489,2021-03-28,0,2021-03-21,spatial,22.972921125831018,1.4664544362183545,20.217931202752517,26.10331886883676
48489,2021-04-04,1,2021-03-21,spatial,23.01191491613562,1.3551753400418427,20.466084791758554,25.8744275466262
48489,2021-04-11,2,2021-03-21,spatial,23.03408962117718,1.9164616072419631,19.51964541573059,27.18129727135538
48489,2021-04-18,3,2021-03-21,spatial,23.02969781622625,1.9602594802340616,19.422595765170485,27.30669926507843
48491,2021-03-28,0,2021-03-21,spatial,494.61071615186216,44.7294311502395,413.19952993464545,592.0620494678487
48491,2021-04-04,1,2021-03-21,spatial,498.2920650670176,57.75402971715486,395.9529842684466,627.0819818860485
48491,2021-04-11,2,2021-03-21,spatial,496.7212064364397,27.82174673475325,444.19514543366927,555.4584723855703
48491,2021-04-18,3,2021-03-21,spatial,497.08044039605664,30.726855298563795,439.6013752035733,562.0750483546923
48493,2021-03-28,0,2021-03-21,spatial,31.89450759626635,1.6569525811696606,28.744112956315192,35.390189857460726
48493,2021-04-04,1,2021-03-21,spatial,31.867742483674952,5.114825124975146,23.218640621941983,43.73869373067896
48493,2021-04-11,2,2021-03-21,spatial,32.04764170014163,2.8120017326799243,26.920447896799086,38.15134660752714
48493,2021-04-18,3,2021-03-21,spatial,32.14612202975551,3.302342049128105,26.22281758250628,39.407403811606976
48495,2021-03-28,0,2021-03-21,spatial,7.0068213094112215,0.6747189170110668,5.7837793254535965,8.488488598788098
48495,2021-04-04,1,2021-03-21,spatial,6.990724608460375,0.30198162807263057,6.413189311165596,7.620269444759509
48495,2021-04-11,2,2021-03-21,spatial,6.978966114050742,0.47481052018438896,6.090783221966697,7.996667463949159
48495,2021-04-18,3,2021-03-21,spatial,7.036115918526748,0.6516663784326524,5.856674185830376,8.453078598553843
48497,2021-03-28,0,2021-03-21,spatial,48.926528500658634,2.25060229397786,44.627853490333855,53.63926346231835
48497,2021-04-04,1,2021-03-21,spatial,48.837595143172244,4.093981227466647,41.33002248519347,57.708913664948284
48497,2021-04-11,2,2021-03-21,spatial,48.8671625254197,3.8722173241466655,41.73806787675251,57.21394627890437
48497,2021-04-18,3,2021-03-21,spatial,48.931409027682726,3.856808789303109,41.82273703805138,57.24835242743707
48499,2021-03-28,0,2021-03-21,spatial,27.992866904516557,1.5360495777314986,25.098054419405422,31.221567394806158
48499,2021-04-04,1,2021-03-21,spatial,27.966305858353138,2.332033196250765,23.661293592588997,33.054585976141425
48499,2021-04-11,2,2021-03-21,spatial,27.989088049951548,2.8224509209322437,22.91747957188529,34.183036900313695
48499,2021-04-18,3,2021-03-21,spatial,28.1131284133256,2.6910481387015097,23.240795850748462,34.006924472798644
48501,2021-03-28,0,2021-03-21,spatial,1.997652718555656,0.11776107683516587,1.7762750373549945,2.24662076538278
48501,2021-04-04,1,2021-03-21,spatial,2.0018783053260725,0.10752748171738312,1.7986613417038824,2.228055196615748
48501,2021-04-11,2,2021-03-21,spatial,2.0074816988330277,0.24135414270352865,1.5860085484448818,2.5409590478569792
48501,2021-04-18,3,2021-03-21,spatial,1.999928788156596,0.1556581935652867,1.7112676785364107,2.3372820090415845
48503,2021-03-28,0,2021-03-21,spatial,1.9979260858678898,0.2045131992677325,1.6286698675960891,2.4509010229821064
48503,2021-04-04,1,2021-03-21,spatial,1.9973484786088882,0.19917025720906906,1.6387679854911286,2.434390334886632
48503,2021-04-11,2,2021-03-21,spatial,2.00045521897787,0.10399190142161904,1.8027592572557845,2.2198311100215857
48503,2021-04-18,3,2021-03-21,spatial,2.0035823581114185,0.14202847582738512,1.739496208748449,2.3077614343428747
48505,2021-03-28,0,2021-03-21,spatial,2.9972224029327434,0.1887651428522749,2.6424024518745077,3.3996873285782767
48505,2021-04-04,1,2021-03-21,spatial,2.995207297784706,0.21100212861427967,2.602428388904067,3.44726748100098
48505,2021-04-11,2,2021-03-21,spatial,2.9973890042951186,0.2048700650356705,2.6158078073417927,3.4346333923512686
48505,2021-04-18,3,2021-03-21,spatial,2.996955183122286,0.2625681496511421,2.519810434103494,3.56445082061861
48507,2021-03-28,0,2021-03-21,spatial,7.01694519673785,0.3744521238901567,6.308008152515515,7.8055574285184415
48507,2021-04-04,1,2021-03-21,spatial,6.996163012110889,0.2775905247381066,6.463442393910148,7.572790768297971
48507,2021-04-11,2,2021-03-21,spatial,7.000500146651581,0.6669903674611787,5.787176214876674,8.468206338229358
48507,2021-04-18,3,2021-03-21,spatial,7.017077628283549,0.5622572543687638,5.9823780513316525,8.230736676763017
49001,2021-03-28,0,2021-03-21,spatial,1.0000736874918397,0.00995036182982971,0.9803601566112662,1.0201836270770697
49001,2021-04-04,1,2021-03-21,spatial,0.9993696298064848,0.00985499600790418,0.9798649761788876,1.0192625323483524
49001,2021-04-11,2,2021-03-21,spatial,1.0004194793057752,0.010110854459715437,0.9803962380061167,1.0208516676990698
49001,2021-04-18,3,2021-03-21,spatial,1.0004889768502745,0.009510012526173669,0.981652501685082,1.019686896412583
49003,2021-03-28,0,2021-03-21,spatial,1.0000615912578097,0.009652783407113574,0.9809351898178172,1.0195609217514654
49003,2021-04-04,1,2021-03-21,spatial,1.0002817008214144,0.009672040586901286,0.9811281810860571,1.0198091343076199
49003,2021-04-11,2,2021-03-21,spatial,1.000122685900508,0.009901635018405084,0.9805188589229474,1.0201184584573595
49003,2021-04-18,3,2021-03-21,spatial,1.000197220123804,0.009961958275727337,0.9804644418737506,1.0203271392805913
49005,2021-03-28,0,2021-03-21,spatial,1.0000262174349337,0.00967241652422248,0.9808658833556929,1.019560831431804
49005,2021-04-04,1,2021-03-21,spatial,1.0004356882736705,0.009790480145367323,0.9810616476799796,1.0201923281156489
49005,2021-04-11,2,2021-03-21,spatial,0.9993876038020262,0.009797513721013364,0.9799883614322046,1.0191708615533908
49005,2021-04-18,3,2021-03-21,spatial,1.000739003788832,0.01022031240918988,0.9805055531217314,1.0213899865388407
49007,2021-03-28,0,2021-03-21,spatial,1.0002161919727408,0.01001252793446725,0.980394459481576,1.0204386826231866
49007,2021-04-04,1,2021-03-21,spatial,0.9999595779146996,0.01015573539111518,0.9798609395416428,1.0204704740359225
49007,2021-04-11,2,2021-03-21,spatial,0.9999961558074936,0.009565856271324212,0.9810478509712378,1.0193104348985345
49007,2021-04-18,3,2021-03-21,spatial,0.9997715734113338,0.009998762245057902,0.9799860378476418,1.0199565712147145
49009,2021-03-28,0,2021-03-21,spatial,1.0000542926332103,0.010192709748273694,0.9798625678634498,1.0206621020280493
49009,2021-04-04,1,2021-03-21,spatial,1.0006788368140342,0.010218492248917348,0.9804494157367238,1.0213256475807613
49009,2021-04-11,2,2021-03-21,spatial,1.0000113820886398,0.009970673874443607,0.9802647744103676,1.0201557685354434
49009,2021-04-18,3,2021-03-21,spatial,0.9999598969806016,0.009628432433911142,0.9808917584652602,1.019398712385928
49011,2021-03-28,0,2021-03-21,spatial,306.1840914628356,24.786109554868485,260.60596255720156,359.73351087216486
49011,2021-04-04,1,2021-03-21,spatial,305.943510839467,12.835709241714161,281.3937854045271,332.63503559689207
49011,2021-04-11,2,2021-03-21,spatial,285.713800932801,23.827635354894838,241.98741498690092,337.34141111382627
49011,2021-04-18,3,2021-03-21,spatial,301.6142310605473,25.78606214176085,254.40035853261531,357.5904723679166
49013,2021-03-28,0,2021-03-21,spatial,0.9997791423663072,0.010169257945672921,0.9796372838912842,1.0203351280591266
49013,2021-04-04,1,2021-03-21,spatial,0.9999102015530412,0.01012821792038752,0.9798849890224048,1.020344655108277
49013,2021-04-11,2,2021-03-21,spatial,1.0003044498224871,0.0098403324170232,0.9808213100609589,1.0201746047631042
49013,2021-04-18,3,2021-03-21,spatial,0.9997249135920716,0.010301157764663471,0.9793272110468688,1.0205474652218594
49015,2021-03-28,0,2021-03-21,spatial,0.9996203440846432,0.009816970352883248,0.9801765449471724,1.0194498505998792
49015,2021-04-04,1,2021-03-21,spatial,1.0003794942929136,0.00988226876562973,0.9808088734909112,1.0203406184936186
49015,2021-04-11,2,2021-03-21,spatial,0.9998612799718396,0.010354369924158509,0.9793603385702216,1.0207913674005122
49015,2021-04-18,3,2021-03-21,spatial,1.0003942664470498,0.010103914782706832,0.9803802437471504,1.020816866438451
49017,2021-03-28,0,2021-03-21,spatial,0.9994991429072596,0.009642199637121473,0.9804014355159252,1.018968863653933
49017,2021-04-04,1,2021-03-21,spatial,1.0000350635030402,0.010079870730613404,0.9800837463200546,1.0203925246087568
49017,2021-04-11,2,2021-03-21,spatial,1.0004851536521495,0.0095256970541178,0.981602671581929,1.019730866324175
49017,2021-04-18,3,2021-03-21,spatial,1.0008431418466892,0.010134045688714585,0.9807887968380968,1.021307541247236
49019,2021-03-28,0,2021-03-21,spatial,0.9997141493019188,0.009853027281608856,0.9801958069953424,1.0196211544487948
49019,2021-04-04,1,2021-03-21,spatial,0.9995086737782121,0.009483539827345963,0.980720354809638,1.0186569332006918
49019,2021-04-11,2,2021-03-21,spatial,1.000029321517172,0.010212503014220407,0.9798076113797336,1.020668376402838
49019,2021-04-18,3,2021-03-21,spatial,1.0004064631011809,0.010285357982213288,0.9800376042519314,1.0211986632681729
49021,2021-03-28,0,2021-03-21,spatial,1.0001758836263943,0.009578445959360776,0.981199252015972,1.0195195278966185
49021,2021-04-04,1,2021-03-21,spatial,1.0003322277148357,0.009520048742079215,0.9814718284114052,1.019555056842116
49021,2021-04-11,2,2021-03-21,spatial,1.0000934131904833,0.01025170504460498,0.9798116141661588,1.0207950392159535
49021,2021-04-18,3,2021-03-21,spatial,0.9998020803241808,0.009931258879700066,0.9801360481809109,1.019862703423449
49023,2021-03-28,0,2021-03-21,spatial,1.0000278577033088,0.010309207317441898,0.9796259412009756,1.0208546692390037
49023,2021-04-04,1,2021-03-21,spatial,1.0002973203036738,0.010041896330913534,0.9804009427823028,1.0205974773617612
49023,2021-04-11,2,2021-03-21,spatial,1.000075277194478,0.0100582381766632,0.9801787291051236,1.020375703284974
49023,2021-04-18,3,2021-03-21,spatial,0.9998301945211214,0.009795812027771723,0.980425680771174,1.0196187609955711
49025,2021-03-28,0,2021-03-21,spatial,0.9997413424139638,0.009658976127388964,0.9806058145800932,1.0192502806641672
49025,2021-04-04,1,2021-03-21,spatial,0.9999212667467666,0.010157907953793469,0.979818152090664,1.0204368408148674
49025,2021-04-11,2,2021-03-21,spatial,0.9999569149591392,0.009925777532079641,0.9803015410298546,1.0200063857128503
49025,2021-04-18,3,2021-03-21,spatial,1.0000020057535843,0.010053483578250096,0.9800931589339192,1.020315265335522
49027,2021-03-28,0,2021-03-21,spatial,1.0001562925277303,0.009756422774056587,0.9808354505641544,1.0198577232373256
49027,2021-04-04,1,2021-03-21,spatial,1.0001609951592625,0.010003685989272856,0.980350402709392,1.0203719134233826
49027,2021-04-11,2,2021-03-21,spatial,0.999846993367124,0.00979448269660531,0.9804481926775664,1.0196296118565444
49027,2021-04-18,3,2021-03-21,spatial,1.0002784522172994,0.009421099918312964,0.9816033289089944,1.0193088720290993
49029,2021-03-28,0,2021-03-21,spatial,0.9999975076256942,0.009812072246759031,0.9805601139564508,1.0198202038044677
49029,2021-04-04,1,2021-03-21,spatial,1.000197407344773,0.009799361137259243,0.9807870727725873,1.019991883489236
49029,2021-04-11,2,2021-03-21,spatial,1.000297593553043,0.009872562773169651,0.980751514831756,1.020233219664878
49029,2021-04-18,3,2021-03-21,spatial,1.00020094705178,0.00997509091693366,0.9804577347760476,1.0203417230542686
49031,2021-03-28,0,2021-03-21,spatial,1.000720733717809,0.010242073425241863,0.980442738682202,1.02141812813947
49031,2021-04-04,1,2021-03-21,spatial,1.0002620607099728,0.01039457486403261,0.9796872880967514,1.0212689316807304
49031,2021-04-11,2,2021-03-21,spatial,0.9998528303522248,0.009925709656890094,0.9802083382316288,1.01989102048132
49031,2021-04-18,3,2021-03-21,spatial,1.0001165926368196,0.01011089112050454,0.9800966992618052,1.0205454213046974
49033,2021-03-28,0,2021-03-21,spatial,0.9995959651918144,0.010035462593421342,0.9797276609479476,1.019867187031317
49033,2021-04-04,1,2021-03-21,spatial,1.0001875087734124,0.010167847699501966,0.9800520155839528,1.0207366923380112
49033,2021-04-11,2,2021-03-21,spatial,0.999711677641245,0.010337053294118657,0.9792459235521694,1.0206051558396179
49033,2021-04-18,3,2021-03-21,spatial,0.999909344111384,0.009824646968294508,0.9804609242336962,1.0197435427859518
49035,2021-03-28,0,2021-03-21,spatial,1033.7710898287796,77.91127196747682,890.3265461253734,1200.3266338812427
49035,2021-04-04,1,2021-03-21,spatial,1044.8404182105155,49.990994982015934,949.6810742278767,1149.5348587565645
49035,2021-04-11,2,2021-03-21,spatial,1048.8239515706423,76.90503477193455,906.9784178701027,1212.8532054505886
49035,2021-04-18,3,2021-03-21,spatial,1072.975197529933,63.546792321481675,954.064648586628,1206.7062501686062
49037,2021-03-28,0,2021-03-21,spatial,9.256599969439657,0.0912187541789714,9.075846980499866,9.44095280344965
49037,2021-04-04,1,2021-03-21,spatial,9.257133652721755,0.09189334423381627,9.075156540856419,9.442759811200645
49037,2021-04-11,2,2021-03-21,spatial,9.258561355567533,0.09058961112828623,9.07917744842226,9.441489480933619
49037,2021-04-18,3,2021-03-21,spatial,9.253148259284409,0.09183572476675217,9.071309535563053,9.438632026901026
49039,2021-03-28,0,2021-03-21,spatial,0.9999895573003141,0.010049669662011226,0.9800856207749056,1.020297710233769
49039,2021-04-04,1,2021-03-21,spatial,1.0001642107055098,0.00949495963480695,0.9813588609315029,1.0193299191558394
49039,2021-04-11,2,2021-03-21,spatial,1.0000198418530548,0.010010679536292344,0.9802145797820682,1.020225269779346
49039,2021-04-18,3,2021-03-21,spatial,0.9999492510610593,0.009547907200197941,0.9810314208431374,1.019231885394884
49041,2021-03-28,0,2021-03-21,spatial,0.9996027151901202,0.010174560662082223,0.9794681013582516,1.0201512298663309
49041,2021-04-04,1,2021-03-21,spatial,1.0005186236707848,0.01039234687661442,0.9799480092419112,1.0215210469037892
49041,2021-04-11,2,2021-03-21,spatial,1.0000388048512008,0.00983330470252977,0.9805637048799368,1.0199007022503146
49041,2021-04-18,3,2021-03-21,spatial,0.9996236209749444,0.010142734553305213,0.9795311529439557,1.0201282323771401
49043,2021-03-28,0,2021-03-21,spatial,68.7364755960718,1.81217487271179,65.2042293181175,72.46007086930751
49043,2021-04-04,1,2021-03-21,spatial,68.74410318057501,1.838690496225759,65.16482368489363,72.51998018061174
49043,2021-04-11,2,2021-03-21,spatial,68.62605565243618,1.8240532583586544,65.0659267130154,72.38097960524703
49043,2021-04-18,3,2021-03-21,spatial,86.29747509267844,7.694599727107239,72.26733205199857,103.05146178653622
49045,2021-03-28,0,2021-03-21,spatial,89.61948589650022,9.930914579978364,71.93471713437845,111.65196128246927
49045,2021-04-04,1,2021-03-21,spatial,99.31491891267817,2.9873193657317976,93.51442224310884,105.47520780259843
49045,2021-04-11,2,2021-03-21,spatial,99.38822680460163,3.0666744963075003,93.44921523970058,105.70468250616621
49045,2021-04-18,3,2021-03-21,spatial,99.4250619154533,3.151161152342012,93.33085491716072,105.91720118352957
49047,2021-03-28,0,2021-03-21,spatial,0.9998365933244748,0.01013100929926512,0.9797682298164616,1.0203160124287334
49047,2021-04-04,1,2021-03-21,spatial,1.0000159753299689,0.010019449679228474,0.9801945341131804,1.0202382446663159
49047,2021-04-11,2,2021-03-21,spatial,0.9995612472252869,0.00971301101973858,0.9803187981701762,1.0191814018250938
49047,2021-04-18,3,2021-03-21,spatial,0.9999233948124664,0.010065304164272178,0.9800048219195748,1.0202468121889925
49049,2021-03-28,0,2021-03-21,spatial,591.9968271106832,41.213091906267785,515.2685313547548,680.1506825725968
49049,2021-04-04,1,2021-03-21,spatial,590.8168154633001,46.38796969821409,505.0045619570597,691.2106062595848
49049,2021-04-11,2,2021-03-21,spatial,588.7830168742357,45.39824354696038,505.21926327590637,686.1682959428417
49049,2021-04-18,3,2021-03-21,spatial,587.6453046614314,45.393744394192325,504.1877812544655,684.9174393544827
49051,2021-03-28,0,2021-03-21,spatial,29.11332232574129,1.9454939671953977,25.4868406157037,33.25581030707536
49051,2021-04-04,1,2021-03-21,spatial,29.055095219962308,1.727225745588015,25.807138360973724,32.71182362154872
49051,2021-04-11,2,2021-03-21,spatial,28.334992805251762,1.231732647455788,25.98189255942772,30.901206116424376
49051,2021-04-18,3,2021-03-21,spatial,27.373076197397733,2.1484969624130814,23.423844081618363,31.98814412774104
49053,2021-03-28,0,2021-03-21,spatial,1.000283187501828,0.010160192328269552,0.9801614413073212,1.0208180132696096
49053,2021-04-04,1,2021-03-21,spatial,1.0004268143632806,0.010183747876222707,0.9802644682971984,1.0210038650443274
49053,2021-04-11,2,2021-03-21,spatial,0.9997931918829958,0.01018368361760535,0.9796279505244079,1.0203735265010525
49053,2021-04-18,3,2021-03-21,spatial,0.9998674340948668,0.010006905746593442,0.9800590484062688,1.0200761753990029
49055,2021-03-28,0,2021-03-21,spatial,0.99962217407386,0.010035214396874848,0.9797537286325714,1.0198935321172822
49055,2021-04-04,1,2021-03-21,spatial,0.9994949724016844,0.010251194795128279,0.979196284196015,1.020214451361487
49055,2021-04-11,2,2021-03-21,spatial,0.999839990951234,0.009930138356296159,0.9801869249910504,1.01988710726221
49055,2021-04-18,3,2021-03-21,spatial,0.9998410120146224,0.010016044773303845,0.9800017996521508,1.020081850524417
49057,2021-03-28,0,2021-03-21,spatial,1.0001128923621834,0.009603440678884422,0.981089259697598,1.0195053993123446
49057,2021-04-04,1,2021-03-21,spatial,0.9991899283744056,0.010088259520056393,0.9792122323956282,1.0195752053896696
49057,2021-04-11,2,2021-03-21,spatial,1.0001465866678554,0.009643731230448527,0.9810397131023008,1.0196255885097425
49057,2021-04-18,3,2021-03-21,spatial,1.0004259000471498,0.009741732438272716,0.9811337528127112,1.020097391019227
50001,2021-03-28,0,2021-03-21,spatial,10.982208953751249,1.042133762203294,9.08480640083854,13.27589253775642
50001,2021-04-04,1,2021-03-21,spatial,11.277245271552456,0.7482279615010899,9.878323416659127,12.87427588170256
50001,2021-04-11,2,2021-03-21,spatial,11.000817607063338,0.8388800459441909,9.453376197488307,12.801562689954975
50001,2021-04-18,3,2021-03-21,spatial,11.051603745319843,0.8269892453536084,9.513789873334689,12.837990639870718
50003,2021-03-28,0,2021-03-21,spatial,41.181906650989276,3.087190931110438,35.463924878668436,47.82182009501462
50003,2021-04-04,1,2021-03-21,spatial,48.64072662710089,1.6441618578928363,45.46343390667019,52.040070085098534
50003,2021-04-11,2,2021-03-21,spatial,41.11439061759657,3.432765898371255,34.849977420982576,48.50485541028087
50003,2021-04-18,3,2021-03-21,spatial,41.1363364025004,3.410555456279279,34.89861971054439,48.48897138783953
50005,2021-03-28,0,2021-03-21,spatial,42.90158169006863,4.1441482936506535,35.391203777019356,52.00573914088666
50005,2021-04-04,1,2021-03-21,spatial,43.11141668601467,3.2497649146618994,37.09990878312643,50.09700319049031
50005,2021-04-11,2,2021-03-21,spatial,44.47872033765741,2.0018382338602785,40.65728096745789,48.6593425777542
50005,2021-04-18,3,2021-03-21,spatial,48.566465603065865,1.8919807871148708,44.928819018457375,52.49863300891111
50007,2021-03-28,0,2021-03-21,spatial,225.81262061340237,10.319337056938332,206.13304578156232,247.37100950969082
50007,2021-04-04,1,2021-03-21,spatial,226.2640284577153,10.425469925990786,206.39117400744323,248.05038694177642
50007,2021-04-11,2,2021-03-21,spatial,225.8416516208014,10.451254149183578,205.88071745309153,247.73787578446942
50007,2021-04-18,3,2021-03-21,spatial,216.1164010814428,10.201978864038924,196.68142483715494,237.47183474527984
50009,2021-03-28,0,2021-03-21,spatial,6.9904210563265226,0.6442080018048476,5.817280654400974,8.400142514658361
50009,2021-04-04,1,2021-03-21,spatial,7.017085022657287,0.5321488811350884,6.0301765431744405,8.16551254555481
50009,2021-04-11,2,2021-03-21,spatial,7.028508350370983,0.44907475810107933,6.1892580079593715,7.98155927054688
50009,2021-04-18,3,2021-03-21,spatial,7.025789015752872,0.5424782769474784,6.031466339563719,8.18403162927114
50011,2021-03-28,0,2021-03-21,spatial,92.63018581293696,0.9355988687328671,90.77708736064841,94.52111290650187
50011,2021-04-04,1,2021-03-21,spatial,92.64293136730622,0.9138868762534952,90.83190016770412,94.49007140091793
50011,2021-04-11,2,2021-03-21,spatial,95.31970775399915,3.2205294484432105,89.0930039657735,101.98159543254684
50011,2021-04-18,3,2021-03-21,spatial,92.06194109064067,8.518185621274156,76.57363359908996,110.68301971603607
50013,2021-03-28,0,2021-03-21,spatial,11.004984397764805,0.9135249859457144,9.335046479113831,12.973655981897542
50013,2021-04-04,1,2021-03-21,spatial,10.96259566254826,0.8345453626624378,9.417544023132667,12.761130010682509
50013,2021-04-11,2,2021-03-21,spatial,11.338377904874491,0.5876174607213603,10.221724728388516,12.577017766551984
50013,2021-04-18,3,2021-03-21,spatial,11.008895952051788,1.2614893589131422,8.771380185087425,13.817185839139887
50015,2021-03-28,0,2021-03-21,spatial,43.04893755042553,3.818236730969074,36.0961856520817,51.34091014720721
50015,2021-04-04,1,2021-03-21,spatial,43.870766626423055,3.189674311265906,37.97380670251204,50.68346661865628
50015,2021-04-11,2,2021-03-21,spatial,44.04750769209536,2.4757405718007406,39.3832546018855,49.26415943776044
50015,2021-04-18,3,2021-03-21,spatial,43.22972432742879,3.441325955949502,36.900586017444155,50.64442782946696
50017,2021-03-28,0,2021-03-21,spatial,9.840612526929007,0.3664146052713673,9.134490791578724,10.601319451154161
50017,2021-04-04,1,2021-03-21,spatial,12.395665585010741,0.12144484812806393,12.15517555014636,12.640913712971384
50017,2021-04-11,2,2021-03-21,spatial,8.156389183425851,0.4268516738672952,7.345122293422872,9.057260295186234
50017,2021-04-18,3,2021-03-21,spatial,9.731505563798931,0.5459015082455299,8.698785105009241,10.886830677506314
50019,2021-03-28,0,2021-03-21,spatial,84.30587281454392,4.801598612511731,75.2429838149624,94.46037132845206
50019,2021-04-04,1,2021-03-21,spatial,85.90331556945159,7.92669249564941,71.52244384104935,103.17571980935992
50019,2021-04-11,2,2021-03-21,spatial,85.73455847033595,6.658043885464799,73.45825541789318,100.06247050502398
50019,2021-04-18,3,2021-03-21,spatial,84.66011883755851,6.18249217120158,73.1541807350509,97.9757499786392
50021,2021-03-28,0,2021-03-21,spatial,103.02302334562313,8.604095119540338,87.24854133218606,121.64952189701981
50021,2021-04-04,1,2021-03-21,spatial,102.91740805096434,9.336998407482485,85.88813242353288,123.32312487244808
50021,2021-04-11,2,2021-03-21,spatial,102.89731057648993,9.365230193818645,85.88703545761616,123.27653955525754
50021,2021-04-18,3,2021-03-21,spatial,102.95637966257445,7.776260940920778,88.59295808812855,119.64851769233984
50023,2021-03-28,0,2021-03-21,spatial,33.02375760159552,3.0065187000510343,27.55707760689276,39.5748991125299
50023,2021-04-04,1,2021-03-21,spatial,32.90258179424019,2.5225700946288363,28.264538027666806,38.30170115170395
50023,2021-04-11,2,2021-03-21,spatial,30.686119871353913,2.359926188299915,26.321114410362764,35.77500321902684
50023,2021-04-18,3,2021-03-21,spatial,39.29596516790858,2.214457039995226,35.12275294433285,43.96502976076199
50025,2021-03-28,0,2021-03-21,spatial,28.333075511342734,1.4671408243906057,25.55255689784432,31.41615812228845
50025,2021-04-04,1,2021-03-21,spatial,31.91507250467277,2.3849595622865243,27.504729354476858,37.03260773270361
50025,2021-04-11,2,2021-03-21,spatial,31.97822561322112,2.9665076788246423,26.590178547462827,38.458068701748
50025,2021-04-18,3,2021-03-21,spatial,32.02028915311165,2.02587024842734,28.221715680427664,36.330141266356314
50027,2021-03-28,0,2021-03-21,spatial,32.16480646580801,3.460260767469673,26.011629218333212,39.773547681269726
50027,2021-04-04,1,2021-03-21,spatial,32.043728820313355,3.316183715573895,26.091266904705186,39.354185462133024
50027,2021-04-11,2,2021-03-21,spatial,32.00570921798246,2.8478761740635914,26.812735434507328,38.20443553952777
50027,2021-04-18,3,2021-03-21,spatial,34.948786730302245,1.407775321293546,32.24993995030907,37.87348738639882
51001,2021-03-28,0,2021-03-21,spatial,13.042933155066702,0.953046366299734,11.273639422342704,15.089901221285212
51001,2021-04-04,1,2021-03-21,spatial,12.958880140347107,1.0980629581954606,10.951580469888023,15.334094923889987
51001,2021-04-11,2,2021-03-21,spatial,12.984015959548714,1.2017288527362897,10.807869031655539,15.598326547448197
51001,2021-04-18,3,2021-03-21,spatial,12.983731274166475,1.6339003077773793,10.11846412394493,16.660362258026634
51003,2021-03-28,0,2021-03-21,spatial,100.00045501251793,6.471896978396064,87.88747957226154,113.7828852457704
51003,2021-04-04,1,2021-03-21,spatial,99.99059140159129,6.464560935274512,87.86367880491676,113.79125600965048
51003,2021-04-11,2,2021-03-21,spatial,100.1095682487364,8.462363463235409,84.61315386019422,118.4440621550117
51003,2021-04-18,3,2021-03-21,spatial,99.96873456056451,8.624446703047568,84.23918397356253,118.63538341939571
51005,2021-03-28,0,2021-03-21,spatial,6.9989279302668725,0.4811541401875771,6.0994722481202,8.031021403231478
51005,2021-04-04,1,2021-03-21,spatial,6.989071600692753,0.5528618221133696,5.976679728270782,8.172952886960665
51005,2021-04-11,2,2021-03-21,spatial,7.047040998460697,0.6590402790898583,5.857356195880422,8.478362109668733
51005,2021-04-18,3,2021-03-21,spatial,6.993376535406997,0.7510919015457856,5.6491709880308525,8.657432297518218
51007,2021-03-28,0,2021-03-21,spatial,13.071708754724055,1.2246731537616642,10.860371124718736,15.733308540388837
51007,2021-04-04,1,2021-03-21,spatial,12.99877311827826,1.1579346645791109,10.88516894696564,15.522781814753113
51007,2021-04-11,2,2021-03-21,spatial,13.069903522853027,1.0804946608115775,11.09080757997058,15.40215866743394
51007,2021-04-18,3,2021-03-21,spatial,13.05789900094113,1.1901472423575679,10.903650399719709,15.637765341702671
51009,2021-03-28,0,2021-03-21,spatial,20.93361122142733,2.0039718848260715,17.294957307870927,25.33779476694265
51009,2021-04-04,1,2021-03-21,spatial,21.020510839023046,1.9144820553184956,17.54099610642603,25.190238527651925
51009,2021-04-11,2,2021-03-21,spatial,20.918100610676237,1.797387530041759,17.633218760992154,24.81492114907293
51009,2021-04-18,3,2021-03-21,spatial,21.01703170592666,2.5048355804895936,16.62452157388297,26.57012532750773
51011,2021-03-28,0,2021-03-21,spatial,16.954386844235756,1.3166211014608742,14.526532661787655,19.788014108841054
51011,2021-04-04,1,2021-03-21,spatial,16.978090879154585,1.532084268652889,14.179460943768698,20.32909227254572
51011,2021-04-11,2,2021-03-21,spatial,17.034415986228908,1.3297754698326505,14.579441104622472,19.90277445545502
51011,2021-04-18,3,2021-03-21,spatial,17.024636913057922,1.3748303327072182,14.502846031819642,19.98492305479499
51013,2021-03-28,0,2021-03-21,spatial,224.2890716710738,18.01387613148565,191.1444028095235,263.1810658939456
51013,2021-04-04,1,2021-03-21,spatial,224.25979500567158,18.56786540438519,190.2508988966261,264.3480579995186
51013,2021-04-11,2,2021-03-21,spatial,225.1300847284507,22.406419371376852,185.0266106343089,273.92576060322256
51013,2021-04-18,3,2021-03-21,spatial,224.27005794435811,23.815090280615863,181.85005980260067,276.58533049130415
51015,2021-03-28,0,2021-03-21,spatial,55.8294679373681,5.131120803118986,46.51647197945007,67.00700542265116
51015,2021-04-04,1,2021-03-21,spatial,56.24235069301626,4.398188491619663,48.10995036504505,65.74943410821918
51015,2021-04-11,2,2021-03-21,spatial,55.9979939200041,5.638889637418457,45.83145833722701,68.41971512212946
51015,2021-04-18,3,2021-03-21,spatial,55.77191473694467,6.441667416676737,44.36955327182814,70.10452537956934
51017,2021-03-28,0,2021-03-21,spatial,3.045954810357442,0.18842134933814528,2.6926892925082533,3.4455667546021576
51017,2021-04-04,1,2021-03-21,spatial,2.9968203609157658,0.3025368741463291,2.4511195543445066,3.664012332520041
51017,2021-04-11,2,2021-03-21,spatial,3.0013873874050137,0.3127194017347815,2.4414096696648144,3.6898052634118814
51017,2021-04-18,3,2021-03-21,spatial,2.9940310377569768,0.24925915544557115,2.5370162519373234,3.5333718687086986
51019,2021-03-28,0,2021-03-21,spatial,87.9128380051351,6.785189893825918,75.42303974509461,102.4709042785535
51019,2021-04-04,1,2021-03-21,spatial,87.84502453574177,6.1960326634458625,76.3646227153562,101.0513515459732
51019,2021-04-11,2,2021-03-21,spatial,87.62459569817534,8.197330765212675,72.75076906612256,105.5393622614512
51019,2021-04-18,3,2021-03-21,spatial,87.84272311154969,10.332651005908977,69.6164697161448,110.84078286524893
51021,2021-03-28,0,2021-03-21,spatial,8.005143502913372,0.6237638288483113,6.854493586476406,9.348950683777367
51021,2021-04-04,1,2021-03-21,spatial,7.988045276635009,0.6241234321126756,6.835174842251886,9.335367245784848
51021,2021-04-11,2,2021-03-21,spatial,8.024603831061826,0.8828406601429782,6.454597068468435,9.976496745252572
51021,2021-04-18,3,2021-03-21,spatial,7.964711524812554,0.9229917470211794,6.32733647908445,10.025803097903378
51023,2021-03-28,0,2021-03-21,spatial,27.123030678799967,2.278923046339977,22.953684768448273,32.049703593313616
51023,2021-04-04,1,2021-03-21,spatial,26.99469434519683,2.2585138861208502,22.8150918810854,31.939977563479964
51023,2021-04-11,2,2021-03-21,spatial,26.91288352966798,2.7090069760589075,22.037837184786746,32.86635134873754
51023,2021-04-18,3,2021-03-21,spatial,27.073326618863458,2.833231950514602,21.98959066362928,33.33236281764822
51025,2021-03-28,0,2021-03-21,spatial,14.97482824429677,1.4282659697413451,12.407031874926801,18.074063418774873
51025,2021-04-04,1,2021-03-21,spatial,15.117086580301187,1.4362490698697608,12.49722888717132,18.28615837475055
51025,2021-04-11,2,2021-03-21,spatial,15.0186258650134,1.261264249098758,12.707660759092462,17.749853977795215
51025,2021-04-18,3,2021-03-21,spatial,15.020714731206667,1.3283952183401575,12.598357507263492,17.908832235171005
51027,2021-03-28,0,2021-03-21,spatial,16.982962011766062,1.3988046956540638,14.418452128946551,20.003603446035232
51027,2021-04-04,1,2021-03-21,spatial,17.086638195977542,1.2246771636578715,14.809180780958659,19.714338636180752
51027,2021-04-11,2,2021-03-21,spatial,16.954742782237904,1.7760077749961631,13.75116815558537,20.90464603147829
51027,2021-04-18,3,2021-03-21,spatial,16.961831774604118,1.9522454103809317,13.509907796494279,21.295758748599816
51029,2021-03-28,0,2021-03-21,spatial,7.007957577022276,0.5367625847894277,6.019942180452437,8.158129750949348
51029,2021-04-04,1,2021-03-21,spatial,7.0183423015595325,0.6153240650592513,5.899156480704647,8.349859649082621
51029,2021-04-11,2,2021-03-21,spatial,6.991938360670008,0.484748696921041,6.090769660723001,8.026440788700862
51029,2021-04-18,3,2021-03-21,spatial,7.009056196455374,0.7567156134685281,5.6632251116246834,8.674715872450253
51031,2021-03-28,0,2021-03-21,spatial,27.977725484135732,1.9863177994341368,24.31432517946957,32.193084426073064
51031,2021-04-04,1,2021-03-21,spatial,28.029790957702836,1.8174046940518611,24.639448553305968,31.886638186433892
51031,2021-04-11,2,2021-03-21,spatial,27.919119271431235,3.0927760205199464,22.430866897109,34.750204905939945
51031,2021-04-18,3,2021-03-21,spatial,28.028832559826203,2.7194096011199878,23.120481229320067,33.97919995153479
51033,2021-03-28,0,2021-03-21,spatial,55.8945752528505,5.615000914935787,45.815324869860824,68.19123408097441
51033,2021-04-04,1,2021-03-21,spatial,55.60974250894996,5.508308860220254,45.666896094460135,67.71739983192906
51033,2021-04-11,2,2021-03-21,spatial,55.93461149574093,5.454710198022371,46.107773554819104,67.85581957150197
51033,2021-04-18,3,2021-03-21,spatial,55.75312593898894,5.605724347733773,45.63269395902474,68.11807023183678
51035,2021-03-28,0,2021-03-21,spatial,39.85210181275259,3.994182418394395,32.64915989284698,48.644131245838
51035,2021-04-04,1,2021-03-21,spatial,39.94321650402918,4.110086159266252,32.536929265962044,49.03537551580853
51035,2021-04-11,2,2021-03-21,spatial,40.05338516979009,3.7629407387778318,33.20053477755198,48.32071755194336
51035,2021-04-18,3,2021-03-21,spatial,39.895066931036965,3.4838136224573724,33.53493748903724,47.46143826724675
51036,2021-03-28,0,2021-03-21,spatial,13.991950789179905,1.1109783899013588,11.9480943892276,16.38543189475827
51036,2021-04-04,1,2021-03-21,spatial,13.994789614322876,1.244175241762829,11.740439258770426,16.682010956519466
51036,2021-04-11,2,2021-03-21,spatial,13.978615552469266,0.9482624626169858,12.209163585268481,16.004510988738527
51036,2021-04-18,3,2021-03-21,spatial,13.97148436437134,1.171137306428956,11.822699569417882,16.51081245850216
51037,2021-03-28,0,2021-03-21,spatial,8.003750163347709,0.7336605162418928,6.661379589824562,9.61662908012957
51037,2021-04-04,1,2021-03-21,spatial,7.996130086707653,0.5452286504541125,6.980796952036936,9.159139966804906
51037,2021-04-11,2,2021-03-21,spatial,8.000954640896449,0.6042623003806094,6.879307479473178,9.305482471410732
51037,2021-04-18,3,2021-03-21,spatial,8.032781345220126,0.9240711300629469,6.393201748380506,10.09284215948007
51041,2021-03-28,0,2021-03-21,spatial,385.8466484705148,26.458345079996327,336.5213740144298,442.4017243241888
51041,2021-04-04,1,2021-03-21,spatial,392.52382276014,41.128115479855715,318.5339291703213,483.70028221341965
51041,2021-04-11,2,2021-03-21,spatial,392.64564426339285,31.79616915834118,334.3364758813761,461.124086304347
51041,2021-04-18,3,2021-03-21,spatial,392.89847675481695,49.41073275509174,306.4544064781757,503.72652431496016
51043,2021-03-28,0,2021-03-21,spatial,22.097608940599407,1.0899683699657128,20.025218242706952,24.38446937123875
51043,2021-04-04,1,2021-03-21,spatial,22.995427148210112,2.3529809861302367,18.78006592240561,28.15696557794105
51043,2021-04-11,2,2021-03-21,spatial,22.942205087598442,2.3226599086945288,18.786701410044497,28.01688081336154
51043,2021-04-18,3,2021-03-21,spatial,22.970605963084626,2.3583284068056907,18.74280074234998,28.15207532559736
51045,2021-03-28,0,2021-03-21,spatial,13.003606719208314,0.9948890831609829,11.171212031678635,15.136565954377547
51045,2021-04-04,1,2021-03-21,spatial,13.068079107650235,1.4365138509295163,10.496589525611473,16.269540801525835
51045,2021-04-11,2,2021-03-21,spatial,13.00855830138084,1.1910935239784095,10.8443005127142,15.604749138224491
51045,2021-04-18,3,2021-03-21,spatial,12.987941515099822,1.258498673863203,10.711173494972764,15.748659554326673
51047,2021-03-28,0,2021-03-21,spatial,45.91767074620796,4.002004573964073,38.585629247773284,54.642946813646624
51047,2021-04-04,1,2021-03-21,spatial,46.18314682913427,4.498794780030541,38.02049287412716,56.09824833419758
51047,2021-04-11,2,2021-03-21,spatial,45.90746231273825,3.99534676185172,38.60379166924911,54.59295589542474
51047,2021-04-18,3,2021-03-21,spatial,46.06418719269504,4.489973884125095,37.94904773943228,55.91469267669676
51049,2021-03-28,0,2021-03-21,spatial,2.003281890109613,0.14256164511586006,1.7378912763239496,2.3091998825898234
51049,2021-04-04,1,2021-03-21,spatial,2.000057454481157,0.1694101263033759,1.6893901235216937,2.367854390486662
51049,2021-04-11,2,2021-03-21,spatial,1.9991637872232064,0.16336117174257492,1.698664621036148,2.352822210252876
51049,2021-04-18,3,2021-03-21,spatial,2.0072929254630734,0.19516599235112653,1.6564826276355522,2.432397914347814
51051,2021-03-28,0,2021-03-21,spatial,10.037899928487619,0.5594033828742393,8.977972575405483,11.222960877643475
51051,2021-04-04,1,2021-03-21,spatial,9.989466929673359,1.0346336240183691,8.132368539898328,12.270650186284517
51051,2021-04-11,2,2021-03-21,spatial,9.957968089292825,0.9557875037236184,8.232795830816627,12.04464807644066
51051,2021-04-18,3,2021-03-21,spatial,10.065770229085155,1.032689673026323,8.210854145146861,12.339730862790134
51053,2021-03-28,0,2021-03-21,spatial,27.87736506198119,2.7174474734679923,22.96789030499672,33.83625890227712
51053,2021-04-04,1,2021-03-21,spatial,27.986392452110586,2.3772399031259988,23.6284164771134,33.148144448960444
51053,2021-04-11,2,2021-03-21,spatial,27.911462642335987,2.2144673763121805,23.843007396985907,32.6741393761007
51053,2021-04-18,3,2021-03-21,spatial,27.99399347597224,2.683447237778163,23.13849553171014,33.86839345967004
51057,2021-03-28,0,2021-03-21,spatial,23.092958533665005,2.205914405433576,19.12607962786766,27.882595085536966
51057,2021-04-04,1,2021-03-21,spatial,22.9222261485315,1.801649594976117,19.60162241761241,26.805355210409232
51057,2021-04-11,2,2021-03-21,spatial,22.959993892705914,2.207436378458268,18.969253647479512,27.790303685624338
51057,2021-04-18,3,2021-03-21,spatial,22.990291445082335,2.5109774601727013,18.4984671913864,28.57282688675639
51059,2021-03-28,0,2021-03-21,spatial,1184.8593634574688,110.79423178749217,984.0841931722763,1426.5971559275613
51059,2021-04-04,1,2021-03-21,spatial,1188.8377227613212,106.04579053588165,995.3690576848296,1419.9106553981687
51059,2021-04-11,2,2021-03-21,spatial,1192.0071676986165,102.0576851688176,1004.2579974066097,1414.8566319752026
51059,2021-04-18,3,2021-03-21,spatial,1199.8063282995959,118.04546467622852,986.7646154792744,1458.8435811802713
51061,2021-03-28,0,2021-03-21,spatial,65.97291751884755,5.555140590245154,55.77987743885268,78.02860181469387
51061,2021-04-04,1,2021-03-21,spatial,66.10946806785579,5.470335425762973,56.067344595191386,77.95021861245195
51061,2021-04-11,2,2021-03-21,spatial,60.629074481584816,1.1209445845822317,58.42613282508421,62.915077461970654
51061,2021-04-18,3,2021-03-21,spatial,65.64386236980255,7.834557798891237,51.84766734813025,83.11110002099205
51063,2021-03-28,0,2021-03-21,spatial,14.632970510879455,0.7610895878914841,13.187021531192052,16.237466926537415
51063,2021-04-04,1,2021-03-21,spatial,15.011125263864956,1.0847109445827037,13.00441541320962,17.327490281382058
51063,2021-04-11,2,2021-03-21,spatial,14.981986845604006,1.0417018282809751,13.0419966684733,17.210549546024904
51063,2021-04-18,3,2021-03-21,spatial,14.989660527598502,1.1429194026309208,12.873746943885651,17.45334312628853
51065,2021-03-28,0,2021-03-21,spatial,43.790188915042826,3.85287717305615,36.74774845787753,52.18226219800066
51065,2021-04-04,1,2021-03-21,spatial,43.856463243298826,4.315766677478069,36.112813705859324,53.260579025409754
51065,2021-04-11,2,2021-03-21,spatial,43.88542076369506,4.581759039431374,35.663012567527645,54.00357448658672
51065,2021-04-18,3,2021-03-21,spatial,44.15128909704709,4.718497821676662,35.729559802188575,54.55808411083822
51067,2021-03-28,0,2021-03-21,spatial,27.885265986981977,2.640994490655772,23.099654811737853,33.66232376639718
51067,2021-04-04,1,2021-03-21,spatial,27.98877641651804,2.1232058068110544,24.07370260402414,32.5405534071393
51067,2021-04-11,2,2021-03-21,spatial,28.003881999599407,3.094886913559777,22.475534547805246,34.89204696686813
51067,2021-04-18,3,2021-03-21,spatial,27.928904687356876,2.5149233622708738,23.384291279100122,33.356739690144764
51069,2021-03-28,0,2021-03-21,spatial,126.73935241308264,12.84844595811927,103.58284216350124,155.07262703540218
51069,2021-04-04,1,2021-03-21,spatial,126.72561599729616,11.428614300176045,105.95977017217145,151.56112290352903
51069,2021-04-11,2,2021-03-21,spatial,127.12416279471508,10.48152987445464,107.82399966266638,149.8789955558729
51069,2021-04-18,3,2021-03-21,spatial,126.16106742190458,13.344528756167776,102.25311906660593,155.6589674557169
51071,2021-03-28,0,2021-03-21,spatial,17.017136334347192,1.1029785449557707,14.956625579932359,19.361514900145615
51071,2021-04-04,1,2021-03-21,spatial,17.001334246754205,1.5764115336619546,14.137306294885327,20.445575708749395
51071,2021-04-11,2,2021-03-21,spatial,16.942405672368665,1.9122234982095276,13.554627690013984,21.17690847226906
51071,2021-04-18,3,2021-03-21,spatial,17.007301670182216,1.4465936623301798,14.360994041295926,20.141245743075395
51073,2021-03-28,0,2021-03-21,spatial,45.774850671657006,4.328085402218317,37.92678823106164,55.246886217917044
51073,2021-04-04,1,2021-03-21,spatial,46.23574020045513,2.7814250145953543,40.99859781475631,52.141872791429
51073,2021-04-11,2,2021-03-21,spatial,46.074129463506075,3.518345301223142,39.579200634127155,53.634873160867045
51073,2021-04-18,3,2021-03-21,spatial,45.762086478596345,4.622821452088446,37.49747061114112,55.84826188922512
51075,2021-03-28,0,2021-03-21,spatial,26.082320343579127,1.8948244420842608,22.564103331925203,30.14910118509186
51075,2021-04-04,1,2021-03-21,spatial,26.09556382531088,2.3281196101978647,21.833700918738558,31.189327631415466
51075,2021-04-11,2,2021-03-21,spatial,25.978936796733976,2.32443385947512,21.702301948081818,31.09832121510736
51075,2021-04-18,3,2021-03-21,spatial,26.028708517567075,2.68744047746613,21.20411061105472,31.951053242443443
51077,2021-03-28,0,2021-03-21,spatial,27.104218212921786,2.3904393529636194,22.79002833306043,32.235091338959634
51077,2021-04-04,1,2021-03-21,spatial,27.0178414520644,2.432850696627822,22.62371401646697,32.265425393795894
51077,2021-04-11,2,2021-03-21,spatial,27.070489744885467,2.537852456519894,22.49301971773953,32.579503518151654
51077,2021-04-18,3,2021-03-21,spatial,26.92627189587545,2.752738468254761,21.97574686320052,32.99201263665359
51079,2021-03-28,0,2021-03-21,spatial,31.130721976195982,2.9194929364150317,25.83465278867591,37.51247824720161
51079,2021-04-04,1,2021-03-21,spatial,30.999803567590547,2.2645009927235544,26.8124983010601,35.841039892623684
51079,2021-04-11,2,2021-03-21,spatial,30.919315497886586,2.508472279209208,26.308470025850497,36.3382617810343
51079,2021-04-18,3,2021-03-21,spatial,31.00749618096333,3.406708290540719,24.93044426142585,38.56589194040565
51081,2021-03-28,0,2021-03-21,spatial,19.013331818021587,1.417755431282694,16.394630762959448,22.050315865542263
51081,2021-04-04,1,2021-03-21,spatial,18.9735602546268,1.438225394267317,16.307613353596302,22.075332602643805
51081,2021-04-11,2,2021-03-21,spatial,19.009679275279144,1.5136093654856195,16.235991047466662,22.257212700629225
51081,2021-04-18,3,2021-03-21,spatial,19.085719507791673,1.9527921835330089,15.59029205726974,23.36484061953433
51083,2021-03-28,0,2021-03-21,spatial,45.18163801160871,4.13149451582329,37.64629442977945,54.22526823243583
51083,2021-04-04,1,2021-03-21,spatial,45.34659426093871,4.9098274977231045,36.56529785166034,56.23675265571038
51083,2021-04-11,2,2021-03-21,spatial,44.874385512401,3.8127798684846415,37.868018076895865,53.17707599659658
51083,2021-04-18,3,2021-03-21,spatial,44.914790751069354,3.5630127344682783,38.354463571823814,52.59722703290095
51085,2021-03-28,0,2021-03-21,spatial,188.18375750969216,16.714223854090935,157.67364196187242,224.59763185421951
51085,2021-04-04,1,2021-03-21,spatial,187.80222280136147,15.403022875122195,159.4746894059721,221.16158382567397
51085,2021-04-11,2,2021-03-21,spatial,188.89468444417497,18.719308012503053,155.12983655059244,230.00863408779355
51085,2021-04-18,3,2021-03-21,spatial,187.65685923591323,16.899656205354187,156.7711929905787,224.62734477247767
51087,2021-03-28,0,2021-03-21,spatial,493.4248779658374,44.51327531052009,412.0935880150183,590.8078098675211
51087,2021-04-04,1,2021-03-21,spatial,494.0544746262029,39.61072438691487,421.40879759682974,579.2233700153998
51087,2021-04-11,2,2021-03-21,spatial,493.6794582420234,44.2908715902193,412.8005848072565,590.4047049834834
51087,2021-04-18,3,2021-03-21,spatial,493.7938698153182,53.2876739828676,399.14326844666084,610.8893851977158
51089,2021-03-28,0,2021-03-21,spatial,59.776963282995,5.3356649979807065,50.04843277073754,71.39654813378634
51089,2021-04-04,1,2021-03-21,spatial,60.07491829830579,6.016223511390791,49.2348642578687,73.30163011409799
51089,2021-04-11,2,2021-03-21,spatial,60.058874944661255,4.387479770000618,51.9297005507263,69.46060580678646
51089,2021-04-18,3,2021-03-21,spatial,60.440268457551966,5.828281452038653,49.927377052049415,73.16679278810624
51091,2021-03-28,0,2021-03-21,spatial,1.9986497000347687,0.14197978347781054,1.7355539229027719,2.301628644742981
51091,2021-04-04,1,2021-03-21,spatial,1.9984766071141693,0.15504244232980893,1.7112899821390442,2.3338585458148566
51091,2021-04-11,2,2021-03-21,spatial,1.9948195260636377,0.16682488265722947,1.6881896880300753,2.3571432581181986
51091,2021-04-18,3,2021-03-21,spatial,2.005319541573005,0.15251755866939715,1.7225959623433518,2.334445541335265
51093,2021-03-28,0,2021-03-21,spatial,69.0122850258446,6.337601243784991,57.55862470199392,82.74512306621233
51093,2021-04-04,1,2021-03-21,spatial,68.84042474402257,5.821101090266283,58.15781033081854,81.48525627049233
51093,2021-04-11,2,2021-03-21,spatial,69.0369089759504,7.012003919053532,56.3985193994309,84.50744543839487
51093,2021-04-18,3,2021-03-21,spatial,68.78918661678956,7.384064438426376,55.56017279124296,85.16806117898399
51095,2021-03-28,0,2021-03-21,spatial,117.03351420572548,11.017227633387751,97.08705189860888,141.0779622976481
51095,2021-04-04,1,2021-03-21,spatial,117.3727788660598,9.8265378137387,99.43457885924774,138.54706659181196
51095,2021-04-11,2,2021-03-21,spatial,117.08135105506548,11.570339526940131,96.08367073667463,142.667767163554
51095,2021-04-18,3,2021-03-21,spatial,116.63583148757206,12.829506203508803,93.8762083758767,144.91336433537825
51097,2021-03-28,0,2021-03-21,spatial,11.036310242557938,0.5728468215062316,9.953133317596157,12.237366855586936
51097,2021-04-04,1,2021-03-21,spatial,9.731606472096592,0.09889981911913,9.53571519056224,9.931521929417904
51097,2021-04-11,2,2021-03-21,spatial,10.996313725661874,0.6675315036621886,9.738311642276727,12.416825420562324
51097,2021-04-18,3,2021-03-21,spatial,10.968599093219105,1.1267658406545713,8.950632040741944,13.441527427351835
51099,2021-03-28,0,2021-03-21,spatial,31.918402219707588,2.4782428777732783,27.332378348190336,37.27390230299836
51099,2021-04-04,1,2021-03-21,spatial,32.09747060439569,3.089565691644982,26.54567152330512,38.81038075437514
51099,2021-04-11,2,2021-03-21,spatial,31.96617328071485,3.2740732554564747,26.073338245093552,39.1908479308351
51099,2021-04-18,3,2021-03-21,spatial,31.96789016717761,2.822075343512407,26.799752737030488,38.13266531853704
51101,2021-03-28,0,2021-03-21,spatial,39.83174395751391,2.803063410875408,34.634937415641815,45.80830644089514
51101,2021-04-04,1,2021-03-21,spatial,39.96799345483232,2.8894196433869332,34.59829965531902,46.17106958202596
51101,2021-04-11,2,2021-03-21,spatial,40.05500491786217,3.2168848461896604,34.11751375303915,47.025801193589146
51101,2021-04-18,3,2021-03-21,spatial,40.042336155684154,3.952328034651565,32.905618908137214,48.72689643920693
51103,2021-03-28,0,2021-03-21,spatial,3.013738156048652,0.2080269933032119,2.62503566926706,3.4599978124333446
51103,2021-04-04,1,2021-03-21,spatial,2.9925774279353554,0.22485821132897976,2.5769806860908275,3.4751985959868943
51103,2021-04-11,2,2021-03-21,spatial,3.0103305399064015,0.2581292327228126,2.5359505321286537,3.5734490261868506
51103,2021-04-18,3,2021-03-21,spatial,3.0130241979629617,0.2324205859020612,2.584984797620233,3.511941279448898
51105,2021-03-28,0,2021-03-21,spatial,8.013504848277774,0.5523909461129007,6.982644386131795,9.196553111155296
51105,2021-04-04,1,2021-03-21,spatial,8.002521184025158,0.6311464412396427,6.837583802489092,9.365932052994912
51105,2021-04-11,2,2021-03-21,spatial,7.994481407448817,0.6368613832557656,6.820062456782093,9.371136023906775
51105,2021-04-18,3,2021-03-21,spatial,7.969797032739015,0.7105727768314929,6.679381400537722,9.509513072264763
51107,2021-03-28,0,2021-03-21,spatial,519.8329979631408,38.24571571904051,449.0261474911528,601.8053676410259
51107,2021-04-04,1,2021-03-21,spatial,525.4577609409808,19.490351440475443,487.94791588440177,565.8510868576399
51107,2021-04-11,2,2021-03-21,spatial,520.6237797859587,46.21206838153725,436.14535733801233,621.4651045077056
51107,2021-04-18,3,2021-03-21,spatial,520.852569299373,58.43111854501264,416.7431294064727,650.9702975358631
51109,2021-03-28,0,2021-03-21,spatial,33.03626161780573,3.0460026222657133,27.4841065431978,39.71002586402868
51109,2021-04-04,1,2021-03-21,spatial,33.05604275223321,2.301948216644466,28.780160164381726,37.96719532470829
51109,2021-04-11,2,2021-03-21,spatial,32.97297294823373,3.2820872139453376,27.060511727964712,40.177250008225386
51109,2021-04-18,3,2021-03-21,spatial,33.08193462489166,2.922252237498089,27.742734620773557,39.44868497953031
51111,2021-03-28,0,2021-03-21,spatial,12.03971778688479,1.2939880971552735,9.746883305912881,14.871913394089177
51111,2021-04-04,1,2021-03-21,spatial,11.999749550720685,0.8296767593862058,10.45196387620924,13.776740044785301
51111,2021-04-11,2,2021-03-21,spatial,12.024919355417357,1.100518969087836,10.030785730872774,14.415489412683284
51111,2021-04-18,3,2021-03-21,spatial,11.977747102355025,1.0855701197114014,10.002863851856693,14.342535075226927
51113,2021-03-28,0,2021-03-21,spatial,7.975920207806963,0.6882068029243129,6.717444129688324,9.470164832506779
51113,2021-04-04,1,2021-03-21,spatial,8.032479272512798,0.7212783789864606,6.723036686833974,9.596961353743847
51113,2021-04-11,2,2021-03-21,spatial,8.028193278370521,0.7828515955326361,6.610419271584898,9.750045294694416
51113,2021-04-18,3,2021-03-21,spatial,8.001887813854806,0.9195253180893508,6.377345962391126,10.040259531648577
51115,2021-03-28,0,2021-03-21,spatial,10.995031665871485,1.196723388925404,8.860618156373556,13.64359903564498
51115,2021-04-04,1,2021-03-21,spatial,11.058019175967939,0.993998493884606,9.247358741063287,13.223212326897855
51115,2021-04-11,2,2021-03-21,spatial,10.984037124538641,1.209030412976036,8.832153196169608,13.660210468899825
51115,2021-04-18,3,2021-03-21,spatial,11.007554308653651,1.1578445871325649,8.933196625719306,13.563593966924815
51117,2021-03-28,0,2021-03-21,spatial,37.93076142611917,2.8427036026651766,32.65333751513699,44.06112121611511
51117,2021-04-04,1,2021-03-21,spatial,38.21380349522907,3.781077731008408,31.40710817395144,46.495677649912615
51117,2021-04-11,2,2021-03-21,spatial,38.0778745400528,3.813546478359057,31.23074973016521,46.426183873759044
51117,2021-04-18,3,2021-03-21,spatial,37.79012040545814,4.468024656362003,29.98681908101657,47.624030958425045
51119,2021-03-28,0,2021-03-21,spatial,9.005057306974194,0.7087887562102387,7.701034677579543,10.529891176568043
51119,2021-04-04,1,2021-03-21,spatial,8.996982214214844,0.7028882189558994,7.706290597671122,10.503845908349268
51119,2021-04-11,2,2021-03-21,spatial,9.041674140508373,0.8937843475222191,7.429434635131447,11.00378094405179
51119,2021-04-18,3,2021-03-21,spatial,8.972404320448295,0.8049325166620815,7.50132505829966,10.731975839458855
51121,2021-03-28,0,2021-03-21,spatial,151.78773112025496,14.493876778385037,125.52951753987423,183.53862717042904
51121,2021-04-04,1,2021-03-21,spatial,152.53266792876443,17.818130866715293,121.05772213844077,192.19108351352958
51121,2021-04-11,2,2021-03-21,spatial,151.37370923854206,11.882547587286863,129.56757171064694,176.849805442111
51121,2021-04-18,3,2021-03-21,spatial,151.5603426082201,13.775269649401105,126.58081035688836,181.46935058131447
51125,2021-03-28,0,2021-03-21,spatial,14.956658218705726,1.1041355109886226,12.913743518019245,17.322755772486467
51125,2021-04-04,1,2021-03-21,spatial,14.928462347373664,1.3567282402413616,12.462624217387257,17.882187905981397
51125,2021-04-11,2,2021-03-21,spatial,14.98601575208961,1.6148572221159494,12.081058283928824,18.589486354902608
51125,2021-04-18,3,2021-03-21,spatial,15.023718852288829,1.197840480307068,12.825205684880512,17.599103959689952
51127,2021-03-28,0,2021-03-21,spatial,54.01058405364968,4.999456230623376,44.96203044532938,64.88014800317784
51127,2021-04-04,1,2021-03-21,spatial,53.93609716856464,4.706396337742956,45.349337059192685,64.14873439009068
51127,2021-04-11,2,2021-03-21,spatial,54.07757121464419,6.621928109716762,42.404995686166416,68.96318844406629
51127,2021-04-18,3,2021-03-21,spatial,54.013032664510796,5.0372719605989245,44.899747423165635,64.97603806368625
51131,2021-03-28,0,2021-03-21,spatial,14.003987175957725,1.2798583218190371,11.68258845801857,16.7866614089092
51131,2021-04-04,1,2021-03-21,spatial,14.036237158627262,1.2188504208028204,11.81577654722198,16.673974223010283
51131,2021-04-11,2,2021-03-21,spatial,13.978298067913608,1.4432400940267345,11.408295870625675,17.127257137373068
51131,2021-04-18,3,2021-03-21,spatial,14.054958310065222,1.6189629345808039,11.185443660474661,17.6606184871963
51133,2021-03-28,0,2021-03-21,spatial,13.053326205466075,1.1820253944291952,10.891455123183162,15.644312270416725
51133,2021-04-04,1,2021-03-21,spatial,13.024000189351185,1.0326758816685064,11.121427239250007,15.25205149331702
51133,2021-04-11,2,2021-03-21,spatial,13.027093497612876,1.5536560752998392,10.274131083232016,16.51771459997396
51133,2021-04-18,3,2021-03-21,spatial,13.058657992356466,1.1375819417743602,10.988097812274363,15.519387565957482
51135,2021-03-28,0,2021-03-21,spatial,18.02199818086829,1.7308852851502163,14.893418479329483,21.807781664229623
51135,2021-04-04,1,2021-03-21,spatial,17.922214845207645,1.6502522779427982,14.921706533395293,21.52607573663989
51135,2021-04-11,2,2021-03-21,spatial,18.023066846459123,1.3127511095304976,15.580267754450311,20.84886753368855
51135,2021-04-18,3,2021-03-21,spatial,17.956839652152418,1.5944931472300563,15.036183042225623,21.444810121531038
51137,2021-03-28,0,2021-03-21,spatial,40.96956670515785,3.3106490530259864,34.881455483496254,48.1202797515873
51137,2021-04-04,1,2021-03-21,spatial,41.0067866176377,2.625655854161641,36.10508826630692,46.57394925339901
51137,2021-04-11,2,2021-03-21,spatial,41.06338191895712,3.813584960508648,34.07793377186849,49.480738647778644
51137,2021-04-18,3,2021-03-21,spatial,41.00977770186692,3.0525516927138847,35.36085279865392,47.561122938204775
51139,2021-03-28,0,2021-03-21,spatial,25.039832328390908,2.3432089541939023,20.801049124654305,30.142383649812675
51139,2021-04-04,1,2021-03-21,spatial,24.875908371145467,2.1446659490711477,20.970317793620122,29.508890775031
51139,2021-04-11,2,2021-03-21,spatial,25.107473154182077,2.1137624336788488,21.24372594795424,29.67394748606611
51139,2021-04-18,3,2021-03-21,spatial,25.13248300813186,2.5877356851420608,20.49335453171095,30.821781820865326
51141,2021-03-28,0,2021-03-21,spatial,11.038196102817448,0.6765545206447714,9.771194687890679,12.469485778975553
51141,2021-04-04,1,2021-03-21,spatial,11.014361804120552,0.8510136387179484,9.454233202609998,12.831941348620255
51141,2021-04-11,2,2021-03-21,spatial,11.002404811811367,1.0121213887622549,9.160590631935168,13.214531301176331
51141,2021-04-18,3,2021-03-21,spatial,11.02433475017076,1.1183668182173792,9.004286623099901,13.497566411538944
51143,2021-03-28,0,2021-03-21,spatial,57.891524706118965,4.324692573434676,49.89477667788601,67.1699295185858
51143,2021-04-04,1,2021-03-21,spatial,57.80906323428443,5.659587251032499,47.63141300076118,70.16142460380276
51143,2021-04-11,2,2021-03-21,spatial,58.1584020060366,6.966453281469902,45.84908901325238,73.77245211825479
51143,2021-04-18,3,2021-03-21,spatial,57.55796602503776,5.377455028759736,47.86312411482009,69.21653181250667
51145,2021-03-28,0,2021-03-21,spatial,32.99067974858201,2.220293097923397,28.83795762260234,37.74140195769118
51145,2021-04-04,1,2021-03-21,spatial,32.821822595368694,3.4691327697997627,26.60912428780087,40.485061696515004
51145,2021-04-11,2,2021-03-21,spatial,33.09128629006287,2.8777054646451634,27.854490257003786,39.31262852873662
51145,2021-04-18,3,2021-03-21,spatial,33.01594945911608,2.806556492483267,27.894960310785947,39.077055731297264
51147,2021-03-28,0,2021-03-21,spatial,6.989177792816852,0.5234755761059802,6.024257064299943,8.108652353015215
51147,2021-04-04,1,2021-03-21,spatial,7.037997578221012,0.5759096297185439,5.980273556241866,8.2828000166221
51147,2021-04-11,2,2021-03-21,spatial,7.01250815269702,0.5991019759205836,5.912455272339307,8.317233421063264
51147,2021-04-18,3,2021-03-21,spatial,7.00790855651016,0.5824864680930517,5.932549893116896,8.278191202974622
51149,2021-03-28,0,2021-03-21,spatial,50.8953231036475,3.4314487005309964,44.48944656616312,58.22355892812519
51149,2021-04-04,1,2021-03-21,spatial,50.859532480593224,3.455935022780844,44.433111264018365,58.215415723976186
51149,2021-04-11,2,2021-03-21,spatial,50.94557597330019,3.5139708139761985,44.41528792283169,58.43599878854121
51149,2021-04-18,3,2021-03-21,spatial,50.964354283195426,5.370543985064133,41.34720692782022,62.818400576302025
51153,2021-03-28,0,2021-03-21,spatial,648.8755957803543,41.459076022516214,571.2210635629575,737.0868577098686
51153,2021-04-04,1,2021-03-21,spatial,650.443211381958,52.16976922773077,554.1234411795858,763.5056375385492
51153,2021-04-11,2,2021-03-21,spatial,648.5946691278685,46.3544680808395,562.2465484184924,748.2038724904216
51153,2021-04-18,3,2021-03-21,spatial,650.5638633302945,67.75750175618474,529.2866660767913,799.6297042741548
51155,2021-03-28,0,2021-03-21,spatial,33.992760996301925,3.133053803062285,28.2784049923136,40.86184494725871
51155,2021-04-04,1,2021-03-21,spatial,34.018649313008105,2.8214163853824856,28.8390495514302,40.12852431275897
51155,2021-04-11,2,2021-03-21,spatial,34.03800844368217,3.603168486929184,27.617967999105648,41.950443959153574
51155,2021-04-18,3,2021-03-21,spatial,34.025147738031016,3.282820697212657,28.114126852724013,41.178966170975535
51157,2021-03-28,0,2021-03-21,spatial,2.985456194297948,0.2562506393589887,2.519717098518736,3.537281504067117
51157,2021-04-04,1,2021-03-21,spatial,2.993826614584421,0.2976967248831833,2.4593687047991355,3.6444302884329214
51157,2021-04-11,2,2021-03-21,spatial,2.9921861736779345,0.23973956029657906,2.5490858546829203,3.5123093565097214
51157,2021-04-18,3,2021-03-21,spatial,3.0006304791631475,0.29618151227184897,2.469213962428774,3.6464167988206815
51159,2021-03-28,0,2021-03-21,spatial,10.010837082904018,0.6923603491993151,8.726341573166646,11.484407097770665
51159,2021-04-04,1,2021-03-21,spatial,9.984016401226873,0.8800394296922348,8.384604263006963,11.888525728013173
51159,2021-04-11,2,2021-03-21,spatial,9.987222595509698,0.8265919269568112,8.476787448368333,11.766794411184506
51159,2021-04-18,3,2021-03-21,spatial,10.035611890921444,1.0021842737773647,8.218721622771339,12.254157111996632
51161,2021-03-28,0,2021-03-21,spatial,112.87341039686191,12.961739654780759,89.70652466094641,142.02318975985173
51161,2021-04-04,1,2021-03-21,spatial,112.9161456515304,9.656568750098042,95.29909275299627,133.78989852342278
51161,2021-04-11,2,2021-03-21,spatial,112.86439687145857,10.150411808048814,94.46546725536606,134.8468646931348
51161,2021-04-18,3,2021-03-21,spatial,113.481098498935,10.63959837162506,94.0898462892564,136.86875071444828
51163,2021-03-28,0,2021-03-21,spatial,10.007071914868733,0.8098245219303998,8.516168563041477,11.758983816260898
51163,2021-04-04,1,2021-03-21,spatial,10.007705954561738,1.1061155465652568,8.032867344334552,12.46804835431616
51163,2021-04-11,2,2021-03-21,spatial,10.044381761284939,1.2437084581314335,7.850528631820071,12.851313548173534
51163,2021-04-18,3,2021-03-21,spatial,9.988967404892678,1.1276774057436378,7.989572945506381,12.488711286143005
51165,2021-03-28,0,2021-03-21,spatial,81.81588204693539,6.355908131784536,70.08377548313874,95.51195706813051
51165,2021-04-04,1,2021-03-21,spatial,82.09746992791122,7.8889181216947115,67.7762837549124,99.44473487122663
51165,2021-04-11,2,2021-03-21,spatial,82.08069746348559,7.364005483320071,68.61081015084085,98.19503488270182
51165,2021-04-18,3,2021-03-21,spatial,82.34109204906305,6.931164232217549,69.64841305736404,97.34687614846388
51167,2021-03-28,0,2021-03-21,spatial,29.98767723374002,1.8716936354867209,26.483274641185627,33.95580033280622
51167,2021-04-04,1,2021-03-21,spatial,25.77021573465924,1.044173539505038,23.762855469990026,27.94714717048933
51167,2021-04-11,2,2021-03-21,spatial,30.055688404209658,3.1784566945361,24.408495037631308,37.00942659751164
51167,2021-04-18,3,2021-03-21,spatial,30.003488749040127,3.100159674243846,24.424905432335486,36.85620563025863
51169,2021-03-28,0,2021-03-21,spatial,17.988866663624265,1.3974329346145071,15.402157094169445,21.01000021381112
51169,2021-04-04,1,2021-03-21,spatial,17.881224989037932,1.6898040485702843,14.824309881008524,21.568505358769674
51169,2021-04-11,2,2021-03-21,spatial,17.92507987597066,1.6085159067633494,14.993858914574414,21.429339197503605
51169,2021-04-18,3,2021-03-21,spatial,17.924489455760373,1.7139618955912672,14.805692226827723,21.700256720688554
51171,2021-03-28,0,2021-03-21,spatial,25.96344672429461,1.9878424060803757,22.295068127139622,30.235411794266163
51171,2021-04-04,1,2021-03-21,spatial,25.87444162849031,2.176973639902465,21.886860947233377,30.588522090957003
51171,2021-04-11,2,2021-03-21,spatial,25.96490987655721,2.636099528049313,21.238532616881017,31.743084941842092
51171,2021-04-18,3,2021-03-21,spatial,25.950536671364965,2.9179262257521983,20.757411836636287,32.44288636906414
51173,2021-03-28,0,2021-03-21,spatial,35.03383109169938,3.7037052934737713,28.438405183127287,43.158866084724366
51173,2021-04-04,1,2021-03-21,spatial,34.924888914951964,3.391751371070112,28.75961412106679,42.4118300261982
51173,2021-04-11,2,2021-03-21,spatial,34.8437772406506,2.9168979542301834,29.484066943875753,41.17779323684053
51173,2021-04-18,3,2021-03-21,spatial,34.98725997218437,4.2598507131209455,27.521684380532232,44.4779593950689
51175,2021-03-28,0,2021-03-21,spatial,20.94082551313861,1.256616549882928,18.577125880167337,23.60527543390726
51175,2021-04-04,1,2021-03-21,spatial,20.992605928256086,1.8077873372824764,17.681548100232273,24.923694529511447
51175,2021-04-11,2,2021-03-21,spatial,21.046113851819225,1.813924536091648,17.72531760600086,24.989053404255003
51175,2021-04-18,3,2021-03-21,spatial,21.020586475086642,2.2416421602211405,16.976677535887635,26.027769852052625
51177,2021-03-28,0,2021-03-21,spatial,153.24709233268243,15.066006380269707,126.03626753724473,186.33264668427117
51177,2021-04-04,1,2021-03-21,spatial,153.17214311209148,12.968226796953864,129.40942605105042,181.298272788071
51177,2021-04-11,2,2021-03-21,spatial,152.63246352731375,11.872880726629118,130.69824384120952,178.24775787133615
51177,2021-04-18,3,2021-03-21,spatial,153.52943753177695,14.241599633767422,127.6904284058911,184.59714234725152
51179,2021-03-28,0,2021-03-21,spatial,166.43900992510626,13.922714850159748,140.91832025794574,196.5815656484
51179,2021-04-04,1,2021-03-21,spatial,166.4414585201625,15.175533954382972,138.90728421541948,199.43345139018868
51179,2021-04-11,2,2021-03-21,spatial,166.718161506724,16.749342627124427,136.67035596760502,203.37215908598603
51179,2021-04-18,3,2021-03-21,spatial,164.8289638719264,20.328772097721195,129.18418019861278,210.308934803958
51181,2021-03-28,0,2021-03-21,spatial,4.982113926876768,0.34053404112317115,4.346113689845275,5.711184969315222
51181,2021-04-04,1,2021-03-21,spatial,5.012848924111891,0.5059315746706593,4.107131126391305,6.1182985306945445
51181,2021-04-11,2,2021-03-21,spatial,4.981883865265403,0.42589621840766,4.1985497720598985,5.9113665895200125
51181,2021-04-18,3,2021-03-21,spatial,5.014539266308508,0.3892794329870081,4.29583460590213,5.853485145541178
51183,2021-03-28,0,2021-03-21,spatial,15.478494548658853,0.7606113049588145,14.036027389777393,17.06920247728738
51183,2021-04-04,1,2021-03-21,spatial,13.368714493525307,0.4150827892465469,12.56493100212857,14.223916325455113
51183,2021-04-11,2,2021-03-21,spatial,12.956790451402911,1.1979606469913688,10.779417552953436,15.57397864744268
51183,2021-04-18,3,2021-03-21,spatial,13.072473442424188,1.2985714346241388,10.738252829987301,15.914093717896547
51185,2021-03-28,0,2021-03-21,spatial,33.97362285699258,2.9304284777715885,28.634034562324015,40.308921452090686
51185,2021-04-04,1,2021-03-21,spatial,34.176781541473105,3.227580768903715,28.339935974058672,41.21577400890283
51185,2021-04-11,2,2021-03-21,spatial,34.17206021261204,2.9792699010486143,28.72711990356544,40.64903488739402
51185,2021-04-18,3,2021-03-21,spatial,34.11906823498381,2.8875505986847205,28.79770819858943,40.42373126346567
51187,2021-03-28,0,2021-03-21,spatial,84.22874735136395,8.993915841348565,68.21576548100482,104.00061965668934
51187,2021-04-04,1,2021-03-21,spatial,83.92966373249551,7.040828558472207,70.99966064280353,99.21439610378992
51187,2021-04-11,2,2021-03-21,spatial,83.88194055817503,7.401001060505794,70.38893500426725,99.96144921611116
51187,2021-04-18,3,2021-03-21,spatial,83.99912106843111,9.820102904883171,66.71174314459324,105.76627153896817
51191,2021-03-28,0,2021-03-21,spatial,46.90294224906682,4.3630849600023245,38.97220337028631,56.447565222770145
51191,2021-04-04,1,2021-03-21,spatial,46.968979789148314,3.779564450584024,39.98637834534318,55.1709145394595
51191,2021-04-11,2,2021-03-21,spatial,41.21925129964593,1.3072620356899312,38.687575391017454,43.91659752598106
51191,2021-04-18,3,2021-03-21,spatial,46.87052287797107,3.9867305057920848,39.59692926427718,55.48020908874664
51193,2021-03-28,0,2021-03-21,spatial,23.02738386214067,2.431884429506065,18.669340888335427,28.402738516906208
51193,2021-04-04,1,2021-03-21,spatial,22.952239580335856,1.7588404163041562,19.69035222045944,26.75448848526712
51193,2021-04-11,2,2021-03-21,spatial,22.848038982485768,2.3144505466032417,18.694141457589396,27.92494571251121
51193,2021-04-18,3,2021-03-21,spatial,22.95267886739141,2.2381849810881755,18.930403266015038,27.829595586871854
51195,2021-03-28,0,2021-03-21,spatial,27.015785263377648,2.34577609753445,22.735954999907875,32.101253428760316
51195,2021-04-04,1,2021-03-21,spatial,27.044566766165705,2.094122593199081,23.175907124072218,31.559005982117487
51195,2021-04-11,2,2021-03-21,spatial,27.043286603881175,1.8909708043602784,23.52190573782593,31.091840877653944
51195,2021-04-18,3,2021-03-21,spatial,27.011197349846476,2.268838092394187,22.84301320646814,31.939953616353954
51197,2021-03-28,0,2021-03-21,spatial,60.90379224292386,2.42205445987081,56.26055908793745,65.93023549182112
51197,2021-04-04,1,2021-03-21,spatial,63.99775677304511,5.729389210078255,53.58565697315856,76.43300657923096
51197,2021-04-11,2,2021-03-21,spatial,64.24174144873889,5.0487597869253396,54.9281485254561,75.13454312871998
51197,2021-04-18,3,2021-03-21,spatial,63.86854645746724,5.504584368162054,53.801912820869255,75.81870258351431
51199,2021-03-28,0,2021-03-21,spatial,70.24993840552824,5.640491512203948,59.888603649459114,82.4038889747112
51199,2021-04-04,1,2021-03-21,spatial,69.83650624110042,5.3616773186386855,59.91493821273426,81.401028682471
51199,2021-04-11,2,2021-03-21,spatial,70.05502440233336,4.747671973417181,61.19797227968722,80.19393880539545
51199,2021-04-18,3,2021-03-21,spatial,70.36974074572184,6.901982885030527,57.909715704526825,85.51070148377556
51510,2021-03-28,0,2021-03-21,spatial,135.68031130231208,9.612194232142716,117.79106692876492,156.2864430646969
51510,2021-04-04,1,2021-03-21,spatial,134.76263405969493,14.249054761763064,109.26893701811548,166.2043032018915
51510,2021-04-11,2,2021-03-21,spatial,134.73270210652083,13.775803079825867,110.05260298679184,164.9474935100184
51510,2021-04-18,3,2021-03-21,spatial,134.8442168734744,12.816094632487356,111.69695768663027,162.7883444707021
51520,2021-03-28,0,2021-03-21,spatial,20.07626426835132,1.7804543873740508,16.833396546636838,23.943853865499715
51520,2021-04-04,1,2021-03-21,spatial,20.025660917365478,1.6269870643838156,17.030265287142363,23.547906530855368
51520,2021-04-11,2,2021-03-21,spatial,20.064992107781613,1.9999907519790048,16.469140759804432,24.445957087692005
51520,2021-04-18,3,2021-03-21,spatial,20.019420657171704,2.0007721735647435,16.411483380192106,24.420534948870767
51530,2021-03-28,0,2021-03-21,spatial,4.007163997158557,0.4128205985270472,3.266506669583758,4.9157601451246675
51530,2021-04-04,1,2021-03-21,spatial,4.011560473632323,0.29181515813684583,3.4698487849214925,4.637844018892396
51530,2021-04-11,2,2021-03-21,spatial,4.02499378935181,0.44678226411968747,3.231676559312726,5.013055826281695
51530,2021-04-18,3,2021-03-21,spatial,4.0261567329438375,0.4254958966373541,3.2665726175108243,4.962368799436397
51540,2021-03-28,0,2021-03-21,spatial,53.05596053315997,5.1736174009374825,43.732267843292455,64.36745878771015
51540,2021-04-04,1,2021-03-21,spatial,53.059062451037036,5.489148912684928,43.219181839866884,65.13922726751271
51540,2021-04-11,2,2021-03-21,spatial,52.86835868832912,5.8020151551530015,42.502399114976704,65.76248420322514
51540,2021-04-18,3,2021-03-21,spatial,53.125602598525425,4.343299587522414,45.177986133466256,62.471347065330384
51550,2021-03-28,0,2021-03-21,spatial,270.85482145658,28.231452276171414,220.0197762393333,333.43518278317697
51550,2021-04-04,1,2021-03-21,spatial,272.59321574575085,19.65162764316448,236.13165343241127,314.6848810419168
51550,2021-04-11,2,2021-03-21,spatial,269.901428822106,18.94315789355685,234.79138754602587,310.2617265547454
51550,2021-04-18,3,2021-03-21,spatial,271.69964607875005,26.875377064658423,223.25120972418026,330.66202763479373
51570,2021-03-28,0,2021-03-21,spatial,45.97304980199944,4.751205117264822,37.464453067248506,56.41404411545417
51570,2021-04-04,1,2021-03-21,spatial,45.93591408618637,3.1213737248289086,40.115646203621736,52.600628498488184
51570,2021-04-11,2,2021-03-21,spatial,46.14344813765485,3.9750587107189848,38.863630459070755,54.78689923924706
51570,2021-04-18,3,2021-03-21,spatial,45.83429291687108,4.434578734636618,37.758977364163975,55.636634089124826
51580,2021-03-28,0,2021-03-21,spatial,4.988012834504263,0.4375849210168155,4.1864007165307955,5.943117661654988
51580,2021-04-04,1,2021-03-21,spatial,4.989172047603532,0.4246191618638383,4.211719359980921,5.910136833215108
51580,2021-04-11,2,2021-03-21,spatial,5.002814120033797,0.4266753799923199,4.219993528726807,5.930850118426758
51580,2021-04-18,3,2021-03-21,spatial,5.015314928106972,0.6118600366542454,3.9364859292240015,6.389806614411325
51590,2021-03-28,0,2021-03-21,spatial,21.002851228734432,1.6438330615808234,17.97300957930768,24.54345544021812
51590,2021-04-04,1,2021-03-21,spatial,20.96930999025789,2.079115923245209,17.243712165197177,25.49984349396623
51590,2021-04-11,2,2021-03-21,spatial,21.026204542285253,2.2453160679603337,17.02526395896747,25.967366997629167
51590,2021-04-18,3,2021-03-21,spatial,20.92114056637861,2.281407652386368,16.856520489440662,25.96586424062756
51595,2021-03-28,0,2021-03-21,spatial,9.018302126938943,0.7688792210610619,7.615074140751197,10.680102616141912
51595,2021-04-04,1,2021-03-21,spatial,8.97306626341448,0.8132915400897713,7.489930250859393,10.74988891363691
51595,2021-04-11,2,2021-03-21,spatial,8.979759403497559,0.8092554152408679,7.502013853104758,10.748591048166489
51595,2021-04-18,3,2021-03-21,spatial,9.024572435764249,0.7814911463078567,7.598186522040117,10.71872971426982
51600,2021-03-28,0,2021-03-21,spatial,7.000843245292238,0.6343545116985063,5.8439134427201065,8.386812471736567
51600,2021-04-04,1,2021-03-21,spatial,6.998666058300112,0.5972284154291113,5.908315229151491,8.290235827961462
51600,2021-04-11,2,2021-03-21,spatial,6.992405319282367,0.4958433789304134,6.066801256215791,8.059227603514108
51600,2021-04-18,3,2021-03-21,spatial,7.005251843371962,0.7972294379170102,5.602401040699832,8.759378886402635
51610,2021-03-28,0,2021-03-21,spatial,14.043010635948686,1.269122852905498,11.716600947098241,16.831344569280436
51610,2021-04-04,1,2021-03-21,spatial,14.028037293367277,1.0741601242209309,12.04884985956759,16.332333176833643
51610,2021-04-11,2,2021-03-21,spatial,14.004756641677776,1.3392230927307167,11.583024249531311,16.932815158403386
51610,2021-04-18,3,2021-03-21,spatial,13.906136376595528,1.544736075416538,11.169033289777948,17.313998795353037
51620,2021-03-28,0,2021-03-21,spatial,18.07155070385476,1.504951817779018,15.328651389517749,21.30526270988984
51620,2021-04-04,1,2021-03-21,spatial,17.979815305652828,1.3698338991974826,15.451441683027893,20.921915576361823
51620,2021-04-11,2,2021-03-21,spatial,18.080541764576875,1.883132225231398,14.700267510106194,22.238098066981856
51620,2021-04-18,3,2021-03-21,spatial,18.0216650427429,1.5327164651953429,15.21118597571059,21.351419371996027
51630,2021-03-28,0,2021-03-21,spatial,25.967646100470184,2.4156961391687384,21.57967325839837,31.247861630010227
51630,2021-04-04,1,2021-03-21,spatial,26.075738949168343,2.206881372498764,22.018426361958625,30.88068831839495
51630,2021-04-11,2,2021-03-21,spatial,26.067424438324252,2.2680520835733344,21.90382585478222,31.022462530187997
51630,2021-04-18,3,2021-03-21,spatial,26.11461757504795,2.259140538821713,21.988494509037967,31.015004270105475
51640,2021-03-28,0,2021-03-21,spatial,3.983246221310215,0.4662219965291766,3.160976635204716,5.019414026309168
51640,2021-04-04,1,2021-03-21,spatial,4.01623148980147,0.35967225472161635,3.3628190184330875,4.796605256261691
51640,2021-04-11,2,2021-03-21,spatial,3.9991580462225937,0.375737461097164,3.320224795537412,4.816922366269554
51640,2021-04-18,3,2021-03-21,spatial,3.996040948727628,0.3385662601924933,3.3735666508371804,4.733371211132088
51650,2021-03-28,0,2021-03-21,spatial,227.5126986782431,19.714373370280587,191.62110408453162,270.1269690890767
51650,2021-04-04,1,2021-03-21,spatial,225.71172381666045,16.617020759834517,194.8189844912172,261.503171271202
51650,2021-04-11,2,2021-03-21,spatial,228.08003853566441,17.467024049794055,195.85696771852798,265.60456124895387
51650,2021-04-18,3,2021-03-21,spatial,225.71584502334548,28.51742171532761,176.06474215335587,289.36879736106687
51660,2021-03-28,0,2021-03-21,spatial,100.07156819751584,6.77389591989472,87.46681337404422,114.492781607176
51660,2021-04-04,1,2021-03-21,spatial,99.73604333479629,8.434128824858378,84.26657424218703,118.04536293941784
51660,2021-04-11,2,2021-03-21,spatial,100.23138558603355,7.278940750028544,86.72991307623526,115.83466764996584
51660,2021-04-18,3,2021-03-21,spatial,99.79400509942788,11.345666344192093,79.78448924199097,124.82179867792208
51670,2021-03-28,0,2021-03-21,spatial,44.15140989493808,4.9309231484406295,35.4075446755147,55.054565730982866
51670,2021-04-04,1,2021-03-21,spatial,43.904356460270684,5.1481946803152905,34.7863459126438,55.412331063202856
51670,2021-04-11,2,2021-03-21,spatial,43.81777047550384,4.549434512783222,35.65487410165711,53.84949625596072
51670,2021-04-18,3,2021-03-21,spatial,43.80790452791355,4.203564997688331,36.18603533444039,53.03516899239405
51678,2021-03-28,0,2021-03-21,spatial,5.9956137132531255,0.4295186237413273,5.200683190112631,6.912050298870526
51678,2021-04-04,1,2021-03-21,spatial,6.009871458892097,0.4873164042219515,5.109701420119968,7.068623385739398
51678,2021-04-11,2,2021-03-21,spatial,5.985993028858227,0.5511592456543094,4.986868987004263,7.185292542257968
51678,2021-04-18,3,2021-03-21,spatial,5.964372446064572,0.6607164651919089,4.787243936442339,7.430943387817223
51680,2021-03-28,0,2021-03-21,spatial,99.86352474954424,8.684209449765225,83.97420992163259,118.75936176963972
51680,2021-04-04,1,2021-03-21,spatial,100.18943604007696,6.527278009881513,88.00107431694813,114.06591535321144
51680,2021-04-11,2,2021-03-21,spatial,100.00297670719223,9.226742161388211,83.23962190107363,120.14224862991895
51680,2021-04-18,3,2021-03-21,spatial,99.83995779103634,10.672837692019336,80.73221535583106,123.47013057651657
51683,2021-03-28,0,2021-03-21,spatial,33.05922028453689,1.9343699720025012,29.422740093818327,37.145148355885254
51683,2021-04-04,1,2021-03-21,spatial,33.00330930369411,3.592682275003772,26.569605310368825,40.99490422502564
51683,2021-04-11,2,2021-03-21,spatial,32.951715482665094,3.262384194953695,27.053424814752752,40.135973936223934
51683,2021-04-18,3,2021-03-21,spatial,32.97234379792389,2.8659339214916466,27.729335791908674,39.20668939519728
51685,2021-03-28,0,2021-03-21,spatial,18.00392009981318,1.6311347016222546,15.048852823083875,21.539259023335482
51685,2021-04-04,1,2021-03-21,spatial,17.93550954181058,1.7174046835672048,14.832168261367832,21.68816432336727
51685,2021-04-11,2,2021-03-21,spatial,15.270391122993269,0.7080940475711532,13.91777658277454,16.754461006206622
51685,2021-04-18,3,2021-03-21,spatial,17.949218899686038,1.4611139123250771,15.25492379814508,21.11937518481876
51690,2021-03-28,0,2021-03-21,spatial,20.96622671236868,1.5720594655088456,18.060077298794976,24.340021101890432
51690,2021-04-04,1,2021-03-21,spatial,21.114361055920696,2.1709114627186037,17.195112019153086,25.926917039167886
51690,2021-04-11,2,2021-03-21,spatial,20.93801007715912,2.0982291147383654,17.16179923910039,25.545122622830387
51690,2021-04-18,3,2021-03-21,spatial,21.005738731596306,2.4295733181512795,16.701068427352496,26.419930052944054
51700,2021-03-28,0,2021-03-21,spatial,282.0954953812333,16.593460012769945,250.82008017794976,317.27072432926894
51700,2021-04-04,1,2021-03-21,spatial,282.3890773684749,18.61685582285545,247.60333584532918,322.06186053499715
51700,2021-04-11,2,2021-03-21,spatial,282.4612215263284,23.907644174223837,238.7687693165801,334.148983950077
51700,2021-04-18,3,2021-03-21,spatial,282.077905801879,26.829921579385253,233.51520787898946,340.7398844138959
51710,2021-03-28,0,2021-03-21,spatial,321.1351137181626,32.50697408287773,262.61802285294607,392.6911037652735
51710,2021-04-04,1,2021-03-21,spatial,321.10992576254347,30.029654005624252,266.3938670890664,387.06440786323265
51710,2021-04-11,2,2021-03-21,spatial,320.52320052786837,25.582994838779967,273.4781409918464,375.6611833912206
51710,2021-04-18,3,2021-03-21,spatial,320.41197163963636,31.95158844891421,262.9841965218005,390.38023169384115
51720,2021-03-28,0,2021-03-21,spatial,2.0042882099020782,0.13926869844374498,1.7450297315186298,2.3020646329369367
51720,2021-04-04,1,2021-03-21,spatial,1.997167282759732,0.15061736295392686,1.7183890750152722,2.3211723196566765
51720,2021-04-11,2,2021-03-21,spatial,2.005593600786108,0.1609543068903998,1.7097195866726111,2.3526698312805987
51720,2021-04-18,3,2021-03-21,spatial,1.9942603459272408,0.23484304459496624,1.578140633382587,2.5201013415473468
51730,2021-03-28,0,2021-03-21,spatial,71.9937284858173,5.154343566662135,62.43674390318032,83.01356889025034
51730,2021-04-04,1,2021-03-21,spatial,71.89890618003436,5.028490525761947,62.55012343076728,82.64496417192714
51730,2021-04-11,2,2021-03-21,spatial,72.37624562928997,6.237534094679817,60.979717632943675,85.90267608194637
51730,2021-04-18,3,2021-03-21,spatial,71.94146301675602,5.8040369956866815,61.25645320719658,84.49026722923672
51735,2021-03-28,0,2021-03-21,spatial,21.002033925312823,1.765075030946632,17.775753454179142,24.813880893261942
51735,2021-04-04,1,2021-03-21,spatial,20.982338488331468,1.5874448627484723,18.03802831589968,24.407242339832052
51735,2021-04-11,2,2021-03-21,spatial,21.064873031058426,1.8269717971183483,17.744131622660966,25.007077565178104
51735,2021-04-18,3,2021-03-21,spatial,21.059545959546522,2.341961543935541,16.90114518594245,26.24109024228356
51740,2021-03-28,0,2021-03-21,spatial,142.4941969061708,15.362749662661107,114.93062237324585,176.6682867686374
51740,2021-04-04,1,2021-03-21,spatial,142.34831469954534,14.38229542362887,116.43808899242786,174.02417776814022
51740,2021-04-11,2,2021-03-21,spatial,143.1070759958054,17.857984138945714,111.80722462235615,183.1691580686482
51740,2021-04-18,3,2021-03-21,spatial,142.7989228279132,13.734011767193884,117.88683742752303,172.97548060315938
51750,2021-03-28,0,2021-03-21,spatial,42.96865585055448,2.7645066601827932,37.79264539231345,48.853563079204456
51750,2021-04-04,1,2021-03-21,spatial,43.013817592814426,2.312771223476419,38.62723478220761,47.898549154239255
51750,2021-04-11,2,2021-03-21,spatial,42.94238335638595,3.975168165091003,35.701824747427544,51.65137360268074
51750,2021-04-18,3,2021-03-21,spatial,43.10684463535003,4.64133210828708,34.855346138156605,53.31176592109664
51760,2021-03-28,0,2021-03-21,spatial,213.61980406501132,21.074895679511755,175.51458196674218,259.997888365884
51760,2021-04-04,1,2021-03-21,spatial,213.89124551171554,14.567600469676327,186.75272110531935,244.97348491512756
51760,2021-04-11,2,2021-03-21,spatial,213.41696775667344,14.362331851213831,186.6289774279684,244.0500009921144
51760,2021-04-18,3,2021-03-21,spatial,214.09733517397655,18.98871791660022,179.4840626515196,255.38573314776696
51770,2021-03-28,0,2021-03-21,spatial,101.00620997743937,7.049891948436153,87.85802624628538,116.12205383953659
51770,2021-04-04,1,2021-03-21,spatial,101.06197432253151,8.286104980161394,85.83992644611767,118.98335747502209
51770,2021-04-11,2,2021-03-21,spatial,100.75158291907248,6.911945051735398,87.87872833149828,115.51010868531614
51770,2021-04-18,3,2021-03-21,spatial,100.57537831904736,10.822959492449385,81.31380890805717,124.39961748018914
51775,2021-03-28,0,2021-03-21,spatial,29.36278600526982,0.4163008900167295,28.542920310699433,30.20620148906348
51775,2021-04-04,1,2021-03-21,spatial,35.79784910954653,1.2919656890952036,33.3127575758456,38.46832547417332
51775,2021-04-11,2,2021-03-21,spatial,35.009048494331516,3.0907502818407,29.35807434095911,41.74774756151172
51775,2021-04-18,3,2021-03-21,spatial,35.12313137192358,3.2166986956258814,29.28235861833593,42.128927298804726
51790,2021-03-28,0,2021-03-21,spatial,19.984844168232442,1.8788683820564296,16.578084797925083,24.09168497428139
51790,2021-04-04,1,2021-03-21,spatial,19.958409646373823,1.3948973343506377,17.35951120307305,22.94639007704043
51790,2021-04-11,2,2021-03-21,spatial,19.99042856472612,1.6002285302284802,17.04704155273075,23.442028516520143
51790,2021-04-18,3,2021-03-21,spatial,19.90617143923612,1.9925427562407891,16.316069322316448,24.286220752094856
51800,2021-03-28,0,2021-03-21,spatial,126.66332130787545,11.20995342433026,106.27187677120527,150.9674756124111
51800,2021-04-04,1,2021-03-21,spatial,126.66934728851244,11.741676693303482,105.35695045473308,152.29297614675744
51800,2021-04-11,2,2021-03-21,spatial,126.54444087562081,12.118678432313073,104.68052764835045,152.97492166181138
51800,2021-04-18,3,2021-03-21,spatial,127.0655597694088,12.060670087577769,105.20919855654779,153.4624034878019
51810,2021-03-28,0,2021-03-21,spatial,569.0592479662805,48.49581908894793,480.28705575616544,674.2393404421699
51810,2021-04-04,1,2021-03-21,spatial,569.6609391994492,58.5160525932999,464.5795962889357,698.5101976966162
51810,2021-04-11,2,2021-03-21,spatial,572.6637050337897,46.8035300053701,486.7939000429322,673.6808309103809
51810,2021-04-18,3,2021-03-21,spatial,570.2373017086327,47.15257809762856,484.05329016166064,671.7660779691097
51820,2021-03-28,0,2021-03-21,spatial,35.182348140885814,2.8304952977159146,29.98171007290783,41.285090733533366
51820,2021-04-04,1,2021-03-21,spatial,34.80190165569077,3.1940826062738688,28.981469897562338,41.79126742478458
51820,2021-04-11,2,2021-03-21,spatial,35.01751282484564,2.9219408340367043,29.68088397337647,41.313668606977636
51820,2021-04-18,3,2021-03-21,spatial,34.76231219938825,3.071853523239434,29.17092290259268,41.42544113132376
51830,2021-03-28,0,2021-03-21,spatial,30.018308726391233,2.495465760601109,25.435908995018764,35.4262495187179
51830,2021-04-04,1,2021-03-21,spatial,30.062157342902875,1.7693534150094041,26.73804879738201,33.7995233293888
51830,2021-04-11,2,2021-03-21,spatial,30.009865917113057,2.015490885694915,26.25759176378583,34.29834923418949
51830,2021-04-18,3,2021-03-21,spatial,30.109380459832014,3.003873391663093,24.71934255306768,36.674712918787066
51840,2021-03-28,0,2021-03-21,spatial,47.060248664704105,3.784474418529516,40.120727839877034,55.20007047784834
51840,2021-04-04,1,2021-03-21,spatial,46.848576179438496,3.4634784149162967,40.444771058592636,54.266324980825004
51840,2021-04-11,2,2021-03-21,spatial,47.01310170843544,4.725591355429077,38.48916883639105,57.424771671295424
51840,2021-04-18,3,2021-03-21,spatial,46.97709697444694,4.328219857349438,39.1278503156672,56.4009426110217
53001,2021-03-28,0,2021-03-21,spatial,26.807734419153128,1.8827916250269967,23.30869174318803,30.83204465552531
53001,2021-04-04,1,2021-03-21,spatial,29.166755190463263,2.155283542421596,25.175314069365267,33.79102266595333
53001,2021-04-11,2,2021-03-21,spatial,20.836623217968906,0.25132867543696263,20.34014737882225,21.345217369449564
53001,2021-04-18,3,2021-03-21,spatial,29.057086365753488,2.5057751342694785,24.45388837911177,34.5267899721036
53003,2021-03-28,0,2021-03-21,spatial,12.004323467055258,0.7604948071126041,10.583717374076748,13.615611302570734
53003,2021-04-04,1,2021-03-21,spatial,12.004222827434495,0.6034545543678326,10.854941038848152,13.275186403591047
53003,2021-04-11,2,2021-03-21,spatial,12.036152167119665,0.7805716313467878,10.579863318955224,13.692895136982301
53003,2021-04-18,3,2021-03-21,spatial,12.090586914363506,1.5312041899565256,9.411379298835136,15.53250456624049
53005,2021-03-28,0,2021-03-21,spatial,140.3013740805544,5.1966364938958005,130.28832915440347,151.08395123836289
53005,2021-04-04,1,2021-03-21,spatial,140.6544205262818,4.988554473939112,131.04021564622684,150.97400378975775
53005,2021-04-11,2,2021-03-21,spatial,140.41216646180752,5.053117174472137,130.66704533452153,150.88407670062773
53005,2021-04-18,3,2021-03-21,spatial,151.2871204913509,13.38374633292585,126.97917586544506,180.248396404918
53007,2021-03-28,0,2021-03-21,spatial,73.6190374253632,7.744965899945273,59.74875686635247,90.70921230311268
53007,2021-04-04,1,2021-03-21,spatial,74.23855727851051,8.88090073071975,58.741732360197496,93.82364403214471
53007,2021-04-11,2,2021-03-21,spatial,73.87388840329108,6.043773215497991,62.82848097146035,86.86110667391256
53007,2021-04-18,3,2021-03-21,spatial,73.83766082617045,8.715747620904185,58.30420574241735,93.50955195868762
53009,2021-03-28,0,2021-03-21,spatial,8.200917285216722,0.3725538114188212,7.490312456748033,8.978937088048475
53009,2021-04-04,1,2021-03-21,spatial,8.179564488343585,0.7372475349612244,6.844626746866318,9.774861025051916
53009,2021-04-11,2,2021-03-21,spatial,7.109651427638736,0.4144763101992982,6.331504522119236,7.983433202319933
53009,2021-04-18,3,2021-03-21,spatial,8.02100878420207,0.6947424645323699,6.754312316016701,9.525260145830616
53011,2021-03-28,0,2021-03-21,spatial,315.0381131861745,27.854047945019737,264.47024283728075,375.27478212726317
53011,2021-04-04,1,2021-03-21,spatial,317.3001494938365,30.0704482124552,262.64919083615473,383.32265387261975
53011,2021-04-11,2,2021-03-21,spatial,315.60785599069413,25.31996117186009,269.2136654934373,369.9972606534377
53011,2021-04-18,3,2021-03-21,spatial,318.3373188565774,21.402805508783914,278.39645843046884,364.00839704684716
53013,2021-03-28,0,2021-03-21,spatial,1.000865894863515,0.09674601046461688,0.8271588027876442,1.2110522624252582
53013,2021-04-04,1,2021-03-21,spatial,1.0021660512569606,0.1119495718146742,0.8036644857124915,1.2496966235873552
53013,2021-04-11,2,2021-03-21,spatial,0.996417702477382,0.07329720593743005,0.8611149433558815,1.1529799191975934
53013,2021-04-18,3,2021-03-21,spatial,1.0003438623531606,0.07378108698240789,0.8642068429307199,1.1579263125874837
53015,2021-03-28,0,2021-03-21,spatial,136.6365397000992,11.673324712446306,115.22651031152508,162.0247279097668
53015,2021-04-04,1,2021-03-21,spatial,136.59469980353182,10.565360581147537,117.10324178281374,159.33044833226194
53015,2021-04-11,2,2021-03-21,spatial,137.08992555403194,7.306118826306865,123.26135388213163,152.46991126173575
53015,2021-04-18,3,2021-03-21,spatial,137.07717935245876,13.66568021595222,112.63502720029624,166.8233547439204
53017,2021-03-28,0,2021-03-21,spatial,49.754760963930856,4.156029005797143,42.09920078314028,58.80245212563017
53017,2021-04-04,1,2021-03-21,spatial,50.101620018046646,1.8323273140443963,46.57387390681051,53.89657586687608
53017,2021-04-11,2,2021-03-21,spatial,49.755086505646474,4.800022663862411,41.07008379630661,60.27668814756566
53017,2021-04-18,3,2021-03-21,spatial,50.08754315820729,4.677389625760076,41.637319142655116,60.2527259507251
53019,2021-03-28,0,2021-03-21,spatial,6.995923675410893,0.7512280389268631,5.655100081987733,8.65465639203533
53019,2021-04-04,1,2021-03-21,spatial,6.612381027105592,0.2658669137803929,6.102090390345744,7.165344996659187
53019,2021-04-11,2,2021-03-21,spatial,7.002077596807715,0.5419393130775596,5.998552541829932,8.173486908686742
53019,2021-04-18,3,2021-03-21,spatial,6.987494293952516,0.4948602416052974,6.070049641810099,8.04360415303939
53021,2021-03-28,0,2021-03-21,spatial,89.05098688329004,4.650708913669042,80.26538156576363,98.79823792266613
53021,2021-04-04,1,2021-03-21,spatial,88.13614224781519,8.252992102581521,73.09629811191013,106.27049209023376
53021,2021-04-11,2,2021-03-21,spatial,87.68893768218405,10.860856049865372,68.61688980569068,112.06205663947549
53021,2021-04-18,3,2021-03-21,spatial,88.08912379068892,8.999256449267492,71.89910690520571,107.92475823714979
53023,2021-03-28,0,2021-03-21,spatial,0.9048280135062264,0.0506310778449148,0.8093072384850574,1.0116228980704216
53023,2021-04-04,1,2021-03-21,spatial,0.9989917726759844,0.08468398797146777,0.8441998532536854,1.1821662347226292
53023,2021-04-11,2,2021-03-21,spatial,0.8075796640796166,0.019272362071418,0.7699637646677657,0.8470332550212408
53023,2021-04-18,3,2021-03-21,spatial,1.0042448004725502,0.1280646556464322,0.7797807804992286,1.2933219752229448
53025,2021-03-28,0,2021-03-21,spatial,79.07162290165088,7.488928347568143,65.44431478031183,95.53651175490371
53025,2021-04-04,1,2021-03-21,spatial,79.21200693528827,6.421570712606063,67.4063376148087,93.08534278441027
53025,2021-04-11,2,2021-03-21,spatial,80.37491305696891,6.148579995138063,69.04549199940381,93.5633371831298
53025,2021-04-18,3,2021-03-21,spatial,79.1046780495395,9.104726681026957,62.98052141235404,99.35691145443323
53027,2021-03-28,0,2021-03-21,spatial,48.817479700778065,5.74382312296892,38.6925050604139,61.5919367488579
53027,2021-04-04,1,2021-03-21,spatial,48.71564669971193,3.769912691252504,41.748242590685344,56.845847539954974
53027,2021-04-11,2,2021-03-21,spatial,50.240547775047034,0.7552967741758219,48.7528492482131,51.773643585134614
53027,2021-04-18,3,2021-03-21,spatial,48.95671483132337,3.7908745255693286,41.97312165704667,57.102255740207404
53029,2021-03-28,0,2021-03-21,spatial,19.011271229494646,1.7211158650286105,15.864945847891578,22.78157374293489
53029,2021-04-04,1,2021-03-21,spatial,19.783750108859472,1.2020543850095695,17.53193437303143,22.32479086688032
53029,2021-04-11,2,2021-03-21,spatial,19.032394996825964,0.9968709025781676,17.142460071994826,21.13069289902998
53029,2021-04-18,3,2021-03-21,spatial,19.030630340773406,1.7028844129729357,15.926721908850038,22.73944966452389
53031,2021-03-28,0,2021-03-21,spatial,5.5555850711073695,0.17420655619758094,5.218685370895829,5.9142338134504016
53031,2021-04-04,1,2021-03-21,spatial,6.652658009332459,0.22173553450622493,6.223158507315892,7.111799986631574
53031,2021-04-11,2,2021-03-21,spatial,6.793428711004013,0.32488540768341545,6.1740297687060925,7.474967789338268
53031,2021-04-18,3,2021-03-21,spatial,6.003692461758825,0.5049088904042911,5.0771162803773935,7.099369245232352
53033,2021-03-28,0,2021-03-21,spatial,1936.814037515968,81.52205426303571,1780.2973252691274,2107.091081177595
53033,2021-04-04,1,2021-03-21,spatial,2014.4611385787646,137.67350138067744,1757.456676781765,2309.0490550669588
53033,2021-04-11,2,2021-03-21,spatial,2000.94167541487,191.54391991986458,1652.9511049856849,2422.1936004856852
53033,2021-04-18,3,2021-03-21,spatial,1517.3530881325546,108.90589786312852,1314.5918775245252,1751.3879656710776
53035,2021-03-28,0,2021-03-21,spatial,134.60328667795721,11.643738281014548,113.36763861080208,159.8167255358354
53035,2021-04-04,1,2021-03-21,spatial,134.80462018831594,12.008038840233533,112.77290929710828,161.14052335246515
53035,2021-04-11,2,2021-03-21,spatial,134.43197221226592,11.879397969743929,112.73240763263195,160.30842889270696
53035,2021-04-18,3,2021-03-21,spatial,135.7967568781277,15.395134963785686,108.49615489702316,169.96693750225506
53037,2021-03-28,0,2021-03-21,spatial,59.0989932639357,4.380087098551839,51.00378858288067,68.47905031868615
53037,2021-04-04,1,2021-03-21,spatial,59.021341941399115,5.433788935006995,49.15399678570372,70.86949245959852
53037,2021-04-11,2,2021-03-21,spatial,59.302622633987205,7.031660141187673,46.886740795948704,75.0063022416982
53037,2021-04-18,3,2021-03-21,spatial,59.015407997791435,6.405896849543248,47.58014328227158,73.19898892451397
53039,2021-03-28,0,2021-03-21,spatial,1.0007410101181633,0.07598317532092275,0.8602503054854653,1.1641757787777298
53039,2021-04-04,1,2021-03-21,spatial,1.0014696419723623,0.07766798804646914,0.8576942599158838,1.1693461069572892
53039,2021-04-11,2,2021-03-21,spatial,1.0625812982173022,0.033818463156075465,0.9970743257921446,1.1323920254632458
53039,2021-04-18,3,2021-03-21,spatial,0.9994351600319122,0.0638512535587731,0.879869733579883,1.1352483225487913
53041,2021-03-28,0,2021-03-21,spatial,45.27845040908249,5.590906279311661,35.51341209789168,57.72855803876565
53041,2021-04-04,1,2021-03-21,spatial,44.92589885807793,5.605759610379306,35.124610884524806,57.46217075092168
53041,2021-04-11,2,2021-03-21,spatial,45.11993046294811,3.5068311365986973,38.642761299551495,52.68278084995189
53041,2021-04-18,3,2021-03-21,spatial,45.46811566628251,3.250026624196092,39.438153396176645,52.420039079285715
53043,2021-03-28,0,2021-03-21,spatial,3.0082486625076594,0.309949717185815,2.449515449312307,3.694428634046687
53043,2021-04-04,1,2021-03-21,spatial,3.2512169683057714,0.1950053971938378,2.8860531413312045,3.6625839017377633
53043,2021-04-11,2,2021-03-21,spatial,2.987722000743409,0.3361252578238074,2.389777370030227,3.735277965919184
53043,2021-04-18,3,2021-03-21,spatial,3.0008314479894356,0.2233560949851589,2.5871767489891746,3.480623959209853
53045,2021-03-28,0,2021-03-21,spatial,30.088018095886174,2.7731979695156834,25.057025923158307,36.129141411857816
53045,2021-04-04,1,2021-03-21,spatial,29.9744022914388,2.4858634745788444,25.416780238493967,35.34927651332789
53045,2021-04-11,2,2021-03-21,spatial,30.000529700484513,2.6325939882874616,25.201111442126503,35.71397175781496
53045,2021-04-18,3,2021-03-21,spatial,30.04680395632413,2.7063311898501428,25.11557527155045,35.946237274223606
53047,2021-03-28,0,2021-03-21,spatial,33.68854518937008,1.1122757570584068,31.539688519459478,35.98380739480049
53047,2021-04-04,1,2021-03-21,spatial,33.699143765119885,1.1268017439420592,31.5233896889382,36.02506905850675
53047,2021-04-11,2,2021-03-21,spatial,35.97463331588075,2.3981339507252497,31.50066135191687,41.08403400658521
53047,2021-04-18,3,2021-03-21,spatial,36.17667003147281,2.745905800904606,31.075979160529148,42.114568548442136
53049,2021-03-28,0,2021-03-21,spatial,4.99490371764239,0.5089985282757298,4.079321335066437,6.115983787315797
53049,2021-04-04,1,2021-03-21,spatial,4.990811870590366,0.4174688654226477,4.225284429183157,5.895035836070575
53049,2021-04-11,2,2021-03-21,spatial,4.9887587548066135,0.3153208439430162,4.399672259638399,5.656719965706063
53049,2021-04-18,3,2021-03-21,spatial,4.977521752139743,0.6469815667215395,3.851457778624282,6.432816927276309
53051,2021-03-28,0,2021-03-21,spatial,14.0143358187457,1.2925665373048596,11.6656730172964,16.83585748969468
53051,2021-04-04,1,2021-03-21,spatial,13.974111388911831,1.2566848005016718,11.678252884018654,16.721318766520678
53051,2021-04-11,2,2021-03-21,spatial,13.985316092084727,0.9918841307844254,12.136839377580644,16.115321304887594
53051,2021-04-18,3,2021-03-21,spatial,14.664516344740619,0.7076650548519879,13.319257192242274,16.14564810344066
53053,2021-03-28,0,2021-03-21,spatial,1080.8839741022452,11.149604272085032,1058.8079739410152,1103.4202558207674
53053,2021-04-04,1,2021-03-21,spatial,1116.6429501109956,104.31970954556404,927.296248683673,1344.6527793060636
53053,2021-04-11,2,2021-03-21,spatial,1117.3380946089571,121.14501421090782,900.5796615446916,1386.2676129316744
53053,2021-04-18,3,2021-03-21,spatial,1110.2734387647934,146.47444429562583,858.2611590960573,1436.2843940472824
53055,2021-03-28,0,2021-03-21,spatial,5.004333274515245,0.3768786746582144,4.304279340990297,5.818244946123476
53055,2021-04-04,1,2021-03-21,spatial,2.4704260006994065,0.09451155594639507,2.2878963044433855,2.667518022158108
53055,2021-04-11,2,2021-03-21,spatial,4.990647844708271,0.39026371524505804,4.2721645559991055,5.8299640810691
53055,2021-04-18,3,2021-03-21,spatial,5.012385342212227,0.3563784604340219,4.348534422406739,5.7775803013924065
53057,2021-03-28,0,2021-03-21,spatial,62.99284586681117,6.490044118965208,51.36371641711968,77.25489717635092
53057,2021-04-04,1,2021-03-21,spatial,63.20993590923536,6.351857682933277,51.78743174278689,77.1518467549059
53057,2021-04-11,2,2021-03-21,spatial,62.900019276125214,7.579154615876041,49.49068402616319,79.94256904684063
53057,2021-04-18,3,2021-03-21,spatial,63.11358416699874,6.63365927848616,51.23147596833897,77.75150785947544
53059,2021-03-28,0,2021-03-21,spatial,1.0014945153267445,0.07617845609631924,0.860520313820936,1.1655637271083188
53059,2021-04-04,1,2021-03-21,spatial,0.9952296156473286,0.11653016862301452,0.7888182109729059,1.2556530441150653
53059,2021-04-11,2,2021-03-21,spatial,1.1006167555075408,0.04235826842302096,1.019311796588957,1.1884069688564898
53059,2021-04-18,3,2021-03-21,spatial,0.9977163358415336,0.10266366187476576,0.8130990314898089,1.2242517187373283
53061,2021-03-28,0,2021-03-21,spatial,507.58034421444114,49.10906290234846,419.4406779441242,614.241344200697
53061,2021-04-04,1,2021-03-21,spatial,502.987443280672,54.809868388824384,405.0336829518747,624.630441236878
53061,2021-04-11,2,2021-03-21,spatial,526.9276500607007,20.441525897848454,487.62591460668,569.3970317850058
53061,2021-04-18,3,2021-03-21,spatial,527.10607587243,19.996308539872466,488.647312491764,568.5917186463904
53063,2021-03-28,0,2021-03-21,spatial,473.77722761022784,50.23949425701142,384.142725967865,584.3267260534069
53063,2021-04-04,1,2021-03-21,spatial,477.9432067077577,53.777828082372245,381.81999388284487,598.2654457539603
53063,2021-04-11,2,2021-03-21,spatial,475.6140780440778,45.82134353425246,392.3958144073026,576.4810503277079
53063,2021-04-18,3,2021-03-21,spatial,476.7076942777842,48.38274941207961,389.86666921454287,582.8921621883662
53065,2021-03-28,0,2021-03-21,spatial,32.9626762171526,2.0318465447339578,29.146259632369045,37.278815089884056
53065,2021-04-04,1,2021-03-21,spatial,27.567748638915678,0.2703080585050077,27.03239733331533,28.11370207561353
53065,2021-04-11,2,2021-03-21,spatial,33.04515389922738,2.3645758043818708,28.65430956687985,38.10882944762322
53065,2021-04-18,3,2021-03-21,spatial,33.146237672324,2.9024178622027685,27.8719952165376,39.418529721126774
53067,2021-03-28,0,2021-03-21,spatial,198.79878784103974,11.027850031614628,178.00683320214887,222.0193311466071
53067,2021-04-04,1,2021-03-21,spatial,155.245520411483,2.337130231862819,150.6380359831619,159.99393148305631
53067,2021-04-11,2,2021-03-21,spatial,191.70773423059757,16.564783217157743,161.45322208887418,227.6316005858269
53067,2021-04-18,3,2021-03-21,spatial,191.46041321980675,21.568837232050143,153.3566611066111,239.03161144605068
53069,2021-03-28,0,2021-03-21,spatial,0.6778541437255905,0.03977286693247737,0.6028542308708302,0.7621846486873286
53069,2021-04-04,1,2021-03-21,spatial,0.9962567486370496,0.10635730717354556,0.8060230492589592,1.231388494556545
53069,2021-04-11,2,2021-03-21,spatial,1.0033164434138464,0.11921252401676866,0.7925866569644809,1.2700742269368304
53069,2021-04-18,3,2021-03-21,spatial,0.9972363442143384,0.08831235921235396,0.8358208482468629,1.1898247433141975
53071,2021-03-28,0,2021-03-21,spatial,12.987932764687436,1.3368279023133431,10.597633212032688,15.917365144182645
53071,2021-04-04,1,2021-03-21,spatial,13.114347787912676,1.2741569323900743,10.820326889504706,15.894724776674712
53071,2021-04-11,2,2021-03-21,spatial,12.955133339550498,1.3760123192818752,10.505636837725467,15.975754962596842
53071,2021-04-18,3,2021-03-21,spatial,12.964485064701266,1.4590925315891754,10.376874598353256,16.19735031003796
53073,2021-03-28,0,2021-03-21,spatial,155.5084247803305,1.559119013365475,152.41976326084873,158.65967549282655
53073,2021-04-04,1,2021-03-21,spatial,170.1322047855442,17.41807919630801,138.95647093018394,208.30240514479675
53073,2021-04-11,2,2021-03-21,spatial,168.9369920561026,13.682566666448016,143.82746558446212,198.43016192344604
53073,2021-04-18,3,2021-03-21,spatial,168.9497407687014,15.620838920845866,140.53039820187277,203.11630274332347
53075,2021-03-28,0,2021-03-21,spatial,16.024957493699116,0.8650635127819072,14.394991249586337,17.839487237079283
53075,2021-04-04,1,2021-03-21,spatial,16.017239297785398,1.1873374835079362,13.819090924734374,18.565038476107453
53075,2021-04-11,2,2021-03-21,spatial,16.018724882951883,0.9544241459470668,14.222169822027118,18.04222211425739
53075,2021-04-18,3,2021-03-21,spatial,34.14390524492707,0.3400185820538741,33.47057685333953,34.83077899980203
53077,2021-03-28,0,2021-03-21,spatial,291.1637380950123,28.685254046985637,239.50833400176361,353.95980158601367
53077,2021-04-04,1,2021-03-21,spatial,291.12772392978457,30.48909544308777,236.2784075897031,358.709678574245
53077,2021-04-11,2,2021-03-21,spatial,290.9809518416331,30.55989122597728,236.29544104454789,358.32225099383237
53077,2021-04-18,3,2021-03-21,spatial,263.2731125255134,16.222030749863972,232.92417066573174,297.57638110620115
54001,2021-03-28,0,2021-03-21,spatial,12.015927250632934,0.890100814564472,10.369002808288194,13.924435199988062
54001,2021-04-04,1,2021-03-21,spatial,12.06329238101968,0.8950708600957439,10.401544656596359,13.990520434643418
54001,2021-04-11,2,2021-03-21,spatial,21.242651567307345,0.21942334857094584,20.808338097076824,21.68603006664032
54001,2021-04-18,3,2021-03-21,spatial,11.807324798804386,0.5246727729521469,10.80566558041348,12.90183541837192
54003,2021-03-28,0,2021-03-21,spatial,305.1042142269831,29.358957378460822,251.82024348924625,369.6628207852562
54003,2021-04-04,1,2021-03-21,spatial,279.50762407708703,11.225934420236714,257.99450772835684,302.81463200556095
54003,2021-04-11,2,2021-03-21,spatial,192.6855546573888,1.9231780365682525,188.87682565244145,196.57108724362786
54003,2021-04-18,3,2021-03-21,spatial,303.7887917993006,17.99496610090637,269.9209592580125,341.90612791451576
54005,2021-03-28,0,2021-03-21,spatial,36.920121792716365,1.2789661615171375,34.451106937669664,39.5660840638641
54005,2021-04-04,1,2021-03-21,spatial,34.10434402874895,1.0137589940998355,32.13833147362076,36.190624351047774
54005,2021-04-11,2,2021-03-21,spatial,37.386366566576534,0.3818235099384141,36.630548267823755,38.15778008100976
54005,2021-04-18,3,2021-03-21,spatial,37.3687314830861,0.3827433212146895,36.61083365488128,38.14231890534421
54007,2021-03-28,0,2021-03-21,spatial,24.921029271075266,1.458671927488464,22.175539674261824,28.006430014897212
54007,2021-04-04,1,2021-03-21,spatial,24.91972820128435,1.903150480723042,21.4088926112876,29.00630429144545
54007,2021-04-11,2,2021-03-21,spatial,25.023773657539515,2.1383650632638296,21.140912421951512,29.619783458994394
54007,2021-04-18,3,2021-03-21,spatial,24.39444403352784,0.8893474471021707,22.680723125896908,26.23765108377203
54009,2021-03-28,0,2021-03-21,spatial,10.018855601083112,0.8252991310549217,8.504811474467813,11.80243299415824
54009,2021-04-04,1,2021-03-21,spatial,9.960082076895393,0.4547610599283872,9.089635871041306,10.913884382821617
54009,2021-04-11,2,2021-03-21,spatial,10.000342092634334,0.6657283585067211,8.754536855151377,11.423430345246382
54009,2021-04-18,3,2021-03-21,spatial,9.969082514826727,0.284805908814134,9.415686582026233,10.55500364435847
54011,2021-03-28,0,2021-03-21,spatial,189.517238999072,8.487861631196512,173.25677449669945,207.30377777242748
54011,2021-04-04,1,2021-03-21,spatial,169.6050178451692,7.456151675336144,155.36180461023082,185.15401613947196
54011,2021-04-11,2,2021-03-21,spatial,167.42702693795457,10.670424727747852,147.42916406947955,190.13747738589828
54011,2021-04-18,3,2021-03-21,spatial,167.50954524354378,11.45667615514899,146.12898358936542,192.0183597974529
54013,2021-03-28,0,2021-03-21,spatial,2.704881090939144,0.02589995787685959,2.6535860336959662,2.7571677055933748
54013,2021-04-04,1,2021-03-21,spatial,2.7069672941418856,0.027431833523183492,2.652645779222345,2.7624012180405164
54013,2021-04-11,2,2021-03-21,spatial,2.706753718874654,0.026206762873089498,2.6548265834115488,2.7596965242177625
54013,2021-04-18,3,2021-03-21,spatial,3.9568961345322413,0.18092607836375085,3.610979722396236,4.335949859360116
54015,2021-03-28,0,2021-03-21,spatial,2.2716054176752785,0.05832437131650142,2.1581267454157103,2.3910510281997794
54015,2021-04-04,1,2021-03-21,spatial,3.000305308930173,0.2420373670516237,2.5589030133998043,3.517848038654105
54015,2021-04-11,2,2021-03-21,spatial,3.1922236378233926,0.12322957476588785,2.9552566110961767,3.448191847576508
54015,2021-04-18,3,2021-03-21,spatial,3.5567934106295382,0.11714223271335898,3.330236553356801,3.798762989717956
54017,2021-03-28,0,2021-03-21,spatial,8.974307233790913,0.7207268932030857,7.6501419289018395,10.527672698751218
54017,2021-04-04,1,2021-03-21,spatial,7.783427981445402,0.4874014967646319,6.8713932597086735,8.81651636758681
54017,2021-04-11,2,2021-03-21,spatial,9.676584693880963,0.0951976526415826,9.488106203377887,9.868807255183931
54017,2021-04-18,3,2021-03-21,spatial,8.999759009356511,0.8695827362426201,7.425488792983651,10.90778862975681
54019,2021-03-28,0,2021-03-21,spatial,68.07870060835594,2.2116162863983297,63.80220323233168,72.64184059044427
54019,2021-04-04,1,2021-03-21,spatial,62.9211819576214,1.811607390460357,59.399864268010724,66.65124891667854
54019,2021-04-11,2,2021-03-21,spatial,68.73002789230144,0.6998452703027586,67.34446050350425,70.1441024066223
54019,2021-04-18,3,2021-03-21,spatial,84.17403457815476,7.416731425271203,70.6434265759257,100.29621212596949
54021,2021-03-28,0,2021-03-21,spatial,1.9945291759486343,0.14095039872153872,1.731983565773298,2.2968731992177838
54021,2021-04-04,1,2021-03-21,spatial,2.3341871698789407,0.0838610047674498,2.172462028994145,2.5079516563749067
54021,2021-04-11,2,2021-03-21,spatial,1.9028698165024711,0.06145875120480485,1.7840618162996795,2.029589729164363
54021,2021-04-18,3,2021-03-21,spatial,2.028856785307799,0.08139932096464779,1.8730423092225152,2.197633142092835
54023,2021-03-28,0,2021-03-21,spatial,20.239406387176246,0.1940942654181705,19.85502988823145,20.631224088364142
54023,2021-04-04,1,2021-03-21,spatial,20.238703622846838,0.20438448306102636,19.834179602945675,20.65147803101476
54023,2021-04-11,2,2021-03-21,spatial,20.243304671311808,0.20757229430750213,19.832128429963298,20.663005761722623
54023,2021-04-18,3,2021-03-21,spatial,20.251447617537746,0.19755168618516375,19.8603398416526,20.65025744150352
54025,2021-03-28,0,2021-03-21,spatial,25.97140650551569,1.745696899721663,22.710199331489182,29.70092626793833
54025,2021-04-04,1,2021-03-21,spatial,29.820949043122734,1.092442508201959,27.709459971871237,32.093335732102645
54025,2021-04-11,2,2021-03-21,spatial,25.981342835198394,2.240974444630881,21.889833080188584,30.837611828618805
54025,2021-04-18,3,2021-03-21,spatial,25.88372091391945,1.9106756440731627,22.34234294655853,29.986425772453213
54027,2021-03-28,0,2021-03-21,spatial,19.029551132279057,1.507820776620642,16.247781357181992,22.287585506925467
54027,2021-04-04,1,2021-03-21,spatial,19.00622471805121,1.1647113822370605,16.81146781647895,21.48750971518199
54027,2021-04-11,2,2021-03-21,spatial,18.933368745061333,1.2393272924762857,16.611875959850618,21.579287788017464
54027,2021-04-18,3,2021-03-21,spatial,18.975867477386576,1.5413404630669632,16.142893420136012,22.3060102763352
54029,2021-03-28,0,2021-03-21,spatial,19.930809142785144,1.65291838571691,16.885220498589955,23.52573086737602
54029,2021-04-04,1,2021-03-21,spatial,19.97449291464889,1.5863434965923742,17.064729126050736,23.380410216314655
54029,2021-04-11,2,2021-03-21,spatial,20.46816169418675,1.1230388669048874,18.348526095636085,22.832659198659748
54029,2021-04-18,3,2021-03-21,spatial,15.285016728721953,0.8170299081308592,13.742478906785868,17.000698198775872
54031,2021-03-28,0,2021-03-21,spatial,44.527957748767264,1.1495617353819148,42.28935037147003,46.885066898867095
54031,2021-04-04,1,2021-03-21,spatial,41.05603574128085,3.579993787316523,34.528199906429485,48.81801180939805
54031,2021-04-11,2,2021-03-21,spatial,56.92044839996022,2.6598217078670543,51.85682996733636,62.47850954432247
54031,2021-04-18,3,2021-03-21,spatial,41.14685423346338,3.2110743261097614,35.256261739808295,48.02164295819893
54033,2021-03-28,0,2021-03-21,spatial,85.08999915755044,7.761450043854044,70.92911094211269,102.07808698661064
54033,2021-04-04,1,2021-03-21,spatial,84.94624490863339,5.265483924450788,75.09156680735376,96.09420645849235
54033,2021-04-11,2,2021-03-21,spatial,84.89860772326256,7.250117280672447,71.72353679934201,100.493839470205
54033,2021-04-18,3,2021-03-21,spatial,85.02081843239634,7.282573294373272,71.71386887817393,100.79695434078728
54035,2021-03-28,0,2021-03-21,spatial,42.94414732297223,2.6653212085163687,37.94122690799922,48.60675153623794
54035,2021-04-04,1,2021-03-21,spatial,42.64865870785663,1.727399530405239,39.33570398146296,46.240639049866765
54035,2021-04-11,2,2021-03-21,spatial,19.578953164152814,0.19518341012139825,19.192646229134265,19.973035631855176
54035,2021-04-18,3,2021-03-21,spatial,30.245794772189427,1.2597074656282372,27.831260000412804,32.869805441357386
54037,2021-03-28,0,2021-03-21,spatial,131.91193515792918,8.794818170225026,115.51272633952351,150.63932077894273
54037,2021-04-04,1,2021-03-21,spatial,70.18081616644638,0.6982820842641186,68.79877428009085,71.59062075345507
54037,2021-04-11,2,2021-03-21,spatial,137.61293904269928,11.825387029485993,115.98387111343348,163.27546934046342
54037,2021-04-18,3,2021-03-21,spatial,138.60527366128176,11.66921011472512,117.15770711157057,163.9791556216064
54039,2021-03-28,0,2021-03-21,spatial,337.31692389878333,34.845856313875245,274.9061161345865,413.8966013140015
54039,2021-04-04,1,2021-03-21,spatial,335.95721867572536,29.019970892025732,283.03633715220235,398.77301238404226
54039,2021-04-11,2,2021-03-21,spatial,222.43720224740972,2.1891005839897506,218.09920380669723,226.8614835820676
54039,2021-04-18,3,2021-03-21,spatial,222.27513605427777,2.262949348575418,217.79344669932166,226.8490482918721
54041,2021-03-28,0,2021-03-21,spatial,20.03347875281958,1.7345879554121852,16.85176438690634,23.815919907562385
54041,2021-04-04,1,2021-03-21,spatial,20.14545692612159,1.485276344568547,17.40360007614984,23.319280665291142
54041,2021-04-11,2,2021-03-21,spatial,19.094146638601863,0.6162973688635071,17.900584197368364,20.367292588698312
54041,2021-04-18,3,2021-03-21,spatial,20.055551292525404,1.4532849427801742,17.354316356957703,23.177238986187838
54043,2021-03-28,0,2021-03-21,spatial,22.6752799077487,1.1056006139296728,20.56391088750273,25.003430607512822
54043,2021-04-04,1,2021-03-21,spatial,24.029811055936452,1.929365149914118,20.470536858773393,28.207947029807702
54043,2021-04-11,2,2021-03-21,spatial,23.751393625186378,1.0877596404934078,21.677694702803574,26.02346360499235
54043,2021-04-18,3,2021-03-21,spatial,25.918977163405547,0.2554006052018878,25.413019596781176,26.435008033528906
54045,2021-03-28,0,2021-03-21,spatial,56.86379156796501,1.8880469246133376,53.2157581595085,60.761904054677345
54045,2021-04-04,1,2021-03-21,spatial,38.89680201159889,3.3359608942806154,32.81249485932753,46.1093011432332
54045,2021-04-11,2,2021-03-21,spatial,38.850250403543036,3.297571750910973,32.774616810141076,46.05216180440522
54045,2021-04-18,3,2021-03-21,spatial,38.95621752184383,4.063569407477103,31.660537238368157,47.9330742931964
54047,2021-03-28,0,2021-03-21,spatial,11.018277049528773,0.482870622491098,10.095703625910946,12.025157793716257
54047,2021-04-04,1,2021-03-21,spatial,11.021541523521838,0.4637216941838178,10.131866195949558,11.989338904147614
54047,2021-04-11,2,2021-03-21,spatial,11.000356584344521,0.7446806830229338,9.609140524941145,12.592993584457233
54047,2021-04-18,3,2021-03-21,spatial,11.057109523453297,1.0339388438136818,9.175781705717403,13.324169529606605
54049,2021-03-28,0,2021-03-21,spatial,64.25249973310912,5.6004772179680655,54.04756079525608,76.38427453909351
54049,2021-04-04,1,2021-03-21,spatial,64.07790138695339,5.2454141592378205,54.427319190441544,75.43964147470284
54049,2021-04-11,2,2021-03-21,spatial,64.05851070119202,4.83933412458067,55.19217628041593,74.34917536873417
54049,2021-04-18,3,2021-03-21,spatial,65.33654473344228,0.6598846571886122,64.03022835699053,66.6695119983755
54051,2021-03-28,0,2021-03-21,spatial,28.925724473793068,1.9384674807610665,25.311594903167702,33.05589946167635
54051,2021-04-04,1,2021-03-21,spatial,29.17547071151391,1.0145384090938412,27.21876295069972,31.272842662988246
54051,2021-04-11,2,2021-03-21,spatial,32.27126249920728,1.2453975221800933,29.876214679637265,34.85831101630666
54051,2021-04-18,3,2021-03-21,spatial,35.4928268062744,0.8766705099660916,33.78018534905445,37.29229847862433
54053,2021-03-28,0,2021-03-21,spatial,27.972923970678835,2.349398997583072,23.648817773488865,33.0876783340337
54053,2021-04-04,1,2021-03-21,spatial,28.17280162083198,1.6899813392350165,24.98765467970572,31.76395549484601
54053,2021-04-11,2,2021-03-21,spatial,27.93284224540624,2.1935526140128303,23.8748259971024,32.68060156758616
54053,2021-04-18,3,2021-03-21,spatial,28.897949818131337,1.6166320981324849,25.84860867077651,32.307019473561105
54055,2021-03-28,0,2021-03-21,spatial,45.8162503025929,3.5835266010324998,39.20079949919335,53.54811173769653
54055,2021-04-04,1,2021-03-21,spatial,46.119457507822816,3.599631345749766,39.447888466611865,53.91934634514443
54055,2021-04-11,2,2021-03-21,spatial,46.14969888557732,3.9165067260761863,38.98084058727217,54.636962034237605
54055,2021-04-18,3,2021-03-21,spatial,45.89210969491479,4.437601417402102,37.84919476003654,55.6441357762735
54057,2021-03-28,0,2021-03-21,spatial,15.017134736409444,1.106200629411493,12.96547081976078,17.39345518774119
54057,2021-04-04,1,2021-03-21,spatial,14.98342990629854,1.3164044251435931,12.58904058659919,17.833223287558628
54057,2021-04-11,2,2021-03-21,spatial,14.978686690433635,1.2638687461910971,12.67090091222687,17.706795793318452
54057,2021-04-18,3,2021-03-21,spatial,15.017069451129005,1.092206304212078,12.991023800494506,17.359091813183177
54059,2021-03-28,0,2021-03-21,spatial,50.23454861300978,3.749512649099598,43.28977947887581,58.293433339946745
54059,2021-04-04,1,2021-03-21,spatial,46.48691071724724,1.870479342931317,42.900694045754854,50.37291158340028
54059,2021-04-11,2,2021-03-21,spatial,42.93685256009691,0.4230772181786791,42.099080406366284,43.79129638871429
54059,2021-04-18,3,2021-03-21,spatial,42.93915542897403,0.4283343479037913,42.09075018455157,43.80466161494797
54061,2021-03-28,0,2021-03-21,spatial,167.47072146149083,14.18420740952356,141.4045506919691,198.34186671918118
54061,2021-04-04,1,2021-03-21,spatial,153.66958760636214,3.2384343011108228,147.32752114671388,160.28466352592343
54061,2021-04-11,2,2021-03-21,spatial,153.80795797871062,3.0813254513614736,147.76733482434125,160.09551749514188
54061,2021-04-18,3,2021-03-21,spatial,153.50811269490802,3.0870993487221687,147.44561826085533,159.81987760031444
54063,2021-03-28,0,2021-03-21,spatial,10.849331677047463,0.2799804215444341,10.303931231705594,11.423600875401174
54063,2021-04-04,1,2021-03-21,spatial,14.955946675979712,0.14504645514939807,14.6686086106059,15.248913302725944
54063,2021-04-11,2,2021-03-21,spatial,11.951437479634498,0.8945513998238002,10.295330277068997,13.873946146997895
54063,2021-04-18,3,2021-03-21,spatial,11.95579831073169,0.8671126108045083,10.346118011764652,13.815917533934494
54065,2021-03-28,0,2021-03-21,spatial,38.59784869574146,0.385685248370706,37.83436147238724,39.37674288560813
54065,2021-04-04,1,2021-03-21,spatial,38.62167606627125,0.3791952241907223,37.870564266731854,39.387685159958004
54065,2021-04-11,2,2021-03-21,spatial,12.723298944113289,0.1301922519175348,12.465537422121987,12.986390441056276
54065,2021-04-18,3,2021-03-21,spatial,45.20942406276911,3.723930301353016,38.37755172064858,53.257488621599464
54067,2021-03-28,0,2021-03-21,spatial,54.815804409467724,3.9301146842537897,47.549898686794116,63.191983496097905
54067,2021-04-04,1,2021-03-21,spatial,54.91475389384078,3.316022670018453,48.68006485807563,61.947949412414
54067,2021-04-11,2,2021-03-21,spatial,55.031826120183936,4.523754140251427,46.7410152546481,64.79324143095062
54067,2021-04-18,3,2021-03-21,spatial,55.14570045323473,3.730747166455712,48.19482794422101,63.099058720522784
54069,2021-03-28,0,2021-03-21,spatial,73.16600740445567,4.233236504267582,65.22569123695763,82.07294607367288
54069,2021-04-04,1,2021-03-21,spatial,64.07778809718407,4.53189786970212,55.655470533780225,73.7746512256239
54069,2021-04-11,2,2021-03-21,spatial,63.082703270555534,3.0099084704784493,57.356814886948726,69.38020285408939
54069,2021-04-18,3,2021-03-21,spatial,54.49535302703577,2.9184490902969227,49.009183963972646,60.59565292342673
54071,2021-03-28,0,2021-03-21,spatial,17.998035621850054,1.6736412293969816,14.947903207300453,21.67055016031805
54071,2021-04-04,1,2021-03-21,spatial,7.776138391582032,0.2641610151904611,7.2672921287504915,8.320613402317253
54071,2021-04-11,2,2021-03-21,spatial,17.09983455119927,0.7982689613912739,15.5772954593989,18.771188005037146
54071,2021-04-18,3,2021-03-21,spatial,6.558495475904702,0.06631077987139336,6.427182858983415,6.6924909172828375
54073,2021-03-28,0,2021-03-21,spatial,2.0051528900319004,0.16951762269241535,1.694995568432875,2.3720640851707966
54073,2021-04-04,1,2021-03-21,spatial,2.0030004620965447,0.15030332893857815,1.7250522538228992,2.3257329407082765
54073,2021-04-11,2,2021-03-21,spatial,1.9944504543338117,0.15639257794864966,1.7055910810313868,2.3322311303286813
54073,2021-04-18,3,2021-03-21,spatial,2.0016255165214387,0.14724819625006555,1.729382473022366,2.3167256352423435
54075,2021-03-28,0,2021-03-21,spatial,8.99474167341686,0.8527736137778481,7.440998723387481,10.872919184519107
54075,2021-04-04,1,2021-03-21,spatial,9.003950525487532,0.670096676442212,7.763489317439826,10.442614364562834
54075,2021-04-11,2,2021-03-21,spatial,9.018891329817032,0.7403865176728212,7.653757373995272,10.627512324262387
54075,2021-04-18,3,2021-03-21,spatial,9.895858246472349,0.5109500016930587,8.93039842804544,10.96569332525379
54077,2021-03-28,0,2021-03-21,spatial,43.43343547288612,2.031668083432132,39.565242676593925,47.679811606295516
54077,2021-04-04,1,2021-03-21,spatial,43.6336186894906,2.0538886169406743,39.73210770600145,47.91824018065582
54077,2021-04-11,2,2021-03-21,spatial,44.010713760147645,3.7195376669232703,37.22212784396528,52.03740457282001
54077,2021-04-18,3,2021-03-21,spatial,43.85525063078378,4.506350389123156,35.759390854992965,53.783998046496905
54079,2021-03-28,0,2021-03-21,spatial,101.14932526521058,8.064752048091725,86.30335950756813,118.54910469284994
54079,2021-04-04,1,2021-03-21,spatial,100.79514633847552,7.7869432928873215,86.40734168345898,117.57868402679456
54079,2021-04-11,2,2021-03-21,spatial,85.75307490270689,3.16846847664124,79.65712637942984,92.31553019176201
54079,2021-04-18,3,2021-03-21,spatial,100.7997139919188,8.57842708059466,85.09966360496256,119.3962691558762
54081,2021-03-28,0,2021-03-21,spatial,243.9775426905509,20.783982059057568,205.86095916026588,289.1516758696265
54081,2021-04-04,1,2021-03-21,spatial,144.18789789707614,1.4471923646947111,141.32330124911357,147.11055937853038
54081,2021-04-11,2,2021-03-21,spatial,255.99130297694316,10.837314212000956,235.29928100043296,278.5029640601091
54081,2021-04-18,3,2021-03-21,spatial,256.7327398063973,11.190944402091516,235.32075190450783,280.09301838048685
54083,2021-03-28,0,2021-03-21,spatial,12.963290662701835,1.1275229670152929,10.906221556626788,15.40835237329143
54083,2021-04-04,1,2021-03-21,spatial,12.985727001197723,1.1052525409985234,10.962516619131891,15.382335243655872
54083,2021-04-11,2,2021-03-21,spatial,13.088318002935456,0.9837228161424564,11.257311799033806,15.217138088035107
54083,2021-04-18,3,2021-03-21,spatial,12.97514720881144,1.0551769514655842,11.022578379237236,15.273599270334914
54085,2021-03-28,0,2021-03-21,spatial,4.012494656601231,0.23479196587182416,3.5719547439165305,4.5073676805883
54085,2021-04-04,1,2021-03-21,spatial,4.0041292060546185,0.3806513454607427,3.317898541775252,4.8322908301472856
54085,2021-04-11,2,2021-03-21,spatial,4.080277456910117,0.1498628706452982,3.791246740275117,4.391342813040113
54085,2021-04-18,3,2021-03-21,spatial,4.368679560657649,0.28124611568098035,3.840854180817929,4.969040792807082
54087,2021-03-28,0,2021-03-21,spatial,8.024885355217206,0.5819033738829044,6.94488573309263,9.272835787278266
54087,2021-04-04,1,2021-03-21,spatial,9.361965023859133,0.2872549930098329,8.804800319108695,9.9543869175257
54087,2021-04-11,2,2021-03-21,spatial,9.367422617693462,0.2916931548906238,8.802365596553667,9.968752778552014
54087,2021-04-18,3,2021-03-21,spatial,9.357616109724564,0.2935744937298304,8.787968007261501,9.964189581097896
54089,2021-03-28,0,2021-03-21,spatial,12.000967381862125,0.975998762321224,10.211371626924562,14.104199059876471
54089,2021-04-04,1,2021-03-21,spatial,11.980267534447169,1.0382320141630998,10.084161373118306,14.232895020852522
54089,2021-04-11,2,2021-03-21,spatial,12.026992382453887,0.8368230042571476,10.463222464978553,13.824473889545686
54089,2021-04-18,3,2021-03-21,spatial,5.906158958022188,0.05764938027159321,5.792037785143894,6.022528673223968
54091,2021-03-28,0,2021-03-21,spatial,22.961431563184146,1.981909094916316,19.347739577626236,27.25007421747995
54091,2021-04-04,1,2021-03-21,spatial,18.37402234738589,0.1882998811823552,18.001452531579574,18.754303111372987
54091,2021-04-11,2,2021-03-21,spatial,18.37332151472323,0.18162238597159508,18.01370370532562,18.740118578923266
54091,2021-04-18,3,2021-03-21,spatial,23.45955177366407,0.9549956860412564,21.6288841804747,25.44516697343313
54093,2021-03-28,0,2021-03-21,spatial,2.9031482614637767,0.07801159549117284,2.751254763993724,3.0634276179519153
54093,2021-04-04,1,2021-03-21,spatial,4.009400958325121,0.3251125447908041,3.4128223520678853,4.71026452193684
54093,2021-04-11,2,2021-03-21,spatial,4.016961243984033,0.3216703678078956,3.424234170299961,4.71228801336804
54093,2021-04-18,3,2021-03-21,spatial,3.972540396976476,0.392151629294472,3.2650164795174588,4.833383630560517
54095,2021-03-28,0,2021-03-21,spatial,10.038607557665417,0.3164589632794426,9.426555429915132,10.690399313519393
54095,2021-04-04,1,2021-03-21,spatial,9.407021579140462,0.35876738877798625,8.716944953926294,10.151728094893572
54095,2021-04-11,2,2021-03-21,spatial,9.0118456595763,0.9382592598827152,7.323167623669662,11.089922608015888
54095,2021-04-18,3,2021-03-21,spatial,8.830851008694898,0.5413478565695151,7.814284447382245,9.97966353322242
54097,2021-03-28,0,2021-03-21,spatial,32.03908504183239,2.343846329159525,27.69171566165565,37.068955309950425
54097,2021-04-04,1,2021-03-21,spatial,31.967566956638517,2.429743001538714,27.474311021960286,37.19566748408501
54097,2021-04-11,2,2021-03-21,spatial,32.01417798765565,3.1055112051128013,26.38493345018804,38.844425897841
54097,2021-04-18,3,2021-03-21,spatial,31.989008526220356,2.23954809423235,27.84092826406089,36.75512025982068
54099,2021-03-28,0,2021-03-21,spatial,61.25001561624531,5.4372748409929565,51.29180318740861,73.14159728958894
54099,2021-04-04,1,2021-03-21,spatial,51.11036999036646,2.1146492994848507,47.05276470941515,55.517883735096284
54099,2021-04-11,2,2021-03-21,spatial,60.91445459967129,4.007203814597986,53.43985716833663,69.43451902363887
54099,2021-04-18,3,2021-03-21,spatial,61.02884555307561,4.575453717527815,52.60665831580445,70.79940275206975
54101,2021-03-28,0,2021-03-21,spatial,28.855547869852032,2.4534764180229764,24.329400565974712,34.2237220605342
54101,2021-04-04,1,2021-03-21,spatial,15.66682876623942,0.1490974813566714,15.371252386825436,15.968088833219571
54101,2021-04-11,2,2021-03-21,spatial,28.99916302218201,2.2556139878759542,24.859717921436246,33.82787602999894
54101,2021-04-18,3,2021-03-21,spatial,28.8750400691483,2.6764691533483322,24.012498825541204,34.722247986455784
54103,2021-03-28,0,2021-03-21,spatial,25.045354323955664,0.948805819377318,23.221989538466282,27.011887684017676
54103,2021-04-04,1,2021-03-21,spatial,21.569203243035272,0.2144891737946564,21.144430196922308,22.002509606859988
54103,2021-04-11,2,2021-03-21,spatial,24.95958584486464,1.2922510500211333,22.508637125150948,27.67741654384993
54103,2021-04-18,3,2021-03-21,spatial,25.043741571240968,1.9779247697345408,21.394968172753273,29.31478966562968
54105,2021-03-28,0,2021-03-21,spatial,3.0647081281876103,0.03139040334119342,3.00256878763659,3.1281334668013616
54105,2021-04-04,1,2021-03-21,spatial,3.0653980761044424,0.029967343586264406,3.0060565992924437,3.1259109915616943
54105,2021-04-11,2,2021-03-21,spatial,3.0649024354614736,0.03141703386244383,3.0026835757295087,3.1284105374358244
54105,2021-04-18,3,2021-03-21,spatial,3.064842807994302,0.03033565603851975,3.0048011917801234,3.1260841693654906
54107,2021-03-28,0,2021-03-21,spatial,96.05494058247278,2.3707875934920524,91.41967663747852,100.92522692778644
54107,2021-04-04,1,2021-03-21,spatial,110.93944706491399,7.768172270418166,96.47786251176693,127.5687561337479
54107,2021-04-11,2,2021-03-21,spatial,111.25856103287559,8.772061370273969,95.10352162886312,130.15782371774282
54107,2021-04-18,3,2021-03-21,spatial,111.0472149661828,7.649329302955683,96.77555458962463,127.42354207151894
54109,2021-03-28,0,2021-03-21,spatial,21.069695113730873,1.8617667935018716,17.685876106292092,25.10093644881053
54109,2021-04-04,1,2021-03-21,spatial,21.03811142487321,1.8450604512036692,17.661029265281197,25.060947789462475
54109,2021-04-11,2,2021-03-21,spatial,18.295869369527413,0.9694080867592152,16.4621290997379,20.333872608989612
54109,2021-04-18,3,2021-03-21,spatial,20.97673686733565,1.9319118485208708,17.47862776582174,25.174944823865086
55001,2021-03-28,0,2021-03-21,spatial,10.01774881866034,0.8879824651625066,8.395762975266921,11.953087728823132
55001,2021-04-04,1,2021-03-21,spatial,9.789878845238624,0.2798959603689545,9.246223096968183,10.365500247974444
55001,2021-04-11,2,2021-03-21,spatial,10.01848042490306,0.7338791642825155,8.659522425185227,11.590702708067512
55001,2021-04-18,3,2021-03-21,spatial,10.016154116166422,0.7483133869133074,8.632899092020953,11.621048990543914
55003,2021-03-28,0,2021-03-21,spatial,10.978470222107156,0.7091605743809466,9.648073495952145,12.492318644572991
55003,2021-04-04,1,2021-03-21,spatial,10.952494220004745,1.021458808227495,9.091600891070543,13.194280201746992
55003,2021-04-11,2,2021-03-21,spatial,6.698667529942108,0.06731558499301526,6.565385506591767,6.8346552737304185
55003,2021-04-18,3,2021-03-21,spatial,10.97303710937726,0.8301618029957397,9.446042601093332,12.74687702444131
55005,2021-03-28,0,2021-03-21,spatial,15.985823749050324,1.0575434905004486,14.012937107978082,18.236473836038943
55005,2021-04-04,1,2021-03-21,spatial,16.008691864501582,0.8596722491465433,14.385799072003893,17.814666667442918
55005,2021-04-11,2,2021-03-21,spatial,15.99265589475364,1.0954053138714686,13.959007953229639,18.32258018800132
55005,2021-04-18,3,2021-03-21,spatial,15.98342851895574,1.4026248601053768,13.424091939781935,19.03070899443777
55007,2021-03-28,0,2021-03-21,spatial,10.963425995105274,0.3768930807581254,10.235300762226123,11.743349056604359
55007,2021-04-04,1,2021-03-21,spatial,6.588456394003785,0.15179452309507102,6.2921967420288265,6.898665034700291
55007,2021-04-11,2,2021-03-21,spatial,12.0472549961394,1.054247719671668,10.124907872551344,14.334585042049696
55007,2021-04-18,3,2021-03-21,spatial,11.985139734721065,0.9790953423389354,10.189036336582934,14.097856727141972
55009,2021-03-28,0,2021-03-21,spatial,209.13537143659187,14.861913838071244,181.61500259863558,240.82593926769474
55009,2021-04-04,1,2021-03-21,spatial,210.6448520433412,18.093257718989587,177.48788579388568,249.9959560276067
55009,2021-04-11,2,2021-03-21,spatial,209.98434941706645,16.119379413910266,180.20217796828965,244.6886463706773
55009,2021-04-18,3,2021-03-21,spatial,210.15909127364102,19.36357482897576,174.94657268433812,252.45903916422697
55011,2021-03-28,0,2021-03-21,spatial,1.0002201504939559,0.05417376005387863,0.8978410934891146,1.1142732903506622
55011,2021-04-04,1,2021-03-21,spatial,0.994464120238706,0.0667637417482598,0.8695033140799964,1.1373836883974853
55011,2021-04-11,2,2021-03-21,spatial,0.9981268203735372,0.09504219290591613,0.8257113662043661,1.2065440665163505
55011,2021-04-18,3,2021-03-21,spatial,0.997940176519726,0.0802655079719112,0.8493824686221583,1.1724807524314866
55013,2021-03-28,0,2021-03-21,spatial,0.999615145773312,0.060489776637103664,0.8857206598076862,1.1281552807815949
55013,2021-04-04,1,2021-03-21,spatial,0.9984696481061536,0.08905056969877105,0.8363621743778588,1.191997520608601
55013,2021-04-11,2,2021-03-21,spatial,0.9959016682626822,0.09366217855041492,0.8256032000212333,1.2013278689119489
55013,2021-04-18,3,2021-03-21,spatial,0.9967382122878012,0.0743939003391463,0.8592357390880986,1.1562450427039541
55015,2021-03-28,0,2021-03-21,spatial,55.93658358026847,4.0383163622565945,48.43628179495693,64.59829835572008
55015,2021-04-04,1,2021-03-21,spatial,55.963416518930075,4.134115692259826,48.30372287416206,64.83773510854024
55015,2021-04-11,2,2021-03-21,spatial,56.185830681019354,5.672121725429297,46.012622843398454,68.60829429481424
55015,2021-04-18,3,2021-03-21,spatial,55.80727297283183,5.6479284956554725,45.6377809536036,68.24283853394158
55017,2021-03-28,0,2021-03-21,spatial,24.97395279590385,2.1697818742164827,21.016751881431784,29.67624691820571
55017,2021-04-04,1,2021-03-21,spatial,24.893933318873998,2.366874872295417,20.599383419719924,30.08380898873384
55017,2021-04-11,2,2021-03-21,spatial,25.09260067222913,1.4083427393918362,22.432536953710297,28.06809634573289
55017,2021-04-18,3,2021-03-21,spatial,24.986383325849943,1.954080483486429,21.377784297391262,29.204118772145076
55019,2021-03-28,0,2021-03-21,spatial,4.005178533506319,0.3018560328791369,3.4464881756470658,4.6544349690821445
55019,2021-04-04,1,2021-03-21,spatial,4.004732370710396,0.33919261594482525,3.3804308931997404,4.7443304914998805
55019,2021-04-11,2,2021-03-21,spatial,3.993351116859812,0.34290177910971303,3.36622103133811,4.737316116222606
55019,2021-04-18,3,2021-03-21,spatial,3.983580073082367,0.4305993300612904,3.2136871574427546,4.937913810903228
55021,2021-03-28,0,2021-03-21,spatial,34.957878825590484,2.3186331390389965,30.6256040050001,39.90299397148701
55021,2021-04-04,1,2021-03-21,spatial,34.86070144092348,2.975316184175857,29.37839692546845,41.366059150071415
55021,2021-04-11,2,2021-03-21,spatial,35.000931568368436,2.404810392741537,30.517071037414603,40.14360385869447
55021,2021-04-18,3,2021-03-21,spatial,35.115692092532115,3.6954502387354666,28.511826088062048,43.24913554568253
55023,2021-03-28,0,2021-03-21,spatial,4.775424810775092,0.09025253784623324,4.598179506697967,4.959502361782034
55023,2021-04-04,1,2021-03-21,spatial,7.986823415513605,0.6837948612266977,6.736271863738088,9.4695329346756
55023,2021-04-11,2,2021-03-21,spatial,8.020809618786828,0.7689107031108773,6.631995216737133,9.70045737947239
55023,2021-04-18,3,2021-03-21,spatial,7.9805494941224655,0.6547838066085784,6.7810402928672735,9.39224182093869
55025,2021-03-28,0,2021-03-21,spatial,311.4760624844721,24.38850697811111,266.5104729633137,364.0282365720977
55025,2021-04-04,1,2021-03-21,spatial,310.94523865595363,22.372438749380738,269.50098628674846,358.7628482366042
55025,2021-04-11,2,2021-03-21,spatial,311.55030538138857,28.049520411272532,260.51716941707383,372.5804061222658
55025,2021-04-18,3,2021-03-21,spatial,311.5660042556307,25.96746092925209,263.91494516655763,367.820681570558
55027,2021-03-28,0,2021-03-21,spatial,54.90807371807928,4.279331046787757,47.018639299020826,64.12130602624254
55027,2021-04-04,1,2021-03-21,spatial,55.03379729407886,5.409352126595658,45.311668666264104,66.84191807000775
55027,2021-04-11,2,2021-03-21,spatial,54.85175030094621,3.6445562170225085,48.06540603491325,62.59625704382717
55027,2021-04-18,3,2021-03-21,spatial,55.077543327955944,4.092879285952871,47.49543864102323,63.870044489339826
55029,2021-03-28,0,2021-03-21,spatial,44.0065981085475,2.356966741940577,39.563600141920396,48.94854538364604
55029,2021-04-04,1,2021-03-21,spatial,44.03689477079912,3.0061527751221933,38.447070699738326,50.43942401228588
55029,2021-04-11,2,2021-03-21,spatial,44.02681842795574,3.61794924562026,37.40857410902797,51.81594827000878
55029,2021-04-18,3,2021-03-21,spatial,41.91255536459993,1.6730252502202383,38.697488558271715,45.39473652264087
55031,2021-03-28,0,2021-03-21,spatial,29.691776153312894,0.30483883506120396,29.088280515764357,30.30779253729547
55031,2021-04-04,1,2021-03-21,spatial,29.69544315473404,0.2955945418105178,29.110051765643156,30.292606528333245
55031,2021-04-11,2,2021-03-21,spatial,58.176726970458276,3.2912631899077187,52.00305966442972,65.08331592093377
55031,2021-04-18,3,2021-03-21,spatial,58.17303050783546,3.3170569375286503,51.92823947963127,65.16880819333305
55033,2021-03-28,0,2021-03-21,spatial,52.04452003907893,3.138186532028016,46.140154892855854,58.704442418711565
55033,2021-04-04,1,2021-03-21,spatial,51.98276493146679,3.4633548536803755,45.51263020776574,59.37270242533823
55033,2021-04-11,2,2021-03-21,spatial,52.080587122537224,4.129298714445484,44.458108172682934,61.009963458022305
55033,2021-04-18,3,2021-03-21,spatial,52.0179137724369,5.071342682522237,42.83780431663178,63.16531382506289
55035,2021-03-28,0,2021-03-21,spatial,62.981691658907096,5.274169933794144,53.282269384855844,74.44678182842345
55035,2021-04-04,1,2021-03-21,spatial,63.20009381306605,4.785761705648786,54.33753434439449,73.50815428364024
55035,2021-04-11,2,2021-03-21,spatial,62.95258972113776,4.540751598522629,54.52934518020898,72.67698776687774
55035,2021-04-18,3,2021-03-21,spatial,62.92407565400836,5.939433237921407,52.24116179901912,75.79156283208295
55037,2021-03-28,0,2021-03-21,spatial,4.9991429854723135,0.32838680595402586,4.387040473426477,5.696649196782451
55037,2021-04-04,1,2021-03-21,spatial,4.999793834208578,0.2975843770408843,4.441617014465906,5.6281165852828625
55037,2021-04-11,2,2021-03-21,spatial,4.993202306844315,0.418139615249929,4.228687289579722,5.895935918106948
55037,2021-04-18,3,2021-03-21,spatial,4.742700478995991,0.28644449631588725,4.204861341923584,5.3493340218393275
55039,2021-03-28,0,2021-03-21,spatial,53.948402638596065,3.9694983066518663,46.59242898198679,62.465731253918676
55039,2021-04-04,1,2021-03-21,spatial,54.01630645027415,3.808332134094063,46.92849908433681,62.17461498792704
55039,2021-04-11,2,2021-03-21,spatial,54.01565821375237,3.6057435589353073,47.29843486966198,61.6868473619699
55039,2021-04-18,3,2021-03-21,spatial,54.30990073219007,5.050215448056717,45.19710107151104,65.26005534898192
55041,2021-03-28,0,2021-03-21,spatial,0.998624063981556,0.060932031358429464,0.8844522109400891,1.1275340926595192
55041,2021-04-04,1,2021-03-21,spatial,1.0005882715032242,0.0604986614934766,0.8865359483883848,1.1293133582341788
55041,2021-04-11,2,2021-03-21,spatial,0.9957508900212796,0.061663023171386284,0.8799089266058584,1.1268437050671116
55041,2021-04-18,3,2021-03-21,spatial,2.7233533262659066,0.02655961622152788,2.6707600753669944,2.7769822561333752
55043,2021-03-28,0,2021-03-21,spatial,23.97911742809865,1.4438184867565556,21.262727453113484,27.042536001012802
55043,2021-04-04,1,2021-03-21,spatial,23.963922573739875,1.895470159478684,20.46454786578867,28.06167958786068
55043,2021-04-11,2,2021-03-21,spatial,24.079727505477518,1.4589326693494078,21.33528140070798,27.177203142903466
55043,2021-04-18,3,2021-03-21,spatial,24.124220234903078,1.871554646811516,20.65217727551804,28.17998287434848
55045,2021-03-28,0,2021-03-21,spatial,62.911047086836994,6.65936049809304,51.03574641453825,77.54956326914396
55045,2021-04-04,1,2021-03-21,spatial,62.97559136284063,5.891399468890842,52.274694149985294,75.86701695701079
55045,2021-04-11,2,2021-03-21,spatial,63.166239794777276,5.3749694874826925,53.313286789093425,74.84014004980756
55045,2021-04-18,3,2021-03-21,spatial,63.08045772125665,4.408071952659658,54.90687717318009,72.47077872909713
55047,2021-03-28,0,2021-03-21,spatial,9.999029936361216,0.8670965677349871,8.41203883691279,11.885418221029106
55047,2021-04-04,1,2021-03-21,spatial,8.74309889840741,0.3496647867321261,8.072157005630148,9.469808168252484
55047,2021-04-11,2,2021-03-21,spatial,8.704442267026336,0.3691131446758458,7.998574920706894,9.472601798583696
55047,2021-04-18,3,2021-03-21,spatial,9.967368375113118,0.7834379581764959,8.524798964341969,11.654049877394831
55049,2021-03-28,0,2021-03-21,spatial,18.20765706054725,0.18888988540602544,17.833889795364886,18.589257836541048
55049,2021-04-04,1,2021-03-21,spatial,12.739212889814553,0.5781635727885014,11.634072401573178,13.949332568196194
55049,2021-04-11,2,2021-03-21,spatial,12.738446568948572,0.5669049038935922,11.655567240455394,13.921932553118515
55049,2021-04-18,3,2021-03-21,spatial,13.000033049298473,1.029270629702294,11.109289577266448,15.212571254663155
55051,2021-03-28,0,2021-03-21,spatial,5.991947047450912,0.3566389490021737,5.320794176994554,6.747757613833455
55051,2021-04-04,1,2021-03-21,spatial,5.986908427320148,0.4096181789322956,5.225708364515651,6.858988297262004
55051,2021-04-11,2,2021-03-21,spatial,6.001424264515673,0.4835274953390582,5.109959191040568,7.048411123491403
55051,2021-04-18,3,2021-03-21,spatial,5.98641263520285,0.4642200736476672,5.125999950925436,6.991247870075843
55053,2021-03-28,0,2021-03-21,spatial,6.875423904899727,0.14279153756892146,6.595654795683875,7.167060032159438
55053,2021-04-04,1,2021-03-21,spatial,6.769952778098276,0.21454583608345495,6.353910596564103,7.213236623515678
55053,2021-04-11,2,2021-03-21,spatial,5.007803621931752,0.3882698366425119,4.2904438068892965,5.845105598531347
55053,2021-04-18,3,2021-03-21,spatial,4.977235409436907,0.4001536155123418,4.240845206710931,5.841494115783974
55055,2021-03-28,0,2021-03-21,spatial,100.04753661004071,8.795356277638136,84.03420489261138,119.11232568367537
55055,2021-04-04,1,2021-03-21,spatial,99.84247309360872,7.487615807721574,85.98577540702875,115.93219211270987
55055,2021-04-11,2,2021-03-21,spatial,100.00836029085986,6.232699420254903,88.3630241325037,113.18843177060741
55055,2021-04-18,3,2021-03-21,spatial,99.66140043684558,9.214062309005984,82.93020101007866,119.76812567747407
55057,2021-03-28,0,2021-03-21,spatial,10.318860580994755,0.424963991272824,9.503865320289805,11.20374501337741
55057,2021-04-04,1,2021-03-21,spatial,9.94279358515498,0.7364603555227482,8.5858308343571,11.514219903029515
55057,2021-04-11,2,2021-03-21,spatial,9.392194130944992,0.21484352672916052,8.972245539232588,9.831798540023303
55057,2021-04-18,3,2021-03-21,spatial,10.005175878527645,0.3895708431790431,9.256677909661938,10.814197635178086
55059,2021-03-28,0,2021-03-21,spatial,106.15913491334983,6.490806371291428,93.9848639637907,119.91039248503547
55059,2021-04-04,1,2021-03-21,spatial,106.30559648598947,9.355277128854773,89.26702309032544,126.59635611245987
55059,2021-04-11,2,2021-03-21,spatial,105.88559048035043,9.322701581760024,88.88544276886768,126.1371707460225
55059,2021-04-18,3,2021-03-21,spatial,106.61110887863217,11.805273797612116,85.71675897931584,132.59867348780944
55061,2021-03-28,0,2021-03-21,spatial,6.998265927412138,0.3361328299909979,6.358205560025593,7.702759139888602
55061,2021-04-04,1,2021-03-21,spatial,6.9645657171061375,0.6682270266415232,5.7581046171007815,8.423809370159129
55061,2021-04-11,2,2021-03-21,spatial,7.014043936852567,0.6008721674269034,5.918196584626169,8.312804693899134
55061,2021-04-18,3,2021-03-21,spatial,6.988471974538354,0.6101910549876868,5.872979689369972,8.315836785082977
55063,2021-03-28,0,2021-03-21,spatial,67.19256600676887,5.819397024358528,56.55202719005061,79.83517392579523
55063,2021-04-04,1,2021-03-21,spatial,67.06887241655532,6.318144241655905,55.58967596429574,80.91850814380194
55063,2021-04-11,2,2021-03-21,spatial,67.03314952337793,6.281218391140031,55.638886851792876,80.76083813453842
55063,2021-04-18,3,2021-03-21,spatial,66.62695567139843,5.647867178541403,56.23905248499371,78.93360620225587
55065,2021-03-28,0,2021-03-21,spatial,5.587178907249472,0.28371073142276204,5.05009786444957,6.181378852351376
55065,2021-04-04,1,2021-03-21,spatial,5.4811062801631385,0.09291302832234424,5.298535347601164,5.669968035231682
55065,2021-04-11,2,2021-03-21,spatial,5.965798491262675,0.5993598243847879,4.888649459882077,7.280283016899014
55065,2021-04-18,3,2021-03-21,spatial,5.948343723621233,0.6396683539911872,4.801503449124811,7.369107078490893
55067,2021-03-28,0,2021-03-21,spatial,1.9959440129331103,0.22984435361534666,1.5892441973832754,2.50672143986615
55067,2021-04-04,1,2021-03-21,spatial,2.000385541732397,0.12494731321456695,1.766279598828412,2.2655203163906057
55067,2021-04-11,2,2021-03-21,spatial,2.0003574907528168,0.20894301318306446,1.6245659808629682,2.4630763772889983
55067,2021-04-18,3,2021-03-21,spatial,2.0010437776939023,0.20530647419503686,1.633945043345319,2.4506186524176976
55069,2021-03-28,0,2021-03-21,spatial,13.956336694498699,1.3478535333278212,11.511138708751593,16.920944040238663
55069,2021-04-04,1,2021-03-21,spatial,13.969972336788626,1.5100532080180236,11.291947358969427,17.283124060582853
55069,2021-04-11,2,2021-03-21,spatial,13.999418711899054,1.2603418947407208,11.702717565401148,16.746855862820393
55069,2021-04-18,3,2021-03-21,spatial,14.008477387008588,1.5268740192289632,11.269688639492495,17.412853627087255
55071,2021-03-28,0,2021-03-21,spatial,36.94125029791416,3.0598001377212416,31.34979985102082,43.52997403677863
55071,2021-04-04,1,2021-03-21,spatial,36.93136702254589,3.012936901685903,31.40304695613278,43.43291503080166
55071,2021-04-11,2,2021-03-21,spatial,37.08387065148485,4.101499464108639,29.741851606519308,46.238327078285124
55071,2021-04-18,3,2021-03-21,spatial,36.83595607935696,4.025354999910794,29.67869286160718,45.719252751714194
55073,2021-03-28,0,2021-03-21,spatial,46.90738356406408,4.215548942091468,39.26800916100235,56.032956084042674
55073,2021-04-04,1,2021-03-21,spatial,47.01308264417876,3.65990912505188,40.266906691986115,54.88948919307622
55073,2021-04-11,2,2021-03-21,spatial,47.066827167109864,3.6970409474657138,40.25381346778651,55.032952874176615
55073,2021-04-18,3,2021-03-21,spatial,47.02742328165957,3.782914448324154,40.07476226723557,55.18631715803154
55075,2021-03-28,0,2021-03-21,spatial,15.023749103990113,1.1376339187235165,12.91480752314759,17.477073253712184
55075,2021-04-04,1,2021-03-21,spatial,15.024888255968802,1.291838810127209,12.658697596921218,17.833372302001614
55075,2021-04-11,2,2021-03-21,spatial,14.761975564411307,0.7975960089852517,13.257251328169355,16.437488976409696
55075,2021-04-18,3,2021-03-21,spatial,13.288927955452815,0.6959734911147191,11.970441622778495,14.752639189950388
55077,2021-03-28,0,2021-03-21,spatial,2.9994992058974463,0.2325621266721916,2.5688509713046304,3.502342326075127
55077,2021-04-04,1,2021-03-21,spatial,2.9923540442412198,0.23459357436216444,2.5598792677628457,3.4978925915955825
55077,2021-04-11,2,2021-03-21,spatial,3.010641288895638,0.2232890181277984,2.5981019031815182,3.48868570524654
55077,2021-04-18,3,2021-03-21,spatial,2.99582940450598,0.2242086142331728,2.5799586903585534,3.4787354752782265
55078,2021-03-28,0,2021-03-21,spatial,0.8607701277531509,0.008335470695744992,0.8442571184692885,0.8776061185904334
55078,2021-04-04,1,2021-03-21,spatial,0.861067909418484,0.008849266995610424,0.8435412008281326,0.8789587798467037
55078,2021-04-11,2,2021-03-21,spatial,0.9968340444752884,0.09162313673361712,0.8298236386217509,1.1974569848062595
55078,2021-04-18,3,2021-03-21,spatial,1.002207674591028,0.06750745764962575,0.8762481320770453,1.146273739412481
55079,2021-03-28,0,2021-03-21,spatial,979.0597878100436,66.48915809526592,855.4420073056082,1120.541263955256
55079,2021-04-04,1,2021-03-21,spatial,977.5148506401962,86.26583340322519,820.3386328387894,1164.8059045024934
55079,2021-04-11,2,2021-03-21,spatial,980.1018196861377,102.84751043798585,796.9347664711925,1205.3678887741207
55079,2021-04-18,3,2021-03-21,spatial,978.397398483476,99.30072632181046,799.2732348652085,1197.6648630310615
55081,2021-03-28,0,2021-03-21,spatial,16.9907221747156,1.648142568817057,14.033110062742365,20.571679316107172
55081,2021-04-04,1,2021-03-21,spatial,16.909559510281294,1.2315540618084913,14.628770753637436,19.545948709371054
55081,2021-04-11,2,2021-03-21,spatial,16.213904374383468,0.7198576322453084,14.838901808124357,17.71631745131689
55081,2021-04-18,3,2021-03-21,spatial,16.226559278056655,0.7202667384305551,14.848236823190064,17.7328277518487
55083,2021-03-28,0,2021-03-21,spatial,18.004422940780938,1.245074796014345,15.68495750078866,20.666887074078442
55083,2021-04-04,1,2021-03-21,spatial,16.617449930263618,0.3724900965769856,15.888219029739664,17.380150768814207
55083,2021-04-11,2,2021-03-21,spatial,17.962962077241485,1.4144722177161615,15.370343897284654,20.992894416983
55083,2021-04-18,3,2021-03-21,spatial,18.05249667361863,1.6653315708136225,15.030292860616694,21.682387640292482
55085,2021-03-28,0,2021-03-21,spatial,36.93957058441289,2.2685676690553738,32.674056514338915,41.7619365493232
55085,2021-04-04,1,2021-03-21,spatial,36.90545657771649,2.8448546668343813,31.638838949368765,43.04875812255087
55085,2021-04-11,2,2021-03-21,spatial,36.97681569516241,3.6252576717891114,30.413763276203518,44.95612353318363
55085,2021-04-18,3,2021-03-21,spatial,36.821603917851,3.6594981967950115,30.253365118005227,44.81585799776635
55087,2021-03-28,0,2021-03-21,spatial,187.86738523145263,15.330264348680934,159.77246211368006,220.90261342152192
55087,2021-04-04,1,2021-03-21,spatial,187.13958735116358,14.06452662008273,161.0817846292045,217.412696504322
55087,2021-04-11,2,2021-03-21,spatial,186.82764762716212,12.885268168195742,162.8737693017646,214.3044277021033
55087,2021-04-18,3,2021-03-21,spatial,187.14344347285217,18.150659982239485,154.1479382848149,227.20166629907303
55089,2021-03-28,0,2021-03-21,spatial,66.20569024420385,2.7171467481754368,60.98884369007222,71.86877395127537
55089,2021-04-04,1,2021-03-21,spatial,67.01615220981711,1.5206314377211776,64.04531411218878,70.12479709510302
55089,2021-04-11,2,2021-03-21,spatial,68.96499095985189,4.2082053422067665,61.08301332220206,77.86403648759926
55089,2021-04-18,3,2021-03-21,spatial,69.04124862683068,5.474038737059616,58.95023958562168,80.8596206810748
55091,2021-03-28,0,2021-03-21,spatial,4.432586214351299,0.1309465188694783,4.178122413222435,4.702547844332671
55091,2021-04-04,1,2021-03-21,spatial,3.0020555396318955,0.29916561459223245,2.467640754503478,3.652208064154765
55091,2021-04-11,2,2021-03-21,spatial,3.0121258749907662,0.2308921331196089,2.5852622628254234,3.5094707478045764
55091,2021-04-18,3,2021-03-21,spatial,2.997987155770085,0.2304315124168523,2.571619207529228,3.4950458294320588
55093,2021-03-28,0,2021-03-21,spatial,47.00483762827964,3.42575683081594,40.62557149895647,54.38581363754322
55093,2021-04-04,1,2021-03-21,spatial,42.98866375596413,0.9431774206552254,41.14302338410257,44.917097955358614
55093,2021-04-11,2,2021-03-21,spatial,51.171351806322406,2.559798726660703,46.308888094341896,56.544377406598755
55093,2021-04-18,3,2021-03-21,spatial,47.123410519631726,4.622250680208118,38.8148791300756,57.21042725806407
55095,2021-03-28,0,2021-03-21,spatial,23.963991430907573,1.9030693031964,20.469935758483697,28.05445469278556
55095,2021-04-04,1,2021-03-21,spatial,24.03658426430428,1.5671876917385903,21.116202106200944,27.360856852442087
55095,2021-04-11,2,2021-03-21,spatial,23.990930193541555,1.6608857211069858,20.887854462201787,27.554995300877522
55095,2021-04-18,3,2021-03-21,spatial,24.074720378542704,2.386695558134146,19.79306089792495,29.282593748083812
55097,2021-03-28,0,2021-03-21,spatial,18.01932762289011,1.3854662848033312,15.466708891106489,20.993229410799483
55097,2021-04-04,1,2021-03-21,spatial,17.920088334418573,1.7155676384738554,14.828352309188876,21.65645644353663
55097,2021-04-11,2,2021-03-21,spatial,18.06397241137229,1.3445347458175063,15.57333471665308,20.95293687676849
55097,2021-04-18,3,2021-03-21,spatial,17.964297130679434,1.5434925120436078,15.119577426130615,21.344245431198303
55099,2021-03-28,0,2021-03-21,spatial,1.0036209786692425,0.06688977581229431,0.8789041493235557,1.1460351730051983
55099,2021-04-04,1,2021-03-21,spatial,0.997412436464062,0.04799169268906717,0.9062150465974458,1.0977875198038896
55099,2021-04-11,2,2021-03-21,spatial,0.9991231673014282,0.0730788607108413,0.864193779093701,1.1551195201674809
55099,2021-04-18,3,2021-03-21,spatial,0.9980689809984774,0.08192851762310477,0.8471897140805339,1.175818915498124
55101,2021-03-28,0,2021-03-21,spatial,156.89020777772345,7.482499871044062,142.60622670905857,172.60492661905403
55101,2021-04-04,1,2021-03-21,spatial,163.11418919275022,5.598386474415167,152.3157552013235,174.67817876648076
55101,2021-04-11,2,2021-03-21,spatial,149.56719458134663,9.154733899889177,132.38702217882445,168.97687799576914
55101,2021-04-18,3,2021-03-21,spatial,151.18325123510616,10.42608962214384,131.7523113613075,173.47988219605224
55103,2021-03-28,0,2021-03-21,spatial,6.9994629112413325,0.519488637657409,6.034910551795013,8.118178492516472
55103,2021-04-04,1,2021-03-21,spatial,7.0166844910720005,0.5048863616316362,6.0765298074334195,8.102298977785406
55103,2021-04-11,2,2021-03-21,spatial,7.000674442784121,0.5609591941619814,5.9694502109033225,8.210042955770701
55103,2021-04-18,3,2021-03-21,spatial,6.9999543685989645,0.5628001443755071,5.968006590930622,8.21033965293041
55105,2021-03-28,0,2021-03-21,spatial,169.58772885312524,9.499796774182746,151.68992193387282,189.59728774927223
55105,2021-04-04,1,2021-03-21,spatial,168.2767388937311,11.956068429175213,145.9699899211027,193.9923464269226
55105,2021-04-11,2,2021-03-21,spatial,168.28988290915433,14.645511091194289,141.40742078853168,200.2828743473821
55105,2021-04-18,3,2021-03-21,spatial,168.80297983961262,14.05661613666724,142.9899007134856,199.27593389849312
55107,2021-03-28,0,2021-03-21,spatial,1.9985842870116064,0.1260065049049688,1.7619924619791585,2.26694451791414
55107,2021-04-04,1,2021-03-21,spatial,2.0216572182909878,0.05619807782193388,1.912374854056828,2.1371845062686647
55107,2021-04-11,2,2021-03-21,spatial,2.0184403800144826,0.056693703604239726,1.9084177675980456,2.134805930255363
55107,2021-04-18,3,2021-03-21,spatial,2.1560887287764583,0.09573958154537038,1.972848059793639,2.3563490271233265
55109,2021-03-28,0,2021-03-21,spatial,113.479457148679,7.201181647119794,100.00388514229569,128.7708690160921
55109,2021-04-04,1,2021-03-21,spatial,112.90733014180272,8.062844162062715,97.89999904168256,130.21517185431566
55109,2021-04-11,2,2021-03-21,spatial,112.57486188540979,8.48767579627393,96.89949486049879,130.7860226388579
55109,2021-04-18,3,2021-03-21,spatial,90.3178354682153,0.8939371746495006,88.54892663440751,92.12208113309781
55111,2021-03-28,0,2021-03-21,spatial,52.07124868524711,0.5419062865441079,50.99939018948439,53.165634521644144
55111,2021-04-04,1,2021-03-21,spatial,52.08985838668846,0.5145172226815721,51.0710511643753,53.12898961120192
55111,2021-04-11,2,2021-03-21,spatial,52.06723203215167,0.5059845360739117,51.06534783975661,53.08877284057764
55111,2021-04-18,3,2021-03-21,spatial,52.04683256897135,0.5298791903904513,50.9973538760909,53.117908569223594
55113,2021-03-28,0,2021-03-21,spatial,15.966939367466853,1.1080753748561472,13.897115495997898,18.345040943049053
55113,2021-04-04,1,2021-03-21,spatial,16.03145850385478,1.184181644302907,13.833296583767163,18.578916471899127
55113,2021-04-11,2,2021-03-21,spatial,15.983902026221203,1.2653544402811625,13.656263517379776,18.70827431373835
55113,2021-04-18,3,2021-03-21,spatial,16.05008060915383,1.3932829418477242,13.506896078228328,19.07211590793
55115,2021-03-28,0,2021-03-21,spatial,6.010102404334528,0.411907171996788,5.242917879682756,6.889547335952805
55115,2021-04-04,1,2021-03-21,spatial,6.013724008128624,0.4544447660302905,5.17280265107066,6.991350508695173
55115,2021-04-11,2,2021-03-21,spatial,6.006664366583558,0.4160614625962689,5.231743504232707,6.896365768618888
55115,2021-04-18,3,2021-03-21,spatial,6.004560011370847,0.5022098618631856,5.086775789148904,7.087935939119972
55117,2021-03-28,0,2021-03-21,spatial,101.2852837707978,1.0192043902878047,99.26809935588145,103.34345852390119
55117,2021-04-04,1,2021-03-21,spatial,102.1885495908017,5.452787050427622,91.88522723070678,113.64720948289713
55117,2021-04-11,2,2021-03-21,spatial,101.71102287973677,8.555470837003245,86.04771619494635,120.22552872646624
55117,2021-04-18,3,2021-03-21,spatial,101.61821099172964,9.45757537018595,84.45959929423081,122.26272550958024
55119,2021-03-28,0,2021-03-21,spatial,6.007713232507153,0.4898773153260685,5.106329495789604,7.068211777912397
55119,2021-04-04,1,2021-03-21,spatial,6.7394834695041705,0.2119465556959436,6.328653320028867,7.176983022908387
55119,2021-04-11,2,2021-03-21,spatial,6.493580845414362,0.3768169250632168,5.783623342224652,7.290687809506122
55119,2021-04-18,3,2021-03-21,spatial,6.000845672554799,0.4752279905172759,5.126332290038756,7.024544401031681
55121,2021-03-28,0,2021-03-21,spatial,30.004633232467103,3.00802822478548,24.58017423008073,36.62618527386704
55121,2021-04-04,1,2021-03-21,spatial,23.523907815224298,0.6474273613799829,22.2641038874415,24.85499716030845
55121,2021-04-11,2,2021-03-21,spatial,30.030457678109684,1.9726244377314557,26.33744434554277,34.241302099205306
55121,2021-04-18,3,2021-03-21,spatial,29.863532194498163,2.4809633358200425,25.311440697192744,35.2342865742423
55123,2021-03-28,0,2021-03-21,spatial,12.956517972884429,0.7989787309587638,11.456064019878733,14.653493354295534
55123,2021-04-04,1,2021-03-21,spatial,13.032806551887965,1.1057947090310458,11.00175261814159,15.438817115270266
55123,2021-04-11,2,2021-03-21,spatial,13.031033770206232,1.18746774384752,10.878861371505401,15.608971869521806
55123,2021-04-18,3,2021-03-21,spatial,13.000624456529016,1.0226040326383772,11.106891183929276,15.217240671651885
55125,2021-03-28,0,2021-03-21,spatial,14.000156251713806,0.9341029918133056,12.252137607090955,15.997565596958616
55125,2021-04-04,1,2021-03-21,spatial,13.959425269225704,1.1591651886181942,11.835323963284631,16.464741856801403
55125,2021-04-11,2,2021-03-21,spatial,13.975598499387742,1.154651458264233,11.85651442452075,16.473420975404736
55125,2021-04-18,3,2021-03-21,spatial,14.007666232063071,1.2169665829074099,11.788496577683661,16.644591782833984
55127,2021-03-28,0,2021-03-21,spatial,124.829810933557,8.710181473021812,108.56945475807768,143.52546701491326
55127,2021-04-04,1,2021-03-21,spatial,122.63521822298785,8.263388579130043,107.27487391058297,140.19496085481927
55127,2021-04-11,2,2021-03-21,spatial,122.85384456436906,7.054074643580637,109.52237046456385,137.80807574037615
55127,2021-04-18,3,2021-03-21,spatial,123.83393773595074,7.7298506768543485,109.3597864458044,140.22379371407092
55129,2021-03-28,0,2021-03-21,spatial,23.549651314695506,0.8143659227418453,21.976694738475903,25.23519044348343
55129,2021-04-04,1,2021-03-21,spatial,19.087959944263815,1.673161050412713,16.038717079401447,22.716917633128862
55129,2021-04-11,2,2021-03-21,spatial,19.030339253033265,1.2298996461801208,16.726546960147527,21.65143905364341
55129,2021-04-18,3,2021-03-21,spatial,19.279508457699038,1.1622081935051032,17.091518057348072,21.747596973148088
55131,2021-03-28,0,2021-03-21,spatial,117.76898049558895,4.767095532986741,108.61319824866564,127.6965690230083
55131,2021-04-04,1,2021-03-21,spatial,141.48215674573018,12.946821664047242,117.96031120298422,169.69436985443417
55131,2021-04-11,2,2021-03-21,spatial,141.0768840731118,16.377988397535724,112.03741233031862,177.64322475691753
55131,2021-04-18,3,2021-03-21,spatial,142.3591634083906,12.607058864172346,119.36914788456974,169.77696302175374
55133,2021-03-28,0,2021-03-21,spatial,504.9403881264552,46.31474462271165,420.5950845808368,606.2001314527774
55133,2021-04-04,1,2021-03-21,spatial,456.46756554516975,16.52607802127269,424.6067038495968,490.7191443414885
55133,2021-04-11,2,2021-03-21,spatial,461.5859214080768,27.368624037806267,410.10516780770064,519.5290856272468
55133,2021-04-18,3,2021-03-21,spatial,506.1580237356681,41.39826023275196,429.9274386110808,595.9050806798032
55135,2021-03-28,0,2021-03-21,spatial,27.439531082500363,0.2710666146576714,26.90306741024527,27.986692169561767
55135,2021-04-04,1,2021-03-21,spatial,25.97808231053854,1.668016087386367,22.854554647600235,29.528501908654643
55135,2021-04-11,2,2021-03-21,spatial,26.00201433143545,1.6956631162351492,22.828616913988487,29.616544525651232
55135,2021-04-18,3,2021-03-21,spatial,25.943780816100478,2.1549198768571767,21.986950819868177,30.612692435080394
55137,2021-03-28,0,2021-03-21,spatial,6.002720771344474,0.4748433627058525,5.127053158933269,7.0279467643021905
55137,2021-04-04,1,2021-03-21,spatial,5.9888791704794535,0.5564446786505035,4.973354325012591,7.211767224832077
55137,2021-04-11,2,2021-03-21,spatial,6.021896921595726,0.4628963213793307,5.171383115218141,7.0122908565041415
55137,2021-04-18,3,2021-03-21,spatial,4.382769620199177,0.04484557360962469,4.293994010028569,4.473380609958757
55139,2021-03-28,0,2021-03-21,spatial,194.21564562250438,14.379201120790169,167.71982481773762,224.89718818605067
55139,2021-04-04,1,2021-03-21,spatial,198.29744844797662,9.49473669767214,180.21892521369003,218.18950487221602
55139,2021-04-11,2,2021-03-21,spatial,183.54144558681716,8.431076654658519,167.43430408954555,201.1980903870342
55139,2021-04-18,3,2021-03-21,spatial,193.96508077365547,17.12963779185571,162.6410151290577,231.32204708435202
55141,2021-03-28,0,2021-03-21,spatial,23.03773602053302,1.998393432220453,19.37452342563563,27.393565730216284
55141,2021-04-04,1,2021-03-21,spatial,23.01965567371619,2.2800678809676773,18.908938918703672,28.024023432235104
55141,2021-04-11,2,2021-03-21,spatial,22.995881644398054,2.33034619730236,18.806144343280145,28.119031894600948
55141,2021-04-18,3,2021-03-21,spatial,22.90860478944345,1.8036543084969816,19.60118161061249,26.77410902181383
56001,2021-03-28,0,2021-03-21,spatial,24.170151724439435,1.0664101558244172,22.135181895977354,26.39220391898334
56001,2021-04-04,1,2021-03-21,spatial,23.48978696151145,1.098455311365408,21.39752912985135,25.786626490786162
56001,2021-04-11,2,2021-03-21,spatial,23.474971718265305,1.0922697883874724,21.39775961969595,25.75383156777357
56001,2021-04-18,3,2021-03-21,spatial,23.459838851637468,1.0860347887854922,21.389165294799422,25.730973198781857
56003,2021-03-28,0,2021-03-21,spatial,8.001442251714343,0.5087283985616751,7.0486869001279775,9.082979427892745
56003,2021-04-04,1,2021-03-21,spatial,8.953312707711762,0.33150019370534944,8.314217943787796,9.641533212629833
56003,2021-04-11,2,2021-03-21,spatial,7.715949557578901,0.3592708289471144,7.0318910781381065,8.466552868004017
56003,2021-04-18,3,2021-03-21,spatial,7.999584431729637,0.7141455994727062,6.6955888414301645,9.557538940324529
56005,2021-03-28,0,2021-03-21,spatial,33.45728207564553,1.1135952703386378,31.305400685435465,35.7570802283357
56005,2021-04-04,1,2021-03-21,spatial,22.21173091563434,0.7862341066781199,20.693146899715032,23.841757498727304
56005,2021-04-11,2,2021-03-21,spatial,22.89200913062823,0.8265673249522782,21.298071442058987,24.605236369049607
56005,2021-04-18,3,2021-03-21,spatial,21.774762335623933,1.0768438383056025,19.725739176126627,24.03662902258903
56007,2021-03-28,0,2021-03-21,spatial,9.016928301395824,0.4824998577646705,8.104186693042807,10.03246828732497
56007,2021-04-04,1,2021-03-21,spatial,8.97510178637163,0.5177790929807761,8.000552698866915,10.068360913007874
56007,2021-04-11,2,2021-03-21,spatial,9.000142965825605,0.42392682562179057,8.191309758134738,9.88884266339177
56007,2021-04-18,3,2021-03-21,spatial,8.989007240751242,0.4997330115873624,8.044711709106718,10.044145035403703
56009,2021-03-28,0,2021-03-21,spatial,8.130985631202345,0.3481207157275261,7.464549529866916,8.85692124759707
56009,2021-04-04,1,2021-03-21,spatial,7.975323637620369,0.6658437719805834,6.753371944358594,9.418374650298816
56009,2021-04-11,2,2021-03-21,spatial,7.999781339191277,0.6908744854623293,6.730981242463696,9.507752164147881
56009,2021-04-18,3,2021-03-21,spatial,8.639669923525126,0.4380872027791945,7.809084935545169,9.558597070407403
56011,2021-03-28,0,2021-03-21,spatial,0.998926759700259,0.049110458748748,0.9055619721447544,1.1019175958569858
56011,2021-04-04,1,2021-03-21,spatial,0.951029714181962,0.04385696973633543,0.8674140742455003,1.0427056052136872
56011,2021-04-11,2,2021-03-21,spatial,0.9506332410155479,0.04299358911471488,0.8685086881062304,1.0405233376470149
56011,2021-04-18,3,2021-03-21,spatial,1.4147659831405832,0.014107744433645347,1.3868349849147514,1.4432595145231186
56013,2021-03-28,0,2021-03-21,spatial,46.05411550697347,3.381531012181913,39.80822148893132,53.27998779647547
56013,2021-04-04,1,2021-03-21,spatial,46.029377630911156,3.376067819973154,39.7544314733873,53.29477813076871
56013,2021-04-11,2,2021-03-21,spatial,45.90110475942149,2.4905256857782794,41.186469778754784,51.155426271134175
56013,2021-04-18,3,2021-03-21,spatial,55.840769207876455,1.9731733964177156,52.03991240260951,59.919230486079066
56015,2021-03-28,0,2021-03-21,spatial,2.9995671987974912,0.1423515568176082,2.7281008395830244,3.2980464833099905
56015,2021-04-04,1,2021-03-21,spatial,3.0157938837202245,0.16685052668020958,2.7013086260468486,3.366891387895261
56015,2021-04-11,2,2021-03-21,spatial,3.008061290769997,0.20203162926449286,2.630522156637591,3.4397857878508917
56015,2021-04-18,3,2021-03-21,spatial,3.0035859195417465,0.22026872457571195,2.595355233327836,3.4760283525819267
56017,2021-03-28,0,2021-03-21,spatial,1.000399882052111,0.06023491954556001,0.8868820022146653,1.1284476644139172
56017,2021-04-04,1,2021-03-21,spatial,0.9966704557370358,0.052578509285643296,0.8969569718209597,1.1074689517407
56017,2021-04-11,2,2021-03-21,spatial,1.0002800421830664,0.05314696706335796,0.8997598911703699,1.112030190063563
56017,2021-04-18,3,2021-03-21,spatial,1.0133964669819258,0.05713431439197829,0.9051701231378864,1.1345628551363582
56019,2021-03-28,0,2021-03-21,spatial,0.9991838475638845,0.056803654529331886,0.8921767719197294,1.1190252791320063
56019,2021-04-04,1,2021-03-21,spatial,1.0045279729170975,0.07428842645915144,0.8672679652275318,1.1635117274373183
56019,2021-04-11,2,2021-03-21,spatial,0.9979977758511014,0.06407674158210411,0.8778956936678254,1.1345306370537995
56019,2021-04-18,3,2021-03-21,spatial,0.7451975329458757,0.02515160011805236,0.6966450230237493,0.7971338985503499
56021,2021-03-28,0,2021-03-21,spatial,143.93493563907592,7.4794476879301115,129.73112420136317,159.69387319320887
56021,2021-04-04,1,2021-03-21,spatial,143.7700472408587,7.9431547026082825,128.75367953001341,160.5377536322794
56021,2021-04-11,2,2021-03-21,spatial,143.77946718271522,10.959830876403014,123.52128627871502,167.36010291132905
56021,2021-04-18,3,2021-03-21,spatial,144.13658443081758,7.826988695663756,129.27649683054122,160.7048108568029
56023,2021-03-28,0,2021-03-21,spatial,25.016847006981486,0.587813393996943,23.86877129114356,26.220144578742357
56023,2021-04-04,1,2021-03-21,spatial,17.163386462368376,0.20440040234234594,16.759232667720674,17.577286543911587
56023,2021-04-11,2,2021-03-21,spatial,21.87081252929536,0.2720851790410653,21.33319180031879,22.421981912919144
56023,2021-04-18,3,2021-03-21,spatial,24.849959817110964,2.101850095728776,21.011807028628677,29.38921445788339
56025,2021-03-28,0,2021-03-21,spatial,22.86004541892905,0.9888287489815862,20.96821038776303,24.922569303314308
56025,2021-04-04,1,2021-03-21,spatial,22.390597480848413,0.7870519463766656,20.872153947097548,24.019507369486927
56025,2021-04-11,2,2021-03-21,spatial,22.415658701021382,0.7851520712867979,20.90034669720432,24.040833498129768
56025,2021-04-18,3,2021-03-21,spatial,22.36834490537641,0.8019220778334588,20.819354677051304,24.03258225661505
56027,2021-03-28,0,2021-03-21,spatial,1.0004956027023622,0.050202483515314984,0.9058358649095596,1.1050472715900952
56027,2021-04-04,1,2021-03-21,spatial,1.0270125385583977,0.0445660009396599,0.9415065284730036,1.1202840580052422
56027,2021-04-11,2,2021-03-21,spatial,1.0234353768724034,0.0460127183344907,0.9355856990896364,1.119533968564442
56027,2021-04-18,3,2021-03-21,spatial,0.9969545682676428,0.06701860006360932,0.8721404188616408,1.1396311760060749
56029,2021-03-28,0,2021-03-21,spatial,2.002655656898942,0.07925348619057139,1.8501385535372148,2.1677455844815263
56029,2021-04-04,1,2021-03-21,spatial,1.9973340473757029,0.156196830146883,1.7099923654272455,2.3329597122554757
56029,2021-04-11,2,2021-03-21,spatial,1.996953790574844,0.15606317644391507,1.7108863984217837,2.3308528522816183
56029,2021-04-18,3,2021-03-21,spatial,1.999399826316492,0.15907288778333709,1.7074013899378893,2.341335604523456
56031,2021-03-28,0,2021-03-21,spatial,4.453350140959128,0.044153706150629066,4.365932859210285,4.5425177430621275
56031,2021-04-04,1,2021-03-21,spatial,4.4519504894007955,0.04509252328062125,4.362656897427944,4.543071716632362
56031,2021-04-11,2,2021-03-21,spatial,4.450716191427632,0.044121969663399326,4.3633034296585045,4.539880147227447
56031,2021-04-18,3,2021-03-21,spatial,4.452302476352778,0.043085765692160834,4.366968062786259,4.539304399741684
56033,2021-03-28,0,2021-03-21,spatial,15.962434065112296,1.0430740284169897,14.00787991993316,18.189711986356983
56033,2021-04-04,1,2021-03-21,spatial,16.035991773312507,1.1411473059711377,13.910886751977403,18.485739747481784
56033,2021-04-11,2,2021-03-21,spatial,18.004104210618227,1.1818610296321213,15.8011023360367,20.514250305659683
56033,2021-04-18,3,2021-03-21,spatial,16.00299024710522,1.2741974135666063,13.650680051219748,18.760654845621524
56035,2021-03-28,0,2021-03-21,spatial,7.968219699923054,0.5390741967008318,6.9673320970313295,9.112889166470907
56035,2021-04-04,1,2021-03-21,spatial,4.239908140694097,0.04111834731913145,4.158465993043946,4.322945305214643
56035,2021-04-11,2,2021-03-21,spatial,4.2388728279436085,0.04188526264226208,4.15587047964215,4.3235329251709045
56035,2021-04-18,3,2021-03-21,spatial,4.240549092112476,0.04158234830999425,4.1582062811012515,4.324522495274948
56037,2021-03-28,0,2021-03-21,spatial,55.091814863088004,2.726666893406537,49.910264766465886,60.81129962163649
56037,2021-04-04,1,2021-03-21,spatial,55.0943939498505,2.9939900852255854,49.44705097946474,61.38671942158728
56037,2021-04-11,2,2021-03-21,spatial,62.54614390015818,0.6368479459297551,61.285300052457686,63.83292752798411
56037,2021-04-18,3,2021-03-21,spatial,55.01545532131684,1.5829189009962823,51.941929712156494,58.27084863779022
56039,2021-03-28,0,2021-03-21,spatial,55.19327802764336,2.049957592208293,51.25509914800745,59.43404636951453
56039,2021-04-04,1,2021-03-21,spatial,51.40892848980462,0.5070928739365779,50.40449877479668,52.433373859702776
56039,2021-04-11,2,2021-03-21,spatial,64.94588909716515,2.8748073968229413,59.45912616109759,70.93895896137425
56039,2021-04-18,3,2021-03-21,spatial,51.839427883469924,3.3998816211297584,45.48636780679072,59.07981693988511
56041,2021-03-28,0,2021-03-21,spatial,18.843007878762094,0.19224265060550166,18.462500233787136,19.231357693868453
56041,2021-04-04,1,2021-03-21,spatial,16.033018986386573,0.8041865909823036,14.50746500400567,17.718994858636968
56041,2021-04-11,2,2021-03-21,spatial,16.014582256101914,1.2649649923200912,13.68635328280564,18.738873645740046
56041,2021-04-18,3,2021-03-21,spatial,16.00076248692017,1.153087357540754,13.868668287697869,18.46063333924692
56043,2021-03-28,0,2021-03-21,spatial,1.0012873910889548,0.08072742181456954,0.8530948861870624,1.1752226578625693
56043,2021-04-04,1,2021-03-21,spatial,0.9580001457947691,0.04945778619847552,0.8640857371015814,1.0621217778935597
56043,2021-04-11,2,2021-03-21,spatial,0.9917751653046666,0.010243456289262593,0.9714907474525568,1.0124831153506526
56043,2021-04-18,3,2021-03-21,spatial,0.9936592406162256,0.06040591815935838,0.8805305642868172,1.121322446384041
56045,2021-03-28,0,2021-03-21,spatial,0.9995123148796308,0.0675964916436917,0.8737210521114084,1.1434139822793832
56045,2021-04-04,1,2021-03-21,spatial,0.9718218699035744,0.042886113954580064,0.8897330080111155,1.0614844434445
56045,2021-04-11,2,2021-03-21,spatial,0.997144394283263,0.051696867855104925,0.8992371007943064,1.1057116551043784
56045,2021-04-18,3,2021-03-21,spatial,1.0027822167621407,0.06390182702785993,0.8830791661355802,1.1387112422262788
72001,2021-03-28,0,2021-03-21,spatial,4.009893377973433,0.2914553854475397,3.466121654598493,4.6389730381744965
72001,2021-04-04,1,2021-03-21,spatial,3.9888263790402654,0.26887970344946044,3.4865714286139498,4.563433220254612
72001,2021-04-11,2,2021-03-21,spatial,3.999069269460795,0.2178472746695563,3.5879225475236813,4.457330059419334
72001,2021-04-18,3,2021-03-21,spatial,3.9978062106383727,0.1972143806179104,3.6227012421037785,4.4117506329441065
72003,2021-03-28,0,2021-03-21,spatial,6.017032405259137,0.3074429253442313,5.4345266009599165,6.661974744873566
72003,2021-04-04,1,2021-03-21,spatial,5.992714162292727,0.21962974791207512,5.56884431157624,6.448846658594931
72003,2021-04-11,2,2021-03-21,spatial,6.004728931214721,0.4204994237048864,5.2224053247794915,6.904245705763855
72003,2021-04-18,3,2021-03-21,spatial,6.033473824470638,0.4389922549331198,5.220595076352769,6.972922791017188
72005,2021-03-28,0,2021-03-21,spatial,16.994889711369687,1.0778740626730845,14.980462903042172,19.28019702535132
72005,2021-04-04,1,2021-03-21,spatial,17.037929445150972,0.9537266691673512,15.238504427620974,19.04983793893628
72005,2021-04-11,2,2021-03-21,spatial,16.999258685558967,0.890913759451832,15.309482690385526,18.875542805899663
72005,2021-04-18,3,2021-03-21,spatial,16.981689334711408,0.8199882988692877,15.4205348262535,18.700893056555163
72007,2021-03-28,0,2021-03-21,spatial,4.990917639674014,0.21210310939110502,4.584683201066391,5.4331472412783866
72007,2021-04-04,1,2021-03-21,spatial,5.0106050345417135,0.2125462053292167,4.603390966758439,5.4538410909412125
72007,2021-04-11,2,2021-03-21,spatial,4.995539284220999,0.2800819047965505,4.467598728160135,5.585867097440169
72007,2021-04-18,3,2021-03-21,spatial,5.017573317364973,0.30173927702516035,4.449360032536305,5.658351270976298
72009,2021-03-28,0,2021-03-21,spatial,9.9975591807156,0.5621748452728242,8.93705502560565,11.183906699191136
72009,2021-04-04,1,2021-03-21,spatial,9.966879673125364,0.5219623055345318,8.978419676535834,11.064162068317085
72009,2021-04-11,2,2021-03-21,spatial,9.992310701940468,0.5649317420385552,8.930890067470902,11.179879318835797
72009,2021-04-18,3,2021-03-21,spatial,10.015028534061983,0.5858053815417614,8.913340307644773,11.252885346703305
72011,2021-03-28,0,2021-03-21,spatial,8.001417812321796,0.6355542829808642,6.828205894981085,9.376209211031394
72011,2021-04-04,1,2021-03-21,spatial,7.992848192063024,0.5560237445775954,6.959355226040084,9.179819127829814
72011,2021-04-11,2,2021-03-21,spatial,8.019847034696067,0.5060349348988586,7.072416233582689,9.094196995153613
72011,2021-04-18,3,2021-03-21,spatial,7.9872822312902585,0.4773368134483651,7.089950261255352,8.998184062152953
72013,2021-03-28,0,2021-03-21,spatial,34.043527515735214,2.3202815820156037,29.720182653649807,38.9957820657032
72013,2021-04-04,1,2021-03-21,spatial,33.94816578075402,2.534766439921692,29.26944790097821,39.37477617536617
72013,2021-04-11,2,2021-03-21,spatial,34.06555598973922,2.624451535974087,29.227570032759928,39.704364871569716
72013,2021-04-18,3,2021-03-21,spatial,34.04460849450795,2.358051469709995,29.684741811428022,39.044818880591286
72015,2021-03-28,0,2021-03-21,spatial,4.989011813098495,0.2256400030249659,4.557696386733879,5.461144569367219
72015,2021-04-04,1,2021-03-21,spatial,4.999689469466769,0.2850537660628837,4.46187616450364,5.602328229088732
72015,2021-04-11,2,2021-03-21,spatial,4.989126149715504,0.26119761786558154,4.494649138041402,5.538002850345236
72015,2021-04-18,3,2021-03-21,spatial,5.003039211862738,0.3461983729756688,4.357279213461299,5.744502504706987
72017,2021-03-28,0,2021-03-21,spatial,2.9961423340099174,0.09845754097877528,2.805858394730963,3.199330694130462
72017,2021-04-04,1,2021-03-21,spatial,2.9958671092479823,0.156045146202616,2.7002070222848777,3.3239005980656824
72017,2021-04-11,2,2021-03-21,spatial,2.9724008627736085,0.11735019497196494,2.7464148735228684,3.2169818821598093
72017,2021-04-18,3,2021-03-21,spatial,3.0061363112128197,0.1973799480637484,2.6373359393734908,3.426509071779062
72019,2021-03-28,0,2021-03-21,spatial,4.994569838993659,0.2773560115826089,4.472828036162963,5.577171238173722
72019,2021-04-04,1,2021-03-21,spatial,4.9831460626661155,0.1938859510559824,4.611730751978726,5.3844740765081305
72019,2021-04-11,2,2021-03-21,spatial,4.811142726784548,0.2437671500018901,4.349759831931852,5.3214649157334195
72019,2021-04-18,3,2021-03-21,spatial,4.9830856544151345,0.3166486922668119,4.389021954729893,5.657557172271212
72021,2021-03-28,0,2021-03-21,spatial,108.5383897352224,8.433370814178566,92.92966102362959,126.76880466958265
72021,2021-04-04,1,2021-03-21,spatial,109.14351736598324,6.791814063113582,96.426030263408,123.53829511053922
72021,2021-04-11,2,2021-03-21,spatial,108.72701915137941,5.934208581690818,97.48002821861022,121.27165850868656
72021,2021-04-18,3,2021-03-21,spatial,108.79555529793545,6.3908078707178,96.74911877870129,122.3419189962882
72023,2021-03-28,0,2021-03-21,spatial,5.996143011882457,0.32232498200695786,5.385536796958201,6.675979085177509
72023,2021-04-04,1,2021-03-21,spatial,5.99390954164873,0.2826577178237156,5.455046909440867,6.586002318566706
72023,2021-04-11,2,2021-03-21,spatial,6.00331140177054,0.2953067104897129,5.4427140331052914,6.621650075204483
72023,2021-04-18,3,2021-03-21,spatial,5.984374778745179,0.3050832009583532,5.4048581799725115,6.626027973348887
72025,2021-03-28,0,2021-03-21,spatial,78.93210669490499,4.9580206392001385,69.61480422538592,89.49644456550688
72025,2021-04-04,1,2021-03-21,spatial,78.9004413116649,4.664085851833033,70.12848328582598,88.76963178859594
72025,2021-04-11,2,2021-03-21,spatial,78.79991608848084,5.11909108077858,69.22614656103822,89.69770937743347
72025,2021-04-18,3,2021-03-21,spatial,79.1203302629463,5.311853707085243,69.2254717815825,90.42952687515205
72027,2021-03-28,0,2021-03-21,spatial,11.002697730299294,0.6293582886865898,9.817678550585487,12.3307517882742
72027,2021-04-04,1,2021-03-21,spatial,10.998618474387724,0.4609745543349354,10.113562988374275,11.961126705217508
72027,2021-04-11,2,2021-03-21,spatial,11.015807494856267,0.8131046867835591,9.509375174695256,12.760882027942527
72027,2021-04-18,3,2021-03-21,spatial,11.011958899630914,0.4025350873830516,10.236284759007457,11.846411238262439
72029,2021-03-28,0,2021-03-21,spatial,34.04054068635621,1.910978040752576,30.426722948416995,38.083575815375774
72029,2021-04-04,1,2021-03-21,spatial,33.975234873329924,1.882910727859752,30.41431022562843,37.95307459332929
72029,2021-04-11,2,2021-03-21,spatial,34.02665698002296,2.0995686658749597,30.082955900624953,38.48735440296585
72029,2021-04-18,3,2021-03-21,spatial,33.93406796680675,2.1016104351762,29.99165888051835,38.39470745393988
72031,2021-03-28,0,2021-03-21,spatial,108.98849037197293,7.076053196091566,95.76615363108392,124.03642187949474
72031,2021-04-04,1,2021-03-21,spatial,108.83887664470205,6.192707845389393,97.16452889122101,121.91590083807804
72031,2021-04-11,2,2021-03-21,spatial,109.07133016068165,5.447969244736585,98.74170034904695,120.48156980249168
72031,2021-04-18,3,2021-03-21,spatial,109.10082062212022,5.356355077264927,98.92935511731554,120.3180698621241
72033,2021-03-28,0,2021-03-21,spatial,10.00488316958192,0.4909276345433612,9.067593168512287,11.039058036324153
72033,2021-04-04,1,2021-03-21,spatial,9.98513437607683,0.4051340797895807,9.207012142966848,10.829018899955873
72033,2021-04-11,2,2021-03-21,spatial,10.00163149810613,0.4044354877967815,9.225313530908533,10.843277281445113
72033,2021-04-18,3,2021-03-21,spatial,10.0092157460895,0.5907087565355699,8.898897937573304,11.258068196148553
72035,2021-03-28,0,2021-03-21,spatial,16.01966532979168,1.1885574590051395,13.819040795285813,18.570730130999785
72035,2021-04-04,1,2021-03-21,spatial,16.028651171813664,1.0718028962649324,14.033331192316945,18.307674412212435
72035,2021-04-11,2,2021-03-21,spatial,16.008193570684814,0.8515189320746777,14.401014349747994,17.79473689650194
72035,2021-04-18,3,2021-03-21,spatial,16.00535566094737,1.1016155908308891,13.965473272250568,18.343195739913327
72037,2021-03-28,0,2021-03-21,spatial,0.998440561434968,0.059922126372565124,0.8858418781537755,1.1253515771869196
72037,2021-04-04,1,2021-03-21,spatial,1.0014053990691771,0.05986156588902559,0.8886370058748401,1.1284841466822044
72037,2021-04-11,2,2021-03-21,spatial,1.0025440198277282,0.06592182887735354,0.8789609383256516,1.1435030475949963
72037,2021-04-18,3,2021-03-21,spatial,0.996469052227898,0.06147513080948685,0.8810622026856028,1.1269925880616725
72041,2021-03-28,0,2021-03-21,spatial,17.95402734159566,1.3394437441122025,15.465381801077296,20.843138690588948
72041,2021-04-04,1,2021-03-21,spatial,17.97407339823951,1.102395848653784,15.909141404056209,20.30702388772104
72041,2021-04-11,2,2021-03-21,spatial,14.288081070138006,0.4547611151635596,13.406831635348325,15.227256239168241
72041,2021-04-18,3,2021-03-21,spatial,17.94360822053713,1.2671084483901431,15.589372724822555,20.653369552160246
72043,2021-03-28,0,2021-03-21,spatial,13.981594374847365,0.6488002499446691,12.742961223064265,15.340624352598931
72043,2021-04-04,1,2021-03-21,spatial,13.985836528873365,0.6073760943327681,12.82415377324471,15.252750931641224
72043,2021-04-11,2,2021-03-21,spatial,13.1674908394505,0.585287669389455,12.048974160751118,14.389840387557467
72043,2021-04-18,3,2021-03-21,spatial,13.136289092614057,0.5929896896480551,12.005535555923768,14.373543797434804
72045,2021-03-28,0,2021-03-21,spatial,15.006119251701382,0.9236919425415188,13.276549472307794,16.961004473788194
72045,2021-04-04,1,2021-03-21,spatial,14.999688277748476,0.7950263523696205,13.498927891534764,16.667297598553557
72045,2021-04-11,2,2021-03-21,spatial,14.945566003561249,0.9323815245465454,13.198699186530304,16.92363315581599
72045,2021-04-18,3,2021-03-21,spatial,14.974211442981643,1.0321890100892055,13.046364576354428,17.186934109255027
72047,2021-03-28,0,2021-03-21,spatial,12.977325320744187,0.6092225838893202,11.81543076433548,14.25347715537987
72047,2021-04-04,1,2021-03-21,spatial,13.006765493766592,0.6304676420943893,11.807271004338435,14.3281160013754
72047,2021-04-11,2,2021-03-21,spatial,12.983750477716743,0.6517554022224886,11.747107331516215,14.350577696292415
72047,2021-04-18,3,2021-03-21,spatial,12.960313955790493,0.8451720288220806,11.377162817705257,14.763763209159816
72049,2021-03-28,0,2021-03-21,spatial,0.9993045016310468,0.009773635941702838,0.9799461333407851,1.019045285250184
72049,2021-04-04,1,2021-03-21,spatial,1.0000127626734732,0.010256835121910257,0.9797039363074642,1.02074258196712
72049,2021-04-11,2,2021-03-21,spatial,0.9998181459433156,0.009574879462955634,0.9808518933173491,1.0191511397063722
72049,2021-04-18,3,2021-03-21,spatial,1.00009356427732,0.01035303101436873,0.9796016533090182,1.0210141376654067
72051,2021-03-28,0,2021-03-21,spatial,26.014348600091143,1.5755940942076871,23.06119593675085,29.34567378652663
72051,2021-04-04,1,2021-03-21,spatial,26.033254022532674,1.644386638711585,22.959040625690985,29.51910430627221
72051,2021-04-11,2,2021-03-21,spatial,26.004802522201146,1.7770746445905663,22.69015011918989,29.803670344461498
72051,2021-04-18,3,2021-03-21,spatial,26.074656726147424,1.6775859665589017,22.938723585598996,29.63930058485297
72053,2021-03-28,0,2021-03-21,spatial,8.991725997876618,0.713307333948978,7.682499552620251,10.524066531616592
72053,2021-04-04,1,2021-03-21,spatial,9.0021165223805,0.4712715568581469,8.108975575717508,9.993630036966227
72053,2021-04-11,2,2021-03-21,spatial,8.993870233069973,0.4476419446304954,8.142081302682097,9.934769595417348
72053,2021-04-18,3,2021-03-21,spatial,8.989347348989781,0.5179257850769341,8.010195711365524,10.08818868759125
72054,2021-03-28,0,2021-03-21,spatial,6.573661466329192,0.18490833683831426,6.214057084288656,6.954075974480367
72054,2021-04-04,1,2021-03-21,spatial,6.5753278378263245,0.18525758539103168,6.214923204750072,6.956632407275655
72054,2021-04-11,2,2021-03-21,spatial,7.0127832726505135,0.4283652491639011,6.205151047161771,7.925532973393341
72054,2021-04-18,3,2021-03-21,spatial,7.051027941369034,0.4476159614979267,6.2145425347554095,8.000105358024326
72055,2021-03-28,0,2021-03-21,spatial,2.0005400914719598,0.11345822374297865,1.786420593265759,2.2403238479636425
72055,2021-04-04,1,2021-03-21,spatial,2.0012880800815136,0.10544766795906108,1.8004468852539373,2.2245332602030405
72055,2021-04-11,2,2021-03-21,spatial,2.0029953554815934,0.0903124471069983,1.8304309966282202,2.1918282642018183
72055,2021-04-18,3,2021-03-21,spatial,1.9961639185672675,0.1317257491286554,1.7507185124605829,2.2760200234528245
72057,2021-03-28,0,2021-03-21,spatial,17.021363290986653,0.922390330475384,15.273040617888048,18.96981848816764
72057,2021-04-04,1,2021-03-21,spatial,16.976918325906478,0.5956147822098067,15.828862221921108,18.208242121493388
72057,2021-04-11,2,2021-03-21,spatial,17.021254731110176,0.7701762232622159,15.55130455909575,18.630148456058976
72057,2021-04-18,3,2021-03-21,spatial,16.98602927683044,1.1167001519442972,14.909588303913901,19.351653762136433
72059,2021-03-28,0,2021-03-21,spatial,6.020483414217748,0.2866144856089827,5.474855175760443,6.620489378668628
72059,2021-04-04,1,2021-03-21,spatial,5.987664480355091,0.4589137341354651,5.137821805016552,6.9780788999533065
72059,2021-04-11,2,2021-03-21,spatial,5.9912347488523565,0.3902884058400101,5.261695942676676,6.8219247571337
72059,2021-04-18,3,2021-03-21,spatial,6.003929368035946,0.3947388406379932,5.264839291719423,6.846774584945023
72061,2021-03-28,0,2021-03-21,spatial,42.90226102165319,1.6316225548062175,39.770859478469426,46.28021684486105
72061,2021-04-04,1,2021-03-21,spatial,43.028065556287224,2.625518773646279,38.11820175365539,48.5703506550806
72061,2021-04-11,2,2021-03-21,spatial,43.052131942016395,2.728088890896039,37.954515911895434,48.83440139390321
72061,2021-04-18,3,2021-03-21,spatial,42.96289222360247,2.6076078668574776,38.05944527523195,48.49808227284084
72063,2021-03-28,0,2021-03-21,spatial,25.04748895478816,1.2462341199569982,22.679531091662998,27.662684047769343
72063,2021-04-04,1,2021-03-21,spatial,24.985371295658894,1.6323708073976215,21.920537480286907,28.478716789829587
72063,2021-04-11,2,2021-03-21,spatial,24.977246231063667,1.3997226741723692,22.331999738757116,27.935824672452966
72063,2021-04-18,3,2021-03-21,spatial,24.980758329510035,1.363864622675703,22.402827368451856,27.855336134767047
72065,2021-03-28,0,2021-03-21,spatial,10.011695369856279,0.64665950955762,8.803824107951707,11.385284729651653
72065,2021-04-04,1,2021-03-21,spatial,10.012311499164088,0.3867808190389941,9.269201634283839,10.814996319155881
72065,2021-04-11,2,2021-03-21,spatial,9.997209042989864,0.4646368801835255,9.112409192134113,10.967921494955554
72065,2021-04-18,3,2021-03-21,spatial,9.991569758863603,0.7171738144077658,8.661578088492151,11.525782626017618
72067,2021-03-28,0,2021-03-21,spatial,3.0061121238177915,0.16573340945606785,2.6938570551501098,3.3545618479228336
72067,2021-04-04,1,2021-03-21,spatial,2.9963103817633163,0.14363309133272972,2.7223883285193025,3.29779400308613
72067,2021-04-11,2,2021-03-21,spatial,3.0053611575409627,0.17749758918528552,2.671827702191845,3.3805307429990163
72067,2021-04-18,3,2021-03-21,spatial,3.0049526993453033,0.14828925874187432,2.7227442070989443,3.3164116929381766
72071,2021-03-28,0,2021-03-21,spatial,13.987339196331039,0.9684384303789983,12.191512309614597,16.047693905777926
72071,2021-04-04,1,2021-03-21,spatial,13.959746298674967,0.9945993317561509,12.108942356686706,16.09343830229379
72071,2021-04-11,2,2021-03-21,spatial,13.99013883894974,0.5750738151408092,12.887347724446904,15.187297566419165
72071,2021-04-18,3,2021-03-21,spatial,13.984365563263161,0.8222323103994889,12.442501324912355,15.717296313678155
72073,2021-03-28,0,2021-03-21,spatial,4.985241282730126,0.2298081246726421,4.546262116878047,5.4666075136255445
72073,2021-04-04,1,2021-03-21,spatial,4.9952585264581755,0.33272479242728803,4.374629008598179,5.703936881758349
72073,2021-04-11,2,2021-03-21,spatial,4.995426500925813,0.2718959203322083,4.482663488723184,5.566843460127708
72073,2021-04-18,3,2021-03-21,spatial,4.993399001674601,0.2739373387553387,4.4772701862617685,5.569025891364224
72075,2021-03-28,0,2021-03-21,spatial,20.011203532181682,1.0852960967152487,17.959856510019534,22.296852237265725
72075,2021-04-04,1,2021-03-21,spatial,19.971634990622185,0.9976061118732171,18.082300245835093,22.05837746171234
72075,2021-04-11,2,2021-03-21,spatial,19.928455211697703,1.2193132454740787,17.6519296998262,22.498578562124663
72075,2021-04-18,3,2021-03-21,spatial,20.04237605303821,1.0830211176241014,17.998908338037392,22.317844521852866
72077,2021-03-28,0,2021-03-21,spatial,33.047838145086196,2.343918614577672,28.689184290468678,38.068688011692906
72077,2021-04-04,1,2021-03-21,spatial,33.06518996315614,2.3412377794217525,28.71191942684841,38.07849872541976
72077,2021-04-11,2,2021-03-21,spatial,32.958076524988016,2.1447457494467153,28.951404893085567,37.51924344391281
72077,2021-04-18,3,2021-03-21,spatial,33.03682490097916,2.2661395717546253,28.81509160411799,37.87708935764685
72079,2021-03-28,0,2021-03-21,spatial,3.0167313060655214,0.20145052526498064,2.6409195699560817,3.4460223160628582
72079,2021-04-04,1,2021-03-21,spatial,3.0079496257687444,0.2269694005372898,2.588748201153494,3.4950332161045363
72079,2021-04-11,2,2021-03-21,spatial,2.9973861327509987,0.15017146573637935,2.7118003456945794,3.3130476006731304
72079,2021-04-18,3,2021-03-21,spatial,3.008102531838964,0.15062080775678996,2.7214442393257365,3.3249554450903904
72081,2021-03-28,0,2021-03-21,spatial,21.580843808233986,1.1159277193462207,19.468966575380012,23.921804871982573
72081,2021-04-04,1,2021-03-21,spatial,21.01573334726453,1.4919213746660804,18.24476487318864,24.20754946381159
72081,2021-04-11,2,2021-03-21,spatial,20.99047389605543,1.248320689355019,18.643648472944122,23.632713040067678
72081,2021-04-18,3,2021-03-21,spatial,20.980124641718835,1.2440847811233302,18.648334514523658,23.60348210395137
72083,2021-03-28,0,2021-03-21,spatial,2.000542956329316,0.11230988561551616,1.7875198021329757,2.238952606479216
72083,2021-04-04,1,2021-03-21,spatial,2.0006232960330803,0.08756368350820304,1.8336645330625567,2.182783982817928
72083,2021-04-11,2,2021-03-21,spatial,2.001882264688143,0.12310589639842233,1.770501622465782,2.263501230849836
72083,2021-04-18,3,2021-03-21,spatial,2.001506304453742,0.11326572783613045,1.7879122971531425,2.240617447034059
72085,2021-03-28,0,2021-03-21,spatial,29.006827021900417,1.7841092066715272,25.6674054421401,32.780719335857356
72085,2021-04-04,1,2021-03-21,spatial,28.977737257647053,1.547104636310841,26.050159233876677,32.23432336955678
72085,2021-04-11,2,2021-03-21,spatial,29.055923820740052,1.6086601572869974,26.016452462033065,32.45049302200963
72085,2021-04-18,3,2021-03-21,spatial,29.041857909290083,2.0875899166339984,25.1700170978727,33.50929431409402
72087,2021-03-28,0,2021-03-21,spatial,23.983688493463664,1.216319101636789,21.67687846209827,26.5359846325319
72087,2021-04-04,1,2021-03-21,spatial,23.980250532869572,1.2750355760002865,21.569738187042564,26.66014814981104
72087,2021-04-11,2,2021-03-21,spatial,24.02611676989124,1.3787355607739882,21.426935816999897,26.940589731101998
72087,2021-04-18,3,2021-03-21,spatial,23.982071963842355,1.4478264038805635,21.262233530072734,27.049828742848245
72089,2021-03-28,0,2021-03-21,spatial,3.99697305978926,0.15015758312340394,3.707513828556032,4.309031437086567
72089,2021-04-04,1,2021-03-21,spatial,3.9946624626142,0.1977420902292237,3.618025583455199,4.41050728419111
72089,2021-04-11,2,2021-03-21,spatial,4.005853220565034,0.2259407073561084,3.5794534505525695,4.483047550802499
72089,2021-04-18,3,2021-03-21,spatial,3.9984561712985767,0.2348094792055593,3.556475099388753,4.495364456943181
72091,2021-03-28,0,2021-03-21,spatial,16.965985449786665,1.1835788243676166,14.765487988292554,19.494422569074768
72091,2021-04-04,1,2021-03-21,spatial,16.37349580016569,0.7964825814101667,14.863460921250901,18.036940799887482
72091,2021-04-11,2,2021-03-21,spatial,16.982538633523845,0.9991369687977648,15.102462147642248,19.09666222763254
72091,2021-04-18,3,2021-03-21,spatial,16.9980952315186,0.9245840099855324,15.249802482464814,18.94681861171719
72093,2021-03-28,0,2021-03-21,spatial,1.0003394314782592,0.009892353277622598,0.9807512843716552,1.0203188046920164
72093,2021-04-04,1,2021-03-21,spatial,0.999438097101354,0.009842049456640738,0.97994021917791,1.0193239244487295
72093,2021-04-11,2,2021-03-21,spatial,0.9996038215397448,0.009983415891097896,0.979829930671624,1.0197767681499128
72093,2021-04-18,3,2021-03-21,spatial,1.0000329945282624,0.009707921834360091,0.9808164034504224,1.0196260856027926
72095,2021-03-28,0,2021-03-21,spatial,4.007313592333428,0.26276523888161124,3.5184988930971923,4.5640378795641885
72095,2021-04-04,1,2021-03-21,spatial,4.0018017875051735,0.1933314201949419,3.633496837320448,4.407439517214375
72095,2021-04-11,2,2021-03-21,spatial,4.002568305400873,0.24696500664395,3.5383956183435266,4.527631946056816
72095,2021-04-18,3,2021-03-21,spatial,4.001084224439197,0.2123963424265925,3.5987058067443702,4.448453369279088
72097,2021-03-28,0,2021-03-21,spatial,10.000579141643076,0.6207148300882015,8.833957657623332,11.321265852113385
72097,2021-04-04,1,2021-03-21,spatial,10.026056864574985,0.6137216597785992,8.875227279081805,11.326111781792106
72097,2021-04-11,2,2021-03-21,spatial,9.97828089501657,0.5398869756802825,8.956612991474097,11.116488980223966
72097,2021-04-18,3,2021-03-21,spatial,10.004285072860688,0.6831254069947374,8.735758211658268,11.457015795777664
72099,2021-03-28,0,2021-03-21,spatial,23.111704376100416,1.5080174839103822,20.296025395148234,26.318004080540213
72099,2021-04-04,1,2021-03-21,spatial,23.08791545051698,1.1703782109312029,20.872753135266308,25.538166258938972
72099,2021-04-11,2,2021-03-21,spatial,23.01009839133697,1.127129442463238,20.867138784460835,25.373130137673
72099,2021-04-18,3,2021-03-21,spatial,23.025106396034328,1.1603045831630476,20.82046563893858,25.46319250215042
72101,2021-03-28,0,2021-03-21,spatial,4.9857242054221915,0.28842199562582344,4.441610872267821,5.596493382105062
72101,2021-04-04,1,2021-03-21,spatial,4.995310809208954,0.3053012836052573,4.422766665828099,5.641972992470246
72101,2021-04-11,2,2021-03-21,spatial,5.013715862136326,0.28752494340175644,4.4731127716453045,5.619654149025929
72101,2021-04-18,3,2021-03-21,spatial,5.013995020096245,0.2478750685673527,4.5425897983411865,5.534320107602573
72103,2021-03-28,0,2021-03-21,spatial,2.9974877529378414,0.16796156224242592,2.6797343669936606,3.352919207097516
72103,2021-04-04,1,2021-03-21,spatial,3.004402712724365,0.1115834253361844,2.789284762555256,3.2361112000470085
72103,2021-04-11,2,2021-03-21,spatial,2.9985328042945714,0.08016308498785864,2.8426998406057367,3.1629083204629773
72103,2021-04-18,3,2021-03-21,spatial,3.0015748438149332,0.12373318107702612,2.763742345812457,3.2598739012967326
72105,2021-03-28,0,2021-03-21,spatial,14.01397044980832,0.913589959515034,12.301469049650375,15.964871104047727
72105,2021-04-04,1,2021-03-21,spatial,13.985149310454853,0.8236087823394868,12.437995718490274,15.724752256101908
72105,2021-04-11,2,2021-03-21,spatial,13.98710836017327,0.7168794876137721,12.630255845392206,15.48972583564904
72105,2021-04-18,3,2021-03-21,spatial,14.00849661419189,0.8417740127735731,12.430271718529012,15.787102794969973
72107,2021-03-28,0,2021-03-21,spatial,10.003082988047533,0.7398546677210717,8.63315964022126,11.590387926986313
72107,2021-04-04,1,2021-03-21,spatial,9.987981445993883,0.6179157015563477,8.829110549900893,11.29896072788871
72107,2021-04-11,2,2021-03-21,spatial,9.990351703688976,0.667355521563749,8.743581402043814,11.41490226648674
72107,2021-04-18,3,2021-03-21,spatial,10.000945129526984,0.7127684239803166,8.676813408190572,11.527146981102018
72109,2021-03-28,0,2021-03-21,spatial,0.9990618030024068,0.060598062009926214,0.8848917255176436,1.1279622776837892
72109,2021-04-04,1,2021-03-21,spatial,1.0010018886819398,0.07176717103278217,0.8682649163953761,1.1540311743847247
72109,2021-04-11,2,2021-03-21,spatial,1.0021988401656052,0.08624180914204721,0.8448354548177961,1.1888735368544658
72109,2021-04-18,3,2021-03-21,spatial,1.0031201743189768,0.07819735776375251,0.8591436387450218,1.171224506295124
72111,2021-03-28,0,2021-03-21,spatial,0.9995269799344056,0.06340271405694815,0.8808557583314129,1.1341859029329404
72111,2021-04-04,1,2021-03-21,spatial,0.9979515276515444,0.047975177470779416,0.906752097661444,1.098323625730277
72111,2021-04-11,2,2021-03-21,spatial,1.0020440617521529,0.06423803150671377,0.8819409785918517,1.1385028318969068
72111,2021-04-18,3,2021-03-21,spatial,1.0049511669775462,0.06451065759471072,0.8838436868211035,1.1426532350328915
72113,2021-03-28,0,2021-03-21,spatial,52.22332601844305,0.5161377803823043,51.20192308972955,53.26510443072882
72113,2021-04-04,1,2021-03-21,spatial,61.02089216373442,3.1853979587105226,54.99459817432201,67.70754590578494
72113,2021-04-11,2,2021-03-21,spatial,60.950695115458444,3.336564740581712,54.634515532609385,67.99707472175216
72113,2021-04-18,3,2021-03-21,spatial,60.9434856445924,3.338179486665634,54.633701204942554,67.98200306034978
72115,2021-03-28,0,2021-03-21,spatial,10.962743201583418,0.9794976404866812,9.18464173466568,13.085076367242547
72115,2021-04-04,1,2021-03-21,spatial,11.019119313413317,0.6176253739900233,9.853886644161188,12.3221419961417
72115,2021-04-11,2,2021-03-21,spatial,11.002307364951308,0.6933721334027635,9.700452164741582,12.478878849879527
72115,2021-04-18,3,2021-03-21,spatial,11.020076637169344,0.5452865865983185,9.983442981633766,12.164349444625357
72117,2021-03-28,0,2021-03-21,spatial,11.016369524962835,0.7029143061335908,9.697839623699098,12.514168332290776
72117,2021-04-04,1,2021-03-21,spatial,11.002031321415831,0.7605847762220213,9.586044192334057,12.627178716139676
72117,2021-04-11,2,2021-03-21,spatial,10.994462190224144,0.71259301998074,9.663247603591184,12.509065669324865
72117,2021-04-18,3,2021-03-21,spatial,11.008747148724202,0.6168752020670181,9.843650175369524,12.31174530031425
72119,2021-03-28,0,2021-03-21,spatial,27.96632500646948,1.4868552757444784,25.155328620714226,31.09143776891251
72119,2021-04-04,1,2021-03-21,spatial,27.95374315579304,1.5278266832577585,25.056200952994747,31.186362125925204
72119,2021-04-11,2,2021-03-21,spatial,28.006048622594207,1.2222313133373173,25.675879634600157,30.547687970703702
72119,2021-04-18,3,2021-03-21,spatial,28.02439258901391,2.142185746902989,24.071619952453677,32.62624540992404
72121,2021-03-28,0,2021-03-21,spatial,6.007521128985765,0.33780085780548297,5.371874852937848,6.718382520671124
72121,2021-04-04,1,2021-03-21,spatial,6.029945425110009,0.3679979808842864,5.338785028545857,6.8105836131987285
72121,2021-04-11,2,2021-03-21,spatial,5.986086635631991,0.3724534071033001,5.285538306454432,6.7794860488541335
72121,2021-04-18,3,2021-03-21,spatial,6.003838236119428,0.3998102941143066,5.256907588285987,6.856896941808796
72123,2021-03-28,0,2021-03-21,spatial,6.011506525687271,0.5040087376626438,5.087114966940887,7.103871436605688
72123,2021-04-04,1,2021-03-21,spatial,6.003235509530605,0.37359313444671205,5.303248001693676,6.79561592657549
72123,2021-04-11,2,2021-03-21,spatial,6.689800012186889,0.2644782550332893,6.18078395344686,7.240735890484878
72123,2021-04-18,3,2021-03-21,spatial,5.982243663707835,0.4226290958278408,5.197565072320693,6.885385513027097
72125,2021-03-28,0,2021-03-21,spatial,5.985399721917901,0.4451366526889778,5.161032525466188,6.941442367271048
72125,2021-04-04,1,2021-03-21,spatial,5.982936613185098,0.4048887810751224,5.226776542796337,6.848490694848048
72125,2021-04-11,2,2021-03-21,spatial,5.998411841661367,0.3283470210357733,5.377048863849699,6.691578509558637
72125,2021-04-18,3,2021-03-21,spatial,5.991432810944729,0.26107587304182905,5.491210878065492,6.537222467899714
72127,2021-03-28,0,2021-03-21,spatial,199.7231875703642,14.438714910877993,172.94858180089543,230.64283752953187
72127,2021-04-04,1,2021-03-21,spatial,199.82100685676696,8.112864861682024,184.25639550423716,216.70040093850602
72127,2021-04-11,2,2021-03-21,spatial,199.94513005679298,11.610364113303447,178.0188962852129,224.57197447947902
72127,2021-04-18,3,2021-03-21,spatial,199.458695653318,13.790810457908492,173.79782594890733,228.90833676721851
72129,2021-03-28,0,2021-03-21,spatial,56.038364379789954,2.9197551550697325,50.50477743666046,62.17824217323703
72129,2021-04-04,1,2021-03-21,spatial,56.085330823686284,2.5023821223929783,51.30562051569346,61.31032627585434
72129,2021-04-11,2,2021-03-21,spatial,55.84667274477648,3.8334095267252217,48.700041822001886,64.0420570491813
72129,2021-04-18,3,2021-03-21,spatial,55.850852692877346,3.9666721214395713,48.506346097089185,64.30741536948446
72131,2021-03-28,0,2021-03-21,spatial,23.955935015074054,1.2701510076403022,21.549273344162575,26.631376997308806
72131,2021-04-04,1,2021-03-21,spatial,23.94947078040975,1.2923390187404131,21.50814892137071,26.66789935101242
72131,2021-04-11,2,2021-03-21,spatial,24.07698737717043,1.8255474518194843,20.701777351050104,28.002490381871425
72131,2021-04-18,3,2021-03-21,spatial,23.988821734663606,1.5779202538967751,21.02668878458942,27.36824490593257
72133,2021-03-28,0,2021-03-21,spatial,4.9901864801156295,0.318574607595466,4.3922460611533305,5.669527790478562
72133,2021-04-04,1,2021-03-21,spatial,4.990047746967296,0.3264131446471909,4.379821599694584,5.6852946975625125
72133,2021-04-11,2,2021-03-21,spatial,4.993781945339684,0.30774426956076856,4.412934205022625,5.6510831476293815
72133,2021-04-18,3,2021-03-21,spatial,5.006848367742865,0.4011270884849888,4.267619861544377,5.874124545033291
72135,2021-03-28,0,2021-03-21,spatial,40.801297101335,1.4476303259555925,38.0103373075242,43.79718684637583
72135,2021-04-04,1,2021-03-21,spatial,40.817713461968296,1.4381670125022434,38.04227513351614,43.79563857355858
72135,2021-04-11,2,2021-03-21,spatial,38.02102151111872,2.600607258794952,33.18476579570868,43.56209971913954
72135,2021-04-18,3,2021-03-21,spatial,37.93270521684191,2.4938240751538974,33.27330898017594,43.24457558234164
72137,2021-03-28,0,2021-03-21,spatial,54.19039224378775,3.862960295272592,47.04399221560887,62.422393875008524
72137,2021-04-04,1,2021-03-21,spatial,54.03810175453908,3.401122221645493,47.6683955264315,61.258962232424075
72137,2021-04-11,2,2021-03-21,spatial,54.06468876755085,3.741294584354584,47.08303573244909,62.081608079439256
72137,2021-04-18,3,2021-03-21,spatial,53.99807098800882,3.693267982311666,47.145652525124866,61.84645909550529
72139,2021-03-28,0,2021-03-21,spatial,44.024195248057474,3.129259774351179,38.21396183642426,50.71784431918614
72139,2021-04-04,1,2021-03-21,spatial,44.11103913657827,2.870811030756482,38.73292996910795,50.23590457165595
72139,2021-04-11,2,2021-03-21,spatial,43.887916147721796,2.4457392018831365,39.270915158721316,49.04772847804894
72139,2021-04-18,3,2021-03-21,spatial,44.017767238012674,2.891691687924097,38.604285680477574,50.19038167567235
72141,2021-03-28,0,2021-03-21,spatial,21.078187317550498,1.73851609492471,17.885760504524733,24.840429932031704
72141,2021-04-04,1,2021-03-21,spatial,21.026062415985685,1.6408291810544835,18.005522093961932,24.553317499700853
72141,2021-04-11,2,2021-03-21,spatial,21.015169760148453,1.1956532982679657,18.759087546130164,23.54258217313795
72141,2021-04-18,3,2021-03-21,spatial,20.997694443124754,1.0545890318686002,18.996711002534358,23.209447775881372
72143,2021-03-28,0,2021-03-21,spatial,13.980600121041222,0.7712823893143722,12.523384777205164,15.60737637800808
72143,2021-04-04,1,2021-03-21,spatial,13.98404119871478,0.8616682513972665,12.37265782397994,15.80528703124259
72143,2021-04-11,2,2021-03-21,spatial,14.008937345072447,0.8048251260701573,12.4955048262095,15.70567402179122
72143,2021-04-18,3,2021-03-21,spatial,13.984217811711511,0.666825215424254,12.713154825598393,15.382361851806117
72145,2021-03-28,0,2021-03-21,spatial,24.00320068208396,1.4291705133832098,21.3220007701485,27.021556241149284
72145,2021-04-04,1,2021-03-21,spatial,24.049424425945173,1.3997597980544452,21.41619751599995,27.006419547034287
72145,2021-04-11,2,2021-03-21,spatial,23.998709339403227,1.3568284540823927,21.438270128915807,26.864949760117923
72145,2021-04-18,3,2021-03-21,spatial,23.950804450067444,1.6060452246615704,20.953830853177205,27.376427624373513
72147,2021-03-28,0,2021-03-21,spatial,4.010700589077072,0.29667873470728245,3.461853491513798,4.646562673624066
72147,2021-04-04,1,2021-03-21,spatial,3.996861401984095,0.2519773538339782,3.5275481194177316,4.528613225354707
72147,2021-04-11,2,2021-03-21,spatial,3.995675342459408,0.2509400170187772,3.5245430719641613,4.529784745527558
72147,2021-04-18,3,2021-03-21,spatial,4.000484453596199,0.19889638688589786,3.623119465088029,4.4171537863094015
72149,2021-03-28,0,2021-03-21,spatial,1.9959270763079109,0.08216526566818275,1.838347530732673,2.1670140315369704
72149,2021-04-04,1,2021-03-21,spatial,2.0060686858589234,0.12176598077665855,1.7767796244459488,2.2649469394037234
72149,2021-04-11,2,2021-03-21,spatial,2.0007078880086993,0.10020120341176507,1.8103850873304608,2.21103901106625
72149,2021-04-18,3,2021-03-21,spatial,1.990472629754652,0.12466783658416633,1.7562123664402614,2.255980748975764
72151,2021-03-28,0,2021-03-21,spatial,15.963911667643519,0.8562251196803097,14.340795977199802,17.770734353762585
72151,2021-04-04,1,2021-03-21,spatial,16.007221877723747,0.58243503235873,14.884115803764114,17.215073815663153
72151,2021-04-11,2,2021-03-21,spatial,16.453939571032354,0.650786732563898,15.200752334571998,17.810442631279628
72151,2021-04-18,3,2021-03-21,spatial,15.992365084947634,0.8926460722678298,14.306818644992447,17.876492835796842
72153,2021-03-28,0,2021-03-21,spatial,7.0237693978670395,0.5264422160821555,6.0513661910877445,8.152429550052688
72153,2021-04-04,1,2021-03-21,spatial,6.998919874053162,0.3346628575681745,6.361851557589571,7.699783460835122
72153,2021-04-11,2,2021-03-21,spatial,6.98344393363176,0.4253929781845561,6.184529772452988,7.8855613876097514
72153,2021-04-18,3,2021-03-21,spatial,7.0216387349090095,0.5752559372725179,5.967740399217075,8.2616547010059
